barcode,count
ATCAATTCACCCATGC,400967
CACCGCTAAATGTATA,391845
GCGATTCACGCGTTGG,255220
TACCCAATTACTAATC,253503
TACCCATGGATACGAT,242177
TACGTCGCAATGGTCC,233720
CCATCTAGTGGCTAGG,219310
AGTAGACTCCCTCCAT,201109
GTGCAGTAGTAAAGTA,199250
CAGACCGCACTCTTCA,166729
ACATAAACACTGTTTA,161465
CATTATGCGAGCTAAG,153978
ATATAGACACGTGACC,151615
CGTGGCGTTTACACTA,148674
TTAAATTATCATACAT,131749
GCGTATAAAACCAGAC,127087
ATACATTGAAAAAAAA,116543
CTACAGCTTTATATTT,95421
ACTTCAAACCGAGAAG,88279
GATAGCAACCCATTAT,84712
ATGACAAAATGACTTT,84472
GTTTGTAACAACCTTT,83046
CCTCAACCTAAGCGCA,68182
TAAACATCTCAGTGAC,63135
AACGCTTGATAGTAAA,61667
TTTCTGAGTTACATCT,60887
TCATCCACTAGACACC,58023
CCTCCTTCAGATCCTT,52858
CTAATCATATAGAATA,48618
AAGGAATTTCTAGTGC,43864
GTGCAACTCTAAAAAA,43679
TATGGACGGTTAACTA,42109
AATACCATTTATAACT,39890
AAATATAAACAGCTAG,38741
AATGTTGTTAAAACAT,38667
CATTTGGAGGGTGCCT,38023
GCATAGAGACTACTTG,35562
CAATAGACAACATCGA,33854
GCATGCCTAGTTTGAA,33443
ATACTCAGCCTTCCCC,33254
AAAAACTATAGTCTAA,32666
GAAAGTCTGTAAGGCC,32631
ACGACAGACAGTTGCA,32281
AAAACAATCATAACTC,31786
AAACTATGGGTACTCA,31259
CGAGAGTATCTAAGTC,29421
AGTTAGATTTAAGTGG,28836
GACTTCAGTTCACAAC,28701
ATTACTATCTAACAGC,28426
TCATGACATTTGAATG,27154
GATGGCTCCATGCATT,26559
TTTTTAGCAACATAAT,25971
GCTAATGTCGGTTCAC,25953
CCAGAAGTTTCATCTA,25386
AGGAAAGGTCCGGAAG,24442
TGCATCTCAATTGTAT,24355
GATTTCCTAACAAATT,24279
ATGCCAAAAAATTATC,24005
AAAATAATACAATCTT,23995
ACTAGGTACAGACATT,23458
ACCTATCCCAAACAAT,23292
ATCCCGGAGATATAAA,23228
AACAACATTGGAATAA,22977
TACTGAACAGAGAGAT,22932
TAACATCCCCTAGATA,22884
TACGTATTCAGCATAC,22820
ACTATTCATTCCAGAT,22675
CGTCAAAACCAATCCT,20968
TTGGCACGTAACACAC,20935
CAAAAATGATAGGACA,20729
TGTTTCTAATGATCAT,20723
ACAAGTTTTCTGTTGG,20297
TCGGCATAAATAAAGA,20186
ATTAGATGAGTGATGG,19873
TCCGTAAAGCGATAAC,19682
CATAACACACACATCT,19617
CTATCAGGCCGCGTAC,19406
ATTACGCACTCCTATT,19363
CGTTGACGATTTGACT,19019
AATATGCACAATCGAC,18850
TATAGTAGAAGACCGA,18839
CCACCTTCAGCGTCGC,18807
ATTCTGAATGCAAAGT,18693
CATAAAAGACGCATCA,18657
TGGTTTTGAGACCTCA,18629
TTACAAAATGCAACGT,18410
TACGTGAAATTATAAC,18012
TAACGATTTATAGTTC,17914
CTATAAGATGTCTTCC,17903
TCGAACGAATCGCGTT,17499
TAATGTCTCGACCATT,17416
GAAGTCAGGACAGATT,17192
ACCAACATAAAGCACA,16803
GTACATGTTCTACGCC,16570
CGCTTGAGCTTAAAGA,16361
CTCCCAGAGCGCAGAG,16189
TTTATACACGCTAAGA,16036
TCATAGTGAGATATGA,15733
TATGCATCCATGATGC,15421
TAATCACAGCTTGGAA,15322
TCCAGATAACATCTTA,15014
CAGCACAAGTTAAAAC,14855
CCGAGGCACATACTTA,14845
CGCCAAAGTAATATGC,14775
CTTATCTATGTTAGAT,14648
AGGCATGGTATCGTTA,14272
GATAACTCTTGACACG,14152
CAACCATAGTATGATG,14133
GAATATAACGACCACA,13892
TCACCATAAAAAGTTT,13610
CCGACGAGAGTTATCA,13511
CCTTAAAATCTAGAAC,13329
TATAGAATGAGTTACC,13309
TCATACGCTTGATCTA,13021
CCGATAGCATAAACCG,12982
TTAGATCAATCGACTT,12978
CTATAAGTTACCCAGC,12844
TGAAGTGATAACTAAA,12805
GGTGTCAACAAAATAT,12744
ATGTTAGTGCATACGG,12635
GATTCTCCAGATAGTC,12396
TGCCATCGTACACACA,12394
CACAAAAAGAAATGTT,12303
TACTGAGCACCACCAC,12129
TTCAATGTATGCATCA,11969
GAACCTACGTCAGCAA,11917
ATATCGGACCACGAAC,11880
TAGTAAGAAAAGAGTT,11862
TTGTTATATCAAGTAC,11744
AGTACCAAACGCTACG,11710
AACAAATCAAAAACCA,11661
ATTGGCGCGTCTCTAA,11598
TCCAAGACAAGATGTT,11322
CAACCATTTTTGAAGC,11219
AAATCGTACAACACTA,11213
AAGACCTTAACAGTAG,11204
CCTCCCGCATTTACCG,11128
CTTGAAACTTCATTGA,11110
TCGAATATTTTAAAGC,11018
GGAACAAGACAGGCCA,10970
TAACGCTTAATCTATC,10827
GCATTCCAAAACACAG,10786
AAAAATTAACTTACAA,10766
ACGTCAGACGAGGGGC,10612
TACCTGATTAAACGGA,10513
ATTATAGAGGACAATA,10494
GAATGAATATACGTAA,10491
ATGCGACTTATAAGAA,10489
CGTCTCTTTCTACTAT,10269
CACATATTATTGAAAA,10224
ACTAAAACAAACCAGA,10223
ATCAATATCCCGCCTA,10210
GAACAATTATCAACCA,10177
TGAATATGGCCTTCCT,10121
GCTAAACACAACCCAA,9978
TTAACCAGTGTTAATA,9900
TAGCCAAATCAGAACC,9725
ATGAATTACCTAACTA,9684
ACGCAGCCAAATGATA,9658
ATCCGCATACCTCAGA,9657
ACCAAACAAGAGCAAG,9644
ATAAAGTACATTTCGA,9640
ATGTTCACATACCAAG,9566
GGAATTTACGCCTAAG,9542
ATGAATTGGACCATAA,9533
TACTTAATACTTATAT,9526
ACTTAATGTCTCTCAG,9442
CCACTTTGACTAAGGG,9441
ACGAAGCCATAACTCT,9419
CCGTCACAAAATAGTT,9348
TATGCGTCACCAATGG,9311
TCAGAAAATTAGTATT,9248
CTTCGAAAAACAACGA,9242
ATCGTTCCCAAACAAG,9204
CCACGAAAACCATATC,9180
TATATACCTCATCCTC,9164
CATAGAAAGTAATGAC,9116
ATTAGAAAACAAAGAA,9103
AATATTACACCTCGTC,9045
ACATAAAAACCTGTAT,8867
GCTGAATAATCTTGTG,8786
ATTCCAAACAAATTTA,8768
TTCCAAGAGGCGCGCT,8742
GCCATACGCACCTTTA,8735
GTAAAAAATCCCGTTT,8725
GAACAAATCACACTTT,8710
AGTTAGCTTCCGTTTA,8671
GCGTGAGCCTAATAAG,8620
ACAGGAAGACATTAAA,8588
CACCGCTATGAACGCT,8566
TTCTGCACAAGGACAA,8468
CCACTCAAAATTATAT,8392
CGGAGACGCAATATAT,8355
ACTGTCAGGAGATCTA,8339
GAAGGCATTAAAACTC,8318
CAACCCTAGTAACTCA,8295
AATTAATGACGGTAAA,8222
AGAACTTATACAAATA,8202
TGCCATACTCACTGCA,8201
AAGGCATATCAATACA,8190
GTTTCAATCGCGCACC,8044
TCTACATAAAATAGAA,8014
GTTTACATTAAAACAT,7995
TCTGGAAAATATACTA,7964
CATATTAAAACCCACC,7952
CAGAATCGATACATAA,7929
GACACTTAAACTTGCA,7929
AATTACAGAACCACCA,7926
CGACGTTGCTCAAATG,7924
TAACACTTAAACAATT,7899
TAAACCCTTTTCCTTA,7870
CTCGAGTCCGAAACAC,7857
CGTGAACATCGATCAC,7786
CAGATTATCGTTAATG,7780
TAGAGCGAATTTAAGA,7765
CATACTAATTGCTCAT,7714
ATAGATCGTGTTAAGC,7707
GTAAATTAGTTAACAA,7705
CTAATTATGACTTCAC,7695
CCTGACATAGGTTAAA,7687
GCTGTAGGCACAACGT,7667
CATTATAAACAACGCA,7653
CTAAAAAATCTTAATG,7602
CAAGTTACACCAGGAC,7589
ACGCATAGAATCCAGT,7550
CTAACGTCCACATCCG,7535
TTATTTTGGAACCCCT,7481
CCAAAATGAAAGAATC,7453
AAACCATATGAATTAT,7404
GTCCTCTCCCTGTCCG,7387
TTTGCCAAGATCTTTA,7369
AAGGCACACAAGTAAT,7354
GCTATGTGAAAATATA,7336
CTGATCACTCATATGC,7329
TTAAATCTCCTGAGAC,7321
CCACAGTGTATAGGGT,7310
CTGAAACCTTGCACCG,7303
AATAGCTTTAAAGATG,7302
ATCACTTATCGAAGAC,7287
TAATAACGCAGTAAAC,7259
CAAGGATGACAGTTAC,7240
GAGCTATTAATTAACC,7182
CACATCTATGGTTACT,7173
TGTAACAACGGAACAC,7145
ATCAGTGATGATTAAC,7103
GCTCCATTGACTATAA,7041
AATTAGGTTCCTTGGA,7027
CATATTATAGCTTGCG,7016
ATGTAGAAAACCACCT,6998
AACCAAAGTCTTAGCG,6981
GGATGAACTCCGACGG,6953
ACCTAAAACGCTAAAG,6871
TCGATCAATAACCTGA,6839
AGCTAAATGTGGAGTC,6837
ACTCTAAACTGGAACA,6758
GATAGTCACAATAGAG,6683
TCGACTCATCAATGAC,6669
TAAACTTATCAAATGT,6664
TGAACGTCCCGATCGG,6663
AGTATATTTTCCCCAT,6662
ACTTGATAGACTAATT,6615
TAAGTGATAGTCCATT,6610
TCACTGGCTTACCGTC,6609
CTATAACAGCCTAACA,6594
GGACTATAGACATGCA,6586
TGCCCACGCAATCGCG,6549
CGTCTACTTAAACTTT,6537
ACGATCAAAAACTCAG,6536
GTGCCAAGCAATGAAT,6536
TGTCGTAACTCCTTAA,6525
AATTTACAAATACGTT,6473
TTAAAAATAATATAAC,6460
ATACACTGAAAAAGCT,6451
CAACATATATGACTAA,6435
CACAGACTTTTTGACT,6427
CAGGAAAAGGCTATAT,6401
TAGAACCCCCCCGTAG,6385
GTCAATAACCCGTTGC,6322
GGGCAACTTAGCGAAA,6241
GGCTCACTAAAAAAAT,6229
CATCACCTTTTTAGTC,6208
ACATTAAGTCCCACAC,6196
ATCCATAGAACCTTGG,6196
CTAGTTTAACAACAAG,6175
AACTAAGATAAGAACT,6165
ATAAAGGACGTTGGAT,6142
AGTAATGTGAACACAG,6136
GTAATCGGTCATTCTC,6089
CTTGACAGGTCCCGAA,6082
CCATGCAACGCTCTCG,6079
ATGACTGCCCAACTTC,6061
CCATATAAAAAGCAGC,6021
TACAATAGGCCTGGCG,6010
ATATGATCGGATTTTT,6001
TCTATTGGGTGAATGC,5974
TCGATTCACAAAACTA,5969
AAGATTATAACCTTTA,5926
AACAAGGTTGAAAGTT,5921
GTCACTTCTCCGTAGA,5910
CAGGTGAGTGATCTCC,5882
TCGCACACATGATCTG,5845
ATAACCAACATTTTCA,5837
GTAGCTTCACGGAGAT,5835
TACACGTAGATACTCC,5818
TTCCAACACTGTTCTG,5801
ATACTACTCTCACATG,5799
AGAGTCTCACCATAAG,5773
CACTCGCATATACTAC,5767
TAATGACGAAACAGAA,5767
TGTCAGACAGAACCTC,5766
ATCCCCCAACTAATTT,5748
AAGCCTCCAAAAACTA,5739
AGAACTGTCAACCGTC,5700
TCGAAAGTGCATATTA,5687
AAATACCCGGCATTAA,5676
ATGGCGATAGCCAAGA,5674
CAGTACTACATTTAAT,5648
ATAAAAACTTACTGTA,5638
GCGAATGCGGATATGA,5612
TTCATATACCGACTGA,5584
TGAACACATTAGATCT,5572
TCCATTATTCGACAAT,5560
ACTATAAAAACCACTT,5552
TGCACTGAAGCCACTC,5546
AAACCATTCCCAGGCT,5545
AAAAATCTTTATGACA,5513
GAGTATCTAACCAGAC,5476
TAAAAATAGACTGATA,5475
ACGTACATCTAGATCT,5457
ACCTGTAGCATAACTA,5454
TGTCCTTAATGCTACA,5448
TAATGATTCATTCAAC,5436
CGCCATTCAGACTATC,5415
TACTCCACAAAAGAAC,5411
CCGATTAAACAATGAG,5367
TACAGGACACCAGGAA,5349
CTAACAAATAAAACGC,5319
TAAGCTACTTCGAGGA,5301
GAAACTTTCCCTTAAT,5288
TCGATGAACAAAACAG,5287
CGATACTGACGCCACT,5285
GATAAATAAAGTGAAG,5280
CAGTAGGCCGTTTAAT,5274
GTGTAACGGCTCAGAA,5268
CCGAAAAAGATTTCAA,5260
TTAAATTGGCATTAAG,5220
TTTCCAACCAAGGTTA,5201
GAACTTACCCACGTAG,5191
TGAGAAAAGTAAGATA,5166
ATCTAAGACATTAGCT,5146
CCATCCCTGCATACTA,5144
TAGTAACTTCTGTCCA,5140
CATGTGGTAATTACCA,5103
GGTTAGATTTCTCCAT,5093
CTTGCATCCGGCCACC,5021
TTTACTTCTCGATCTA,5021
TTTATAAAACAACCGC,4991
AACTCTAACCAAAACT,4987
ATAGGAAAATTCGTCA,4986
ACCCATCAAAAATCCA,4982
CATTAGGGATAAACTT,4979
GATCTATACGCTCTCA,4977
ATACATCGAGTCTGTG,4976
ATAGACCTAGGAAATG,4970
GCGACAAGGACATGGT,4963
AATAAGAAACTCTTTG,4947
CTATGCGACCTAAGTA,4943
TAGTCCGTAACCTATT,4939
CGCACCGAACTCAAAA,4927
TAGCACACTATAACTA,4916
AAATTTAACAGCGTTA,4914
GTACAAAGACCTTAAT,4903
GAACTGGGTGGACCAA,4893
TAAAGTTGCTCAATAA,4882
AAAACAACTGAACTTT,4865
ATCATGAGTGGCATTG,4864
ATTCAATCCCGGGTCT,4856
ATCAAGATTCACGTAA,4846
AGAAAAACAGACACTA,4815
CAAGAGAATAATAATA,4804
GTGAGTCTCAAACAGT,4804
TCAGCAGATCCCAACG,4802
AACACATCAAATTCAT,4774
GGGTAGTTGGAAAAAT,4755
TCTTTCCATCTTTGAA,4747
TCCTATGTAATATTCA,4744
GTTTTAGCGGACGTAT,4736
AAAATTAGACAACCCA,4734
ATCGATTCAATTAACG,4726
CCTCCATCCCCGAAAA,4725
TCAAGTTAAACTGCGC,4719
TGTTACCTACAATGTG,4718
GCATAAACCTTGAAAC,4714
TGATTTGATACCATAC,4699
TCATAAGCAAGGTTAA,4698
ACTAAAAGACTCTAAC,4696
AACTCATGACTTAGAA,4688
AGCTCTAAGGTTGAAC,4674
AACAAGTTGACCCTCC,4656
TATTAAGTATATGAGG,4639
TACTTTCAAACTCCGA,4624
AAGTCTAACCAAGTCA,4623
TGGCCACAGCGTGGGT,4623
CAAACACGTCAATCAA,4605
ATCCCCCCAGACAATC,4603
AGAGCAACCAGAATCC,4600
ACAATTATTAAGATAG,4579
ACGTATATAGACAATC,4572
CATTACGTTGCAAGTT,4563
GCAACCCGAAGTAAAA,4551
AATGAGGAACATCGCC,4524
GGTCCTTAGCCATCAT,4519
TTCATCTCACCTCGCA,4513
AAACTTGGACATCTTA,4509
ACATCAGTTAGAGGGG,4491
AAAAGATCTGGTCCGT,4488
CGATCCCAAATTATAA,4484
AAGAAACTCTAATGCA,4478
CACTATATCTCTAGGC,4473
ACACCATCATACGCAT,4471
GTGACTCGTATAAATG,4464
CTCAAGGCCTAGAAAG,4457
TCTCGGGATCTACTGA,4455
CAATATGCTGCCGTGT,4453
TCAACATACCAGGACA,4441
TATCATAATCATAAAA,4431
ATACCCAAGAATACTA,4419
GAACTTTTCCATACTG,4412
CAACTGAAAATATCTC,4378
AATGAATAATGTAGGA,4376
AAAAAAAAATAACACC,4369
CGTTAGAAATTACAGA,4365
AACACTAAGCGAGATT,4363
TACCATCCTTATGACC,4352
AACACCCAGAGAATTT,4347
TGCTTTCCAAAGCCCA,4347
CTCTCGTTCTAATCCC,4345
GCCAAGGATCAGAGGT,4334
ATAACTTCATTTAGCA,4333
ACAGCTCAGCTAACAA,4317
ACACCACTTTACAGTA,4309
CGAGATTAGATATGAG,4305
TCCTTAAAGATAAATC,4302
GTCCATTCCATATTTC,4298
CGTACTAAGTTCTACC,4290
ATTCCACGAATATGCT,4289
GAAGAGTCAATCATAA,4288
TCCATAGCCGTTAACC,4282
ATACGCAATACCCCAT,4274
ACATAATTTTGCCATG,4256
AGACATCGAAATAAGA,4246
GTATAGAGTCTTCCCG,4246
CCTTATACTCAAAACG,4228
CATACGCTAAATTAAG,4227
ACCAAGACTGTGTTTA,4223
AGTATCAGTTAGAAAA,4220
GCTCAATTTGATCAGG,4220
CGTCTCGCAGTAATAC,4211
ACTCTTCGAAGTTCTA,4210
GCAGTAACAGTATATA,4197
AAATCCTACAAGTTCT,4184
ATAATAGCATGATTGT,4184
AGCAATATTCATCCAA,4166
AGAAGAGAATCACACC,4162
CGAAGCGGGACCGATA,4160
TTAAATAGCAAGATAC,4157
CGTCCACGAGAACGTG,4149
GGAAAGACATCCGTCG,4136
GAGATAAAAACATCCA,4128
CTGTGGTTCAACGTAT,4127
TTGATATAAATATACT,4127
ACCAAAGGCGAAATAC,4126
TAACAACATGCATAAA,4124
CGGTAGACGCAGTATG,4120
GTTTATTGAATGACGG,4115
TACACCCCAGCGTCTA,4109
CCCACTTATAAATGCA,4103
TGAACCAGGCGGCCAG,4097
GGCAAACCATGGGTTA,4089
TAAGGGAACCGACTAT,4086
TGTTATCGTAACAGTA,4082
GATAGGTTAGGTAAAA,4076
GCAATCAAGCCCCCAA,4053
CTGATACCTAGAACTA,4051
GTTATCTCTGATGTTT,4051
CGAGTATTTGCGCATA,4047
TGAGAAAACTTTATCA,4047
CTTGAATATAGTGCAA,4044
ATTAAACGTATCTTAA,4041
TGGCTCCGGAATACCA,4031
TCCAAATATAGCTACA,4026
TCTAAAATCTACATTC,4013
ACAATGCCACCGTGAT,4003
TAATACTCCGATAAAC,3996
TAGTTGCTCAGCTATA,3989
GACTAGTCTTACAGTC,3987
CTAGGTGACTAGTAAA,3980
CACAGGTAATATATTT,3976
GCGATACTTTACCTAA,3964
TGACAAACGTTAAGTA,3961
ACTAGCATTCTGCCTA,3958
GACACGCCTATTTAGA,3956
ATACATCAAACAACAG,3953
GCTTGATTACCTACAC,3950
GTCTCGACACAATCAT,3946
ATAGTTTTACAAATTT,3945
CAGATAATAATGTCAG,3943
AACTACCTAACTGATT,3940
CTAGCATTAACAGCTA,3940
TACGCAAGACTTTGCA,3938
ACAGATGTACAACCAT,3926
AAAAAGATCGAATTGT,3920
TTAGGCAACAGGATAG,3912
TACACTACAAATGAAC,3911
CGTACTACAACGACCC,3910
ACAAAGAACATCAGAA,3908
GTGCCACGGTAGATCA,3903
CCGAATGCATTCTCCA,3895
CAAGTTCATTATATTA,3885
GACTACCGATAATAAT,3885
CTACAGGACTCTTCGT,3883
TCTCTTATAATTCACC,3879
AAGGATTCTGTCGCAC,3878
TTCACAAGTTAAGCCT,3875
CAATAATTGCAGGTAA,3873
AGACATCGTTTTTCGT,3872
CAATCTTGAAGGTAGA,3872
CACGCTGCTACTCTAC,3870
TTCTGAAATTACCCAT,3860
GAGATATTAATTCGAC,3839
TGGAAAGAACCCTTTA,3833
AGACCTACGTATTATG,3831
CATCTGCAAACCCGTC,3829
TCTCTACTCTGCCACC,3828
TTTAACCCTGACACAT,3825
GATCTTTTTAACAGCG,3824
AACTATATACTATGAT,3799
GTTCCTGTACACGCCG,3788
TAACGATATTTTATGG,3773
TCGTAGGCCATTTCCC,3773
TAACAATAGCATACGA,3760
GAGTAGCTCACAAATA,3756
ATGTCTCAAAAATCGT,3752
CAATAACGAGTTCAAA,3742
GGTGTACAGCTAACCA,3735
CAATTTCAGTCATCAA,3734
CTTAAAAAAGACCCTA,3728
CTGCTATACGACATGC,3715
GCGCCTCAACCGGATA,3710
ATAGTGCAAGCTACTA,3708
ATGTTGATGTCAAATG,3708
ACTCATATAGCAAGAC,3706
CCCTAGAAACCGAGAG,3697
TTGCACCGAACTCAGT,3696
AGTATGAACGAGGTAG,3688
AATAAGAATTATAAGC,3684
AATACTAAAACAGAAA,3680
GAACTCACCCTGTGAA,3673
ACGTTTAAAGAGCCTA,3672
GGAGCTCAAAAGTAAA,3672
TTTGGACATATTAGCA,3668
TTCGTAGTCCTAACCA,3667
GATTAAAGTATATGTG,3661
TTCCGAAACAACAATA,3660
GAAAGCATAGTCATCA,3658
ATATATACGCATGAGA,3640
CGCGTTATATAGTAAC,3639
AGTGCCAAGCGAACGT,3623
GTCAACGAGTAGCTAA,3614
AATATAGGGATCACAG,3611
ATCAGAAAATATCCTG,3611
AGATCAATCTTCAGCC,3596
AGGGATCCTTAGGCTT,3594
CCTAAAGACCCGTTAA,3593
TAACTAGGATGAGAAT,3587
GAAATTTGTAAATAAC,3580
CAATCTGGAGTTAGAC,3579
GGTTGCTGACCACCTT,3579
ATCAGCCCGAACCTTG,3575
GGCTAATTATACATAG,3575
CAACGAAGAATGAACC,3573
GTATTCTACGAAATTA,3572
AGTCAAAGTGTACCTA,3569
TGTGGAAACCCAACTG,3569
CAATTGACGCAAAAGA,3565
GAGAACACAACTGCCA,3561
GCTCCGTTTATCCCGG,3556
GCACACACTGTATACC,3549
TGTTGCAAATCCCACT,3536
CTCATCTAGCAAAAGG,3528
TATAACAGTTGTGAGA,3528
TGCAACCATATTTCTA,3523
AACCGCTTAACCGCCA,3522
CAGCGCAGACTAACGA,3522
CTACCCCTAACACATC,3521
AAGTCACCGAAACCTA,3519
AACGACCTCATATCAA,3506
AAGCATCAAATCCGAT,3502
ACCTGCAACATCAAGC,3497
CTAGTTAGCTGCATAA,3496
AAGGAAACATTAATAG,3493
AGAATTATGAACTTAT,3490
GGTCTTCGGAGTGAAC,3485
CGTTAAAAGAATTAGT,3473
ACCTAATGAATATCTA,3471
TTTGTGAAAATGGGGT,3466
CAAAAAACACACCGAC,3465
AGATATGAATTGATCT,3462
AGGGAACGCCACTTTC,3458
GCCCATGAAAAGTTAA,3457
GCACCATAGTCTTGAC,3454
CTGATCACTGGTGTTC,3447
AATAGGACTCTAACTC,3440
CAACCTATCAATATGA,3428
CTGATAAGAACAATAA,3422
CCATTTTAGGATGATA,3419
CATAAGAACAATTCCA,3412
ACGAATAACCTTGAGT,3411
GCCTCAAAATAAGCAC,3401
ACATCAACCTTTGAGT,3398
ATGTGTGGAACCACAG,3395
ACGGGAAATCATGCTA,3392
CACCCGAATGTCCGCA,3387
AGTCCAGTCTCTGGTC,3383
TAGATTACGGCCCTCA,3383
AAATAGCGAGACTTGG,3381
TAGGTTTTAAGGCCCG,3379
ATCATTTGTACAAAAG,3378
AGGAATATAAAAATCT,3373
CTAAGGTCAGAATTCC,3372
ACGGTGAAAAGTCCAT,3366
GCATTAACGTAAATTA,3364
TATATGAGAGATACCT,3362
CCCACCGAAATATGAC,3361
CGCAGAGAAACCTAAC,3359
ACGCAACCGAGGCGAA,3357
TAACTGCCACATATGC,3356
GATAAGTAGAGTATAA,3354
GCTTCTTTACGCCCTG,3351
CTTATATTAGGATCGA,3347
ACAGATGCAATTTAAA,3340
AGAAAATCAGGTACTA,3340
TTGCATAGAACAAGAT,3339
CGATGCCGTTTTTTAA,3337
CAGTCAATTTGCAAGC,3334
ATGTTTCCAGAAAGAA,3333
AGTTGTATGGTATGGC,3325
GAATTTAAAATAGTCA,3322
GACCAGTCACGTACAC,3320
TACCACAAAAGACTAA,3318
GATTTTATGAACGAAG,3310
TAATATGTAACATTTC,3304
GAAACCAATAAACGTT,3299
GCACTTACGCTTAAGT,3297
CTGCTATAGTCCAGAA,3290
CTTTTGAACCTATACG,3289
GATAGCCTGCAACCAC,3285
TTGAAGAAAACTACTC,3285
ACAAGGTCTCTACAGA,3281
GAAATCGCCAATTTCA,3278
GTATCCATGCCGGACC,3277
CTAAACCATTCCTGAA,3273
AAATACCATATGGGAT,3269
TACCTGATAATCTGCA,3266
TCCCATCTACTAGCAA,3265
ATTCCTTTAGAGGTTA,3264
AAATGTAGACGCGCGG,3262
GATTACACTTAACCGT,3256
AGTGCTCGGCGTCCGC,3254
CCCCAAAAATCTCTAG,3253
AACTGTAGATTATCAA,3252
CTTGACAATGACGCAA,3252
TATATTTAGGGCAATC,3247
GCCTATGGTCAAACAA,3246
CTAAACGTGTGTGATG,3239
ACTATATATGCCCAAT,3238
CAGTAATAAAAAAATC,3236
GGAAGCATGACACGAT,3236
GTCTGTTGCAAAACAG,3236
AACAAATGACTCAAAG,3235
TGAGTAAATTCAGGGA,3235
AATCCGGCTGAAGATA,3220
GCTGCATGATAATGAA,3218
CTAGAAAATGCATGAC,3216
CCACTAAGGCGGTAAG,3213
TATCGAGCTCAGAAAA,3212
TAACCTTTCTATTAAT,3208
CGACGAACCGCTTAGT,3198
CCCACTTGAGAACAAC,3197
GGTTTGACCAAGCGTT,3195
ATACGTTTCAACTGAG,3189
GACTTGACTTGCTAAA,3185
TCTAACAACCTAACCG,3185
ATATTATCGCATTAGA,3182
TTAGCGGTCAGGTATG,3182
AAAACTCATCTGAAAA,3176
ATGATGTGGTGATGGG,3176
GTCTAGACGAACCGGA,3175
ACGGTACCCTTCGATG,3171
GATTAATTCTGACGAA,3170
GCGCAAGAGTAGCTTT,3170
TCATTCCATCCAGCAT,3165
CCGTACAACACAACTC,3164
AGTCCCGAGCTATTTG,3163
AAACTACCCCGACATG,3158
AAGGTAAAAGAAACCA,3156
GAACAAGTCACGACTG,3142
CTATTTTCTTCTGTAG,3141
AAGATTCTTGCAACAA,3137
CACTGATAGAATAGGG,3137
TCATGCTAATTCCTGA,3135
TTGTCCACTACAAAAA,3134
CTTGACGATATGAAGT,3132
CTCAAGCCTTAAGAAC,3130
GAGAAGCTCTCTAAAA,3129
GCGAAAACCGTTCTAC,3129
CACTAATCCAAATCAA,3120
ACCATCTTAGCTTAAT,3118
GGATACAAAATATCAC,3112
CCTTACTACATCCTTC,3111
CCCTGTTTTAAGTGAA,3109
AAACAAAAAAAGAAGC,3107
TCATACCTGTTAATAT,3105
GCCACTGAAACGGTAA,3104
TAGAAGTTAAAAATAC,3103
TGACGACTTGACAACG,3102
TCAATCAAACCCACCC,3100
TGTCCTAAATCAACAG,3100
GGCACCTGTAGCTAAG,3090
TTGCATCACATAGTTA,3089
TGAAGGCACTCGTACA,3088
ACTAAGAGCTTTATTA,3086
CTGGGATCTCAATTTA,3086
GAAACATTAGAATGTT,3082
CTAGGAATTAAATCCA,3079
CAGAGAGAAAACCGAT,3078
CCATTCGAGCAAGTGT,3073
CCTATGGTAATATCAA,3073
CACATCAGCCCCGTCA,3071
CCAAAATTGAACACTT,3069
GAAGGTATGATGACCA,3069
TAACGAAGAATTTTAC,3061
GGTGACACTGAGCTGC,3059
TAGCGCCTAGATCTTA,3056
CTGCGATAATCATATG,3054
CTAATCACACCCAAAG,3053
AGTATCAGACACACCA,3046
CATAGTTGTATAATTA,3044
GAAGGCATATGGTCGT,3043
TGAACTGTGAGGTCCG,3039
TTAAATTGAAGAACAA,3034
GCTACAGACGAGCGCT,3033
CAGGAAGTTTTAAAAT,3019
CATGTGCATCAAAATA,3018
AATACTAAGGACAGAC,3017
TTTCAACTCAACGCCT,3014
CTTCTAGTCGTGCATC,3011
AAATTACTCTCAAGAC,3009
AGGAGCACTAAAATAA,3008
CGTTTAAAAAAGAATA,3007
CGGAATCCGTGCAACA,3006
ATAGACGCGACTTAGA,3002
AATAGAGAGGTAGTCG,3000
GTGGATACTATTGACC,3000
TCCGTAAGAAGATATT,2999
AATAGGTGCATTACAG,2995
AAAAGTAGGCATCTGA,2993
GCTAATGAGTTTTGCA,2992
CTGTAGTAATAACCCA,2986
TAATATAGAGTGCTCA,2984
TCATTGATAGTTAAAA,2979
ATCGAGTCTCCGGAAT,2978
CAATCTACCAGGGACT,2974
CACACAGATATAAAGA,2974
CGCTCTGCACAGGACA,2974
TCAAATCAAATAGCGA,2974
TCATAAAATAAGCCAC,2973
GATGGGGTAAATAAAA,2970
ACTCTCCGAGATGCGA,2966
GCCTTAATGATAGAAC,2966
ACTGCTTTACCGCTCA,2964
AGTAATGTAATTATGT,2961
GTCAAGCCTTTACAAT,2961
TCGTTTGACTAACTGC,2958
AACACACATTTTAATT,2957
AGCCCAACATTCAAGT,2954
CCTTCTACCGTGCGGT,2954
GGGGCTCGCTAATCAT,2949
TACTTAATAATATCAA,2949
GCACAAAACTTTCGAT,2945
ATAATTATATGGCACC,2944
CGCAGAAAGCACTAAT,2942
TAGGTCATAGCCTTAA,2940
TCTGAGGCGAGCCATA,2940
ACGTACCGATTGCGGC,2938
CACTGTAGACTGACAC,2935
GTAGAAAAGGCGGCTA,2935
TAAGGATTCTCTGACA,2929
AAAAATACTCTAAACC,2927
ATCTAATCATACGACT,2925
CAGGTGCCCATAGTGA,2925
AACCGAATAATTTCGG,2922
CGACAAAAGCCTGAAT,2921
TCTTACAAGTAATTTT,2920
AGCCAATTAATTAATC,2918
ACATGAGCGAGGTGCG,2917
TTTCACTCTTAGATTG,2917
ATGATCTAGTACATTC,2916
AGTGTAAAAAATTAAC,2911
ATCATCCGGCTCCGTA,2910
ACAATACTTTTTTTGC,2909
ACGTATTGAGAACCTA,2905
GCTCACGCTCGTAATC,2905
TTTCTGACCATACTTC,2900
ACTGTTACATGACATT,2896
TATATTCTACATTTAT,2896
ACGGCAACTGTTACCT,2893
TGTGTTATGTGCATTA,2890
AGTAGCAGAAGTCCAA,2889
AATGGAAAGCCAACAT,2886
CACGATGACCATCTCA,2885
TATAATCTCTTAGAAT,2877
GCACAATATGATATAG,2876
TTTCCTGATTTGTGGG,2876
AAAATTGACGTACCCG,2875
GGTCCGTGCGCCAAAT,2873
CATCGTACACAGCATC,2872
AAATAGGCCCTATTTG,2871
CCTATCTACTGTTCAA,2871
AAAACCGCATAAACGC,2870
TATTCGCGACACATAA,2867
CAAAGAATACACGTAT,2866
AAGCGTGTGCGTCACT,2857
GATTATAATACAGGAT,2856
ATAGATGACTGGTGCT,2854
ATGCAAATCTTCACCA,2852
ACGGGTTGAAAAACTC,2849
ATGTACAGAATAATTA,2849
GTACTAAAAGTCATAC,2848
GATAGGTACAAGCCTG,2846
GAGAAAACGGAGAAAT,2844
CAAGGCAAAACTACAT,2843
CTAATAAGACAAAACA,2839
CACCATGCAGCTTAGG,2838
TCACATACCATACAAA,2838
AGTAAAACTAAACCTA,2836
GTCAGATCGACGGGCA,2836
ACCCAAGTGTCCGATA,2834
GTATATGGCTAAGCTT,2834
GAATGTCGCAAGTCGT,2833
GGAATAGTTCAGGTAA,2831
GGATATCACTAAGCGC,2831
ACAATATAAGAAGATG,2830
TTGGATCCCTTACAGC,2828
GTTTAACCTTATACAG,2827
GTAGGTAGCTATTTGA,2825
CGTGACGAGTCTTATT,2822
GTAAAAGTTATAGCCT,2821
ACAAAAGCTATTTCAA,2817
CCACAATTGCGTTACC,2817
TTACCCAACGAAAAAG,2817
GAGACATTAAAAACAA,2816
AACCGAGCAATCGCTC,2815
AGCCTACTACTCTGGA,2815
CCCGGCTGAAGCGTCT,2815
GGTGTTTATTACGAGA,2813
CAGAAGATACAAATTG,2812
CGAAATAACATAGTAC,2812
AAAAACAATTGTAAAA,2810
CGTTGAGCTTAGTCAC,2810
GATTAAGTTACAAGTC,2807
CACGCGTTTTGTATAC,2806
ACACTATATGTTATTC,2804
CATTAATTTCATAATA,2801
AACTTGAAAACAGAAC,2799
ATACTTCTGCCCTTGA,2796
ATTCATTCACTTTCAG,2791
AACGATGTGTGTCACA,2785
ATACACGTTGAATCAG,2784
TCTGGGACGAAGATTC,2784
CTAGCAGAAAAATGAC,2777
AGCATACGGTCCAGAA,2776
CCGTCTAGCATGAATT,2776
TCACTATAGCAACGGC,2776
CTAAGCTTACGCTTGA,2772
TCTAGATTACGCTGGA,2772
AAAATCTAATTATAAA,2771
TACGCCAGGTGTCAAA,2768
GGAAAAACAAACTTCG,2767
TATGCAATTTAAGTCA,2764
ATAACAGACAAGACTT,2763
TCGGAGAAAAAGAATT,2762
ACACATAAGTACTAAG,2761
TATTAAGATCGATATA,2761
GTCACAATTTTGACTT,2760
TACCGAACAAGACCTT,2760
AAGTGTTGTCTAATAT,2755
AAAGCCGTTTCAAAGC,2754
TTCCTTACTAGTATAC,2754
GACACAAGAGAACCCC,2751
CACATTACGCATCCTA,2749
CCTGACCTACTCTGGA,2746
AATCCTCGAAACCACT,2745
AGATAAAAGAAATCTT,2742
CCTCCCAAACACTGAC,2742
AGTCTGGCCAGCCAAA,2738
ATTAAAACCAAGCTAC,2733
ATACCCTTTCCAAAGT,2732
GCCCATAGATGACAAT,2732
GTGAGACCTTGATACG,2730
GCAACACAGATCGCTA,2729
CAATGTCTTGAAACCA,2725
CATCTACCCTACTAAA,2722
GCATACTGAACTCGTA,2719
GACAGAAACACGGCAC,2717
CAAAGACGGATAAAGA,2716
CAAAATATTAACCATG,2712
CATAAAGCAACCTAAG,2712
GCGCTCATTATATTTT,2710
ACGCGCGCACCTCTAT,2709
CGAAAACATACAGTAA,2708
CTACACGCTGAGAGCA,2707
GCTGAATGAAAGCATA,2707
CGGCGAAATAGGGAAC,2706
CATTCTCTAAAGAATC,2705
GTATAGAATTAATATT,2705
GCGCTTATACAGTTTA,2704
ACATCATCCCTTAATC,2701
AAATCATTTCTGATAT,2697
CGAAGATATGTGTAAT,2697
AGATTGGTGAAACTCC,2694
ATCGAGAAATAGAGAC,2694
ATAACCAACGCTTGAA,2693
CATCCCAAGTGTATTA,2693
TCTCATGCAAAATGAG,2692
CGTATGAGTAGTTTAC,2691
TTTAGTGAATGTACGG,2691
AAATCCCTATTAATGA,2690
GATAATTAACCTATAA,2689
CTGTAACTAACCTTAA,2688
CAAATGCTTAATATCC,2686
TTGACGGCGCAAAAAC,2686
CTGCCGTGACTCCTCC,2685
TTACAAATTAATAGAC,2682
ATCACTGCATGTGTAC,2679
AAAAGATGCAATAGGC,2678
AGACATGCATCAAAGT,2676
TCTTTGTCAGCACCTG,2676
CGTCGGATATAACACC,2671
CTGCTGCGACGGCAAT,2671
GTGCATACGATGAATA,2667
CTGGCATCCTCGGTTT,2665
TAGAAATCTTTGTGGC,2665
ACACGGTTTAAAAACA,2661
TCGTATCTCCTTCACA,2661
ACTATGATTTTCATAT,2660
ATAAAAACACCGAGCG,2659
ATGGAATGTGTATAAG,2659
ATAGCCAAACTATCAA,2658
AAAAGACGTCATACAT,2654
AAAAAGCTCCTGTCGC,2653
AAGATAATGCAGACTA,2653
GAACCAAATCCGTATA,2653
TTCTCCAGATTTGCAC,2651
ATGTCGGATTCCATTG,2646
GTCTTTAAACGGCGAA,2646
CGGTAACATGGTACTT,2645
GAAACCAGATTCAGAC,2642
TTGAAATAAGAAACGA,2640
AAAACTTACACGAATG,2639
CAACACACTAAGGATA,2638
AGAACCTATAGCATCG,2636
CCGACAATGCGCCTCT,2636
AACCAATCGAAAGGTA,2635
AAAAATCAACCCACGA,2631
ATAAGCATATTATACT,2631
ATCAAGAGCTACAATC,2629
CCCCTACTGAGGACAG,2626
TGAAAAGACCGCATCT,2625
GGTTCTGCCAGATATC,2624
TACATAAGCCTGTCAA,2623
AATGGTGTCATCCAAC,2620
TCAGGAGTTATCAAGA,2619
CAATGAAACTATAAGA,2618
ACAAAGATCCACTAAC,2617
TTACAGGCCCTTGTAA,2615
TGAGGTATAGCAACGA,2612
CTCAGACTCCGCCACC,2611
CTAATCTTAGGAGCGT,2610
AAGTAGCAACGGGTGT,2606
AGCTGAAAACGACTCG,2606
TTAAACAGAATGTCTA,2606
AAGTTTACAACCTGTT,2604
ACGACAACAAAAAACC,2602
CCTAAACCACCACGCT,2601
AAAATAGTTCCACAGC,2600
TTAAATCTTCATGCTT,2598
CTGGTAGCTACCTTTT,2596
GGACAATACAGAGCAC,2594
CATTTAACCAAACATC,2593
TGTAACTTCATATGCA,2593
AAAACGTTGTACCCGT,2592
ACCAACACAAGAAATA,2589
TGCCCCACAGAGCAAC,2588
AGTACTATATCCGAAG,2586
TGTTGCCTTATACCTA,2586
TTAGAGAAATTCAAAG,2586
GCACTAGCACAGGTAG,2585
AATCGAGCAACATGTA,2584
TGCGGAGAATCCGAAC,2584
CCAACGCAGCCTTTAG,2583
GAAACGGGAAGTCAAA,2583
TCGATTAAAACGACCC,2581
AACCTAAAAGGGATCA,2579
AGCCTGGAGTCAAAAA,2579
CACCTTGACTGCCATT,2579
TTACAGTCCTTCCCCC,2579
CAGCTATTAAACGGAT,2578
GACAGTGTGAGCCACA,2578
AATCACGGTCAGCACG,2577
TACGTAGCCATCATAA,2577
CCCAAGTAATCCACTG,2574
AAAAGACCCTTTGTTT,2571
GAGTTGTGACCGTAAG,2569
ATTAATTACATACAGC,2565
TGAGATTTAGAAACTT,2564
GAACCTTGCGATGTCG,2563
GGTCTAGAATATTTTA,2553
CGTCCGAAAACGCATA,2552
GCAAGGTCGTATCCTG,2552
TGGTCTACTTCTACTG,2549
TGTCAACACAGATATT,2548
TTACTATAATGCACGA,2547
CCGTGGTTTAACGACT,2544
ACATCACTATTAACAA,2542
GAGCTTGCTTAAATAC,2542
CCGTAAAAAGTCTAAA,2541
CGAAGGTGGCTGATGC,2539
AAAAAGGGTGCAACGT,2537
TCCTACTACCAGACAA,2536
CCTCAGCCGACTCAGA,2535
GACTCGAAACTGATCT,2533
GCCAAAATGTAGCACT,2533
CGCACCCCTAATATAA,2532
GACACAACTGACAGTA,2530
AAAAAGATCGAGGAGG,2528
AAACCTTAGGCAACCC,2528
TATATCCCTCAATCAC,2528
CAGTAAAGCGGCTTAA,2526
TACAGAGATACGGAAC,2526
GTAGGGCAGAATTCAA,2525
TATAATATACACCACT,2525
TTAGCCACACTACCGT,2525
CTTTGCGCCTGGTCAC,2524
CGCTCCAAAGTTGAGA,2523
ACCATTTAGTTCTCGA,2521
GAAACTTGCGGTAGTA,2519
TGGACCAGAAATACTC,2518
AATCTAAAAGTACACT,2513
GGCCTACCTGAATAAG,2512
ATATAGCACCTTAAAT,2511
AATCTAAACCACGACA,2510
CACAAACGTTGGATTA,2509
GTGAAGCTCAGCCTTA,2508
TAGAGTAACTTGACAA,2505
AACTAAACCTCAGGAT,2504
ATCCGGGTACTAATGA,2503
AAAACAAGAAACTTTC,2502
GACAATATCCAATCGT,2502
TCAGACCCATCCCCGT,2502
TCGTGACATAATTCGC,2500
CAAGATCATTAAGGCT,2495
TCCTACTACCTTGTCT,2495
AATTTCAGATAGACGC,2490
GAAAAACAAACACTTA,2488
GTAATAGAATTCCCTT,2485
AAAACAGACTAACGTC,2484
GGAGTAATACAGTGAT,2484
GTAACAATCGAACTGA,2484
TCAAGGAACGAGCGTC,2481
GTACAGCATGGTTCAG,2480
ATAACTAATTATATCC,2479
CAGAGAAGCAACACGT,2478
GTAACCAATGGGCTTA,2478
TCACTTTACGTAATAA,2475
GTGATCGTCCTTACCA,2474
TGACTGTTGCTGCTGG,2473
ACTCCTAAAATCAACA,2472
CTTTAGAGACGCTGTT,2471
TTAGACCTTGTTCCAG,2470
ATCTTTAATCGTATTA,2469
CATGTTATGGCAGTAT,2469
CGTAAATATAATAAGC,2468
TTAATCCATTACACGC,2467
TGGTAGTCATATACAA,2463
GCTGTAAATTCGTAAG,2459
TATAAGTACAACCAAA,2457
ACAACATTTCGTTTAA,2454
CAAGCAGGCGGATATC,2454
TCGCCTTCGGCCACTG,2454
ACTGTCGTCTGGACCC,2453
CGTATCACGTAGCCCT,2451
CAGTGAAAATAACGGG,2450
AGAGTTTACCAAGAAC,2448
TACGAATGGTTTACTT,2448
CAAGACTAGAAAACAA,2447
TCCGTGCATTATAAAA,2447
CTAAAACTAAACTAAA,2442
GGCAATACCTTGCGAA,2441
TTACCACCACGTTTGG,2441
CAGCTTTCTAAATGAA,2440
TGTACTTCGTCCTATT,2440
TCAAGAAAGGAGTACC,2437
CAAAGTTGTATGTGTA,2434
CTAGAGATATGAGCTA,2433
GCACATAACCGTTTGT,2433
CTTTCCTCACTTATAC,2431
TGGGTGCAAATTATGA,2430
CTTATAATTTTCTAAG,2429
GTAGATCAGTAGGACC,2428
AATGCAGATTACACTA,2427
CAACTCTTGGGCAAAA,2426
ATACTAAACTACTAAC,2425
TAAAAGAAAATTCAAA,2425
CCTTCGTTAAACAAAC,2422
ACTTAATTGCGTAATA,2418
GCAAAAAACTATGGAG,2418
CATACAATTTGAAAAG,2417
TAGTTCCCAAACCGTA,2413
ATAGGTAAACATTATT,2412
ATACAAATATAACACC,2409
AGTTGCAAAAACTCGA,2408
ACAGGACAACCGCCCA,2407
GGAAGCAGCAAAAACA,2406
TCCAAACATGCACCCC,2406
GAAACCCTTAAGTATC,2402
TCCTAGTAATCGTAAG,2401
GACAAATAAGCACAAT,2399
AGACACACGTAGTTCT,2397
AGTGACAACGTTTCCG,2397
GATACAAAATCATGCG,2397
ATTGTATACGTAGAAG,2396
GGATTAAATTACCCAC,2396
CATTCCACTTAACCTC,2395
ATAGGTTTATAGTATG,2393
AATAAGTAAAACCTCA,2392
TAGTCCACCGGCGCCT,2392
CTGAGCGAACGACAAT,2387
GTCAGACGATTCAAAT,2387
TAGGAACCGTTGTCAC,2386
AGATAGAAAAATTTAC,2384
TAGCTAGAAGTTTATC,2384
ATTCGTTGTTACTACA,2377
CAGAACAGTGAAAATA,2376
TTTTGTAATTTGTCAC,2375
GAACGTTCTCTTAGAT,2374
GTAATAACTCAAGATC,2374
ACTCAGTCTTGAACGC,2373
GTCGAATAGACAACGT,2372
CTTATTTGCTATAACA,2370
GAAGTGTACGATGGAT,2370
CATATACTTCAAATAA,2367
GGATAGTAAAACCACG,2367
AAGTGCGAAATCGAGC,2363
GATAATTGCATCAAGA,2360
CCCGAACGGATACTAC,2359
CTATTAATCGATTACA,2359
CAACCAAAGGATTGCA,2357
CTCTGTCTCTAAACTG,2357
TGATAGGCAGAAATTT,2356
ACCTAAACGAATTGAT,2355
CCGACATTTCCCTTAC,2355
CTATGAAAACCCCCAC,2354
TAGAAATGCCACCGAT,2353
ACGCCTCCCACCACCC,2352
CAGTGACTAGTTTTGT,2352
ACGACGAACTGGGTAA,2350
CATGGGGGTTAAGTTA,2349
ATGAATTCCTGGAACC,2347
TAATTGCTTTAAGCGA,2347
GAGGAGAAGCAGTATT,2346
CCTGCGATCACAATAA,2341
ACTAGGATCTCAAGAA,2340
ATATACTCTAGCATAA,2339
CCGTTTAATCATCTTC,2339
AGGTGGTTGCTCCTGT,2338
AGTGAACAAACCACGA,2337
GAAGTTAATAAAAGTG,2337
TATAAAACCAGGACAA,2337
GAAAGAATTTAAATCG,2335
GCGATGAATCAAACTA,2335
AGGTCTCGCCAAGCAA,2333
CTATCCAATAATATTT,2330
TGTTTCTATCTAAAAG,2329
TTAGCGACTTCGTTAA,2329
AACCCATATGAAGCGT,2328
ACACCTGGCGGGCAGC,2328
GAACCTATTCTCAGAC,2328
CTTATTCATGTCCCGG,2326
CTAGCAACCACTATCT,2325
GGATTTGTCAAATGTA,2323
ATATATAGTTGTCAGC,2320
TAAGCTAATATCCGAG,2319
CTAAATGAAAGACGAT,2318
TCCAAGCGTCTACCTC,2315
CGGTGCTGATTCTAAT,2314
ACCAATGATTAGTCCG,2310
GTTTGACGCAACCTCG,2310
AATACACGAACTTATG,2308
AATACTAATAATAGAT,2308
TAGGCGTCATAGCACC,2307
CGAAACGCCCACAAAG,2306
TTTCCAGGAATAGCTC,2305
GCAGTGAACGCACGTT,2303
ACCGTAAGGCTACCCA,2302
ATCTGGCAATACTGAT,2299
TTAACATGAAAGGGTC,2297
TAATTTTTAATACAAT,2295
GATTCTGGCCAAGGAG,2293
TGCTTCAAAAATACCG,2288
AACAGAAAAACACAAA,2287
AGTTAAAACAAGTTAA,2283
GGAAACCTAATCATGC,2283
TGCAACAAACATAATA,2283
GCGGCAAAAGTTGATC,2280
CGTCAGTTAAACAAAG,2278
GTAGCAAACAATGCAG,2278
ATTGGTTGCAGGACAA,2276
CTGCAGGGCCGTATTC,2276
CAAGATCGCAACCAAA,2275
ATGAGCATCCAAAGGG,2274
CAACCTTACAGAGAAT,2274
ATCCCACCTCAACAGA,2273
GCGCGTGAAGCGAAGT,2273
TAAAAACGAGCCTTAC,2273
ACCGGATAGGAGTGTC,2271
AATCGCCCATTTAATT,2270
CGCGAATCTGATAAAT,2270
ACCCAACCCAGTAAAA,2268
CCCCACCCAATTAAGT,2268
AGTAACAGACACTATA,2267
GGTTAGCGGCCGAACG,2267
CTTTACGTGAATACAT,2265
CAGAGCTACTATATTG,2264
TTCAAAGACAAATTAC,2264
TACGAAAATAGCCCCT,2263
CATTCACGCTTCACGT,2262
TCAACAAGATAATTGA,2260
CAGTCCACCGGCCTGT,2256
GTACCACACATATGGT,2253
ATCCAAGTAAGCAACA,2252
AACCCAATCAGTAGGC,2251
TTAAGTCAACACTAAA,2251
GGCTCCAACCTCCACG,2249
CAATCTCAGGGATATG,2248
TAAAACGAATCAAGCT,2248
ACTTTTTGGACTCGTG,2247
CTTTACGGATACAAGA,2247
AGGGATATATGAAACC,2244
GATACCGTCGGCCTTT,2242
TATCCACCCCTCTATA,2242
AACATAATGAAGTATC,2240
TTGATGTATTATACTG,2239
TACTTCGAGATGGCGT,2238
CATCGCTACTCACAAG,2236
CTTTGGACAGCCACCA,2233
GAAAGATGTCAGCACA,2233
ACCAATCAACCTGCCA,2232
GCCTGGTATAAACGGA,2229
TACTACGGAACCAATT,2228
AGTGAAGTGTTGTTGA,2227
CACCATAAGACCGGCC,2227
AGCATTTCTAAACAAC,2226
GCATAGTTTATGGGTA,2226
GTGTCTCAGATCAGAG,2222
TGTCTAACATTCCACA,2222
CACCTATCGAGAAGGT,2221
TCCCATAAATGCGTGC,2218
TTCATACCGAGAACAA,2218
AAAGTTTATAAGTGAT,2217
AATCCATGTATGATTA,2216
CCTTGAAACCAAGGTC,2215
TCTAGTAGGATATGCA,2215
GAAGAGCAAGCGAAGT,2213
GTGCGCGTAGCGATCT,2213
TCAGAAAAAAGTAGAA,2213
CACTCCAGAAACGTAG,2212
AGAGCCTTTTCAACCC,2211
AAGAACTCATTCCACC,2209
ACGGCCGGTGGAAAAT,2209
AGAATATTAATATACG,2209
CTGTCTTAGACAATTG,2209
ACACATGACAGCTAAT,2207
CCAGAGAGATATAGTA,2205
CCCAAGGATATCCCTG,2205
TGAGCAACACAAACTT,2205
TTGTATCCTGGTTGGG,2204
TACCAAAATCCTATAT,2203
ACCAATGCACCGAACA,2202
AAGCCCGTTTGTCCGA,2201
TACGAAAAAATGACTG,2198
AAAATGCCCGAAATAT,2197
CATTATGTTAGACTAG,2196
CCCATATTGTAACTTT,2196
TCAAATTATATGTCCG,2196
CCCAAAAGTGACCTAC,2195
GGTATATAGAGCCAAG,2193
ATTCCATTGCCGCATC,2190
AAAACGAAGGGTAAAG,2189
CGAGTAATAAAATACT,2188
CTAATTGCGAAAGCAA,2187
TGGCGACTAAACCTCT,2184
CACCGACACATAGTAT,2182
AAGATTAGATGCCACA,2180
CCGACTGTCGCGACGC,2180
TTACTGGGCGGAATTT,2180
GAATGGTAATCATCGA,2176
TCACACTGTTACTGAT,2175
CGGGCAGTGAACCCAA,2172
TAACCGGTTCGATTTA,2172
ATCTAATTGGGAAACT,2171
CAATAAGGTAGATCCA,2171
CCATTCCGTGTTTACA,2171
GATCCAAATTCCGTCA,2171
TTTAATCAGTAGATAA,2171
TGTTAATACATAATCC,2170
CACTTAAATAATGACC,2169
CAACAACTACCGACTG,2168
AAAAAAGTCCTTCTCT,2166
TAATATCCATAAATCC,2165
TACTAAAGACAACGTA,2165
TTTCTGTAGAACAACA,2165
GATTCGTATCATTGCC,2164
GATTGATATTGGTAGA,2164
GAAGAATGACTATATG,2162
AGCGCATAGTCGGGTC,2161
CACGCGTATCTTACAA,2161
GAAAGCTATAGACCAC,2161
GTCGTGAAAACTGTTC,2160
CACTAGGTGTTGTCTT,2159
GCAAGCACTTGTCATT,2159
TCAAGGTAACAAGTCA,2158
TATTGATCATGCATGC,2157
AATATCGAATAGAAAT,2156
ATTAGAGCCTTTACCA,2156
ACTACCAACGACATAA,2155
TATTGATATCACACAA,2154
GACCCGCTAGCACTTA,2153
TAAAATTCCCCACTAC,2153
TTTTCACACACAAGTA,2152
AGTTTATAAAATTTTA,2151
TAAATATACTTATGAT,2150
AATCTTTACATTCCCA,2149
TCGAAAGAATAAGCAT,2149
CCATATAAACCTCACT,2147
GAAACTCATCTACGAG,2147
ACCGCCATCTCCCCCA,2146
AGTGAACACTTATCAC,2145
TCTACAATATACTCAA,2141
ATAGAGATTTACCAAA,2140
AGAATGATTAGTTAAC,2139
TCATAACATTAAACTT,2139
ATCGGAAAATTTTAGG,2136
GAGCTACGGACGAGTA,2136
CTAGGACCATCAAAAT,2133
CACACGCTCCGAACAT,2131
CCTCAAAAGGACGAGC,2131
CTGCCGACTACAACGG,2131
AACAGTGCATACACTA,2130
AAGCCCTCACGTCCAT,2126
AGGCGTACAAATCATA,2122
CGTGCGCCAGTATATA,2122
AAAACATTTGTCAAAG,2121
AACAATAAACAGATCA,2121
TATAACTTTCACTGGA,2121
TCTACGAAGATCGACC,2121
AGTCTAATATCCAGGG,2120
GCTTCAACCGTTCTGT,2120
GAATGAGCTACAGTTA,2119
GAACATGTTAGATAGT,2117
AACTTAAAAAGTATAA,2114
CAGAAACTTTAAAACT,2114
GTATACAAGATTTTAA,2114
CATGTTCACACAGCAA,2112
CGCCCGTTCCGAGTCC,2112
TCATAATAGAAATACG,2112
GCATTCCCGATTTGAC,2111
TACGAACTTTAGCTCC,2111
TAAGCCAATGGAGCCT,2105
ACACACCGATCAAAGG,2103
ATTTCCAGCCAAATAA,2101
GCTAGGAGGAACAACA,2100
TGTTTGAAAAGCTATA,2100
ATAAATTATTATCAAA,2097
ATACTTTCTGGACCAC,2097
AATCGGAAGGAGACCG,2096
GCACATGCAGGGCTTT,2096
ATGCTTCCAGAAAACT,2094
GAATTATAGCCATACA,2094
AAAAAGCCACCAAATG,2093
AAAGCATAATGCCGCG,2093
ATACATCTCAAAGGGT,2093
CAACGGTACAATCCAG,2093
GACGAAACATACTCCT,2089
ACTAAGACCTCTAGTA,2088
CCCCGAATTGGGAAAA,2087
TAAGTTCAAAAGACGC,2087
CTCCTATGAAAGAAGA,2085
CACCAAGCGAATTGTA,2084
TACAACATGGACCCGA,2084
ACGATATATGACCAAG,2083
ATAGTAGAAAAAGTTG,2083
TATTATTGGTACACTT,2083
ACGAATTATATAAAAT,2078
TAGGTGCAAATAAGGA,2078
TCAATGACGAGTCAGC,2077
ACAAGACAATCTAGAA,2076
GACGTTCTTAAGTTAC,2076
GCCGTAACAACCAGGT,2076
TAATCATGCGATATGA,2076
AGCTAGCACACCACCT,2075
GTGAGGTGTCAATCTA,2075
AGGGCAATAGTAAAAC,2074
ATAAAGGACTTTTTAG,2073
AATTTTGGAAGTAAAA,2072
CAGGTTGTCTCAATAA,2072
TTCCCATTGCATCTTA,2072
TTGTGAGAAAGCAAGT,2072
ACGGTCACCCCCACAA,2070
CAGAACCTAAGCGTTG,2070
GAAGATACATGTAATG,2070
TCCCACTCAACCAACC,2069
ACGTTGGACGCTTCAT,2066
ATAGAGTGCAACAAGG,2065
TTGTGCATAGATTGCA,2065
AGGACAAGAAAATCAA,2061
TAGAAACTAAGGCTCA,2061
TCAACACATTTTTTGA,2061
TTTTTACCGAGTTACA,2060
CATTCTACGTTAAAGC,2059
CCTCAATTTCCCCTAT,2059
TGAACCAACATAATCC,2059
CGAACTTATAAGGCAC,2058
ATTTAACAAATATTGG,2056
TGCATCGATGCACTTT,2056
CCACTACAAATAGTAC,2055
GTGATACACTAGCCGC,2055
TATAGTAAACGAATAA,2055
CAACACCTTAACTTGC,2054
GTGAGTGAGCCATACC,2054
ACCAAAGAGACGAAAT,2053
AGCCAGCGTACGAGCT,2053
ATAACCTAAAATGTAG,2053
ATTGTGTTTCCCGACT,2053
GAATATGGAATCGTTA,2053
TCCCACTAGGGCCTAA,2052
GGACCCCCAAAATACG,2051
TCTTCCCACTCTTCTC,2047
TACATCCGCCAGAACC,2046
TATATGTGACCCCAAA,2046
TGCGATCACCCCCCTC,2046
TTAGACGCGTGAGTTT,2046
CAACAAGTTAAAAAAA,2045
GTTTTGGAACGGATGA,2045
AGACACCTCTCTGATT,2043
TTAACCTTTTACACAT,2043
GAACGGTTCTACCATA,2042
GGTGCAGAGAAGGGGG,2042
ACCCACGCACTATGGA,2041
ATGCTATGCTTTCTCA,2041
AACCTGATAAATTCCA,2039
CAAAATTGACCCAAGT,2039
TTGAACCAAATTAACG,2038
TGACTGGAAAATCCCA,2037
GGGCTGACTGTATTTA,2036
GCAGCCAGTCTGACGT,2034
GGAACATTCCGGGCTT,2033
GTCCGGGGTACTAACA,2033
TCCGACTTCACTTTTC,2033
ATTACTGCATAGACTT,2032
AACTGTGCCGATGGAC,2030
AGTCGAAAATCGCACA,2030
GATGTGCAGCATCATG,2029
ACTTATGACAGTCCGT,2027
CTTATGGCAAGCACTC,2027
GCACGATCCGCGATCG,2026
AATGTCTTTTCAGAAA,2025
TAATTGTCGAAAGTGA,2025
ACCTGGACTTCAAATC,2024
CACTGTCTCAACTAAC,2024
TACTATCTGAATTAAG,2024
AAGTAAAGAGGAGTAT,2023
AGTTCAAAATTACACC,2023
AAAAACATAACTTTGC,2022
GACATTATCGATACAA,2022
TAAGCTAAAATGGCAT,2022
CATTCTCTGAGTGTTA,2020
GATGAGTCTCTGGATA,2019
ACCCTTATACACATCA,2017
ACATGTTAACGTAGTC,2016
AGAATATGGAAAACAT,2016
CCGCCTATCTAAGATG,2015
ACTAAACAATACACAG,2013
CCCACCATTAAACTAA,2011
GGGCGATTTCATAACA,2011
CTGTTCACAGATTAAT,2008
AATAGGCTATTATTAG,2007
GGGGAGGGATAACCAA,2007
ATTTAAGTCTGCAGCC,2006
CATCTTTAAGTATCCC,2006
TAAGACAAAAGCAAAA,2006
AGGGAGATTGAACTAA,2005
CCACATCCGGCGGGCA,2005
CGTATCCGCGGAGTTT,2004
GACGACAATAAAGTGA,2004
GTACTAATTCGCACTT,2004
ATCCTGACAATTGAAC,2003
CAATTAGGCCGTAAAA,2003
AAGTCTCCCAATGTAC,2002
ACAGTTATATAAGTGT,2002
AGTATACCGACAATCT,2001
ACATGGGAACTATCCC,1998
AAAAATTTCAGGAAAC,1997
ATGATGTAGACAGTCT,1994
GAACGTCTTTGTAGCT,1994
AAGTACTGCCGAACGG,1993
AGTACTTAAAACTCAG,1993
AATAAATTAAATTAAA,1992
TGTTAAAACGTGATGC,1991
CCTAGATAGTCTGTAC,1989
CTAATAAGGCCCAAGC,1989
CGTATATTTACCAAAA,1988
AACTTGAAATACCATA,1987
CAGTAACCGAGTGCTA,1987
AGCTAGCATGACAGTT,1983
TAGTATAATAGACAGA,1983
ACGATACGCGCACGAA,1982
AGAAAAACACCAAATT,1982
ATGTGCTTCGCCACGG,1980
CAAAGAAACCTAAAAA,1980
GAATGACCACCTCACC,1980
TCACCTATGTACGTTA,1980
TCAGAAGTTCAAGCTA,1980
AAGTCGAACACGTACT,1979
AGCACGTCTGGTAGGA,1979
CACAAGGGAGTCAAAT,1978
TTACCAAGACAAATGC,1978
TCAAAGGAAGAACAAA,1976
TTCACAGAGCACACCT,1976
ATTGAACACTAAAATA,1974
ATCACCCAACAAATAT,1973
AGTCGTAAATCTTGCC,1972
CCGACTTAATGAAATA,1972
ACAGGGTACATAAGAC,1971
AGTAACCGAAAAAACA,1971
ATAGAAAACCACCGAA,1970
CAGGATGCACTATCCG,1968
GACTGGGTATCGAAAT,1964
AATGAGTCAGAACCAC,1961
CTAACTGGGATTAAAT,1961
TGAAAGATAAATAAAG,1961
ACGCCATTTCCTAATG,1960
TTCGAGATGGGTAACT,1959
AGTTAGTCTGAAGCCT,1957
AATCTATCCCTTTGTT,1956
CATAGGCATACATCGC,1956
GAATATCCAACGATCC,1956
TAAAAGCTCCTCTTGA,1956
ATAAGCAAATATCAAG,1955
ACTACATGGTCCAAAT,1954
CAATAGATCGCAGAAA,1954
ACTCCGTAATCCAAGG,1952
TCGAATCCAGAATACT,1952
GTATTACGTCAGCAAT,1949
GCCATTGTTCCGCACA,1947
TAAGACTTACAACTCA,1947
TATTCCGTCGTCCAAA,1947
AACGCGTGCCTCACTA,1945
GACGATGATATGTACC,1945
TAACCAGGTTGTACAT,1944
GTCGTGAAATAGCATA,1943
ACTGAAAGCCAACCAG,1941
TGTTACGCAATCGGTA,1940
CAGAATCATGTGTAGT,1939
CCATTCACAACCTCCT,1938
TTGCTCATTAAAACCC,1938
ACTGAGCTAATAAGAA,1935
CTGGGCACACAAACGG,1935
ATGCAGAATAGCGGTG,1934
CTCAACCGGCCCATCT,1934
GCCTAAAACAAATGTA,1934
CTTTCATGAGAAGTCC,1930
TCAATGTAACAAATGC,1929
CGGGGAAGCAGGTAAA,1928
GCTTTATGAAAAGTAA,1928
TCAGACACAGTGTCCA,1928
AGCGTCCCCATTCAGC,1926
CAACCTGTATAACCAA,1926
TATCAATGCCGGACAA,1925
AGACTACTACACATTG,1923
AGTGATCAAAGTTACA,1923
CGACCTGACCGTGAGT,1923
GAATTAACAACCCTCA,1923
TGCATTGCGATGAGGC,1923
AATGACCGAATAAGAA,1921
ACCACCGAAAAACGCG,1921
TAGCGTCTACCGCCGA,1921
TTTCACATGTATTCCA,1921
ATTAAGGTGGTTAAAT,1919
GTTTTTCAGCCTGGGT,1919
TAGGGTAACAAATGCG,1919
AAATCTCTATCGCAAT,1916
GACGCCTTATTACATC,1914
GTCTCGCTTACATTGA,1914
GTTCGGGAACGGACTA,1914
TCTACTAAGAGCTAAC,1913
GTATGCCAACTAACCA,1911
AATACGGCTTGGGCCG,1910
AATCGCAAAAATAACC,1910
ATAAGTTATACAACCA,1910
CAGACTCATTCTGCCA,1910
GCAAGAATTCATTGCA,1910
TAATTTCTGCAACAAT,1910
ACGAACGATAGCTCGG,1909
AACAATCCAAGCCAAC,1908
ATAGGAAAACATAAAA,1907
CACACTATCGACTGGC,1907
TAGCCTAAAAGAGAAG,1907
TATAGCGCCTCTAAGA,1907
CAACACGACAAAAACT,1906
CCCCATGCCATACCTC,1906
GCGCATAAAAGTAATC,1906
AAAATTAACATAAGAC,1905
TTATTAACGACGATGA,1905
AAAAAAATTCTGAATG,1904
AAAACGTATAAAATAA,1904
AGCGGCTATGGATTAT,1903
ATGATTCAAAAGCGCT,1903
TAATTTACAGATTCAA,1903
ATATTCAGATAAAATT,1901
CAGTAACAAGGGGCTT,1901
GCGAATCATACACACG,1900
CAATTGACTGTAATAA,1899
CGAACATCCACGAACA,1899
TCCTTTGTCCGAGTAA,1899
CACCTCTTCCATACAA,1898
CAGTCTGTAACCACAT,1898
GTGGCTAAGCTAGCTC,1897
TTAGCGAAGGATGGCT,1897
GATATAATTATTACTA,1894
TAAGACTAAGAAGCAT,1894
AAGCACAAATACGTAC,1893
CACATCCAAAGTACTC,1893
CACGGATAATAGAAAA,1893
CCTGGTTTTAACCTTA,1893
GGCAGATGATGATAAC,1893
CGATATTATGTATACT,1892
GCGAATAATGTGAATT,1892
GACAGCCAAAAGAGAC,1891
GTGCAGGCACAAAGAC,1891
TATAGTGTCACTACCA,1890
CGTCCTATTGGTGAGT,1889
GATGAATCACCAAAAG,1889
CAAGACCCAAAGGTAA,1888
GGCTCTTAAACCACCC,1888
AGTTCTCGTAAGAATA,1887
TCTCGAGAAAATAGTG,1887
ACTAAACCGGGATCGC,1886
AGAATGATTTTTATTC,1886
AGCAATATTCAGGCTA,1886
ATTAAAAAATTCGTAC,1886
TTTATAATACACCGGT,1885
AACACTACCTCATAAT,1884
GATTGTTTGAAATGTC,1884
GTCCTTTCGAATATAA,1884
AGCTCACTATCTCACG,1883
TACAGTGACGGCATAC,1883
TTTAATTTCAGATGCC,1883
AAAATAAAAGTCGCAC,1882
GTAACACGATAATTCA,1882
TTGAAACAAATTAAAG,1882
TAAAAGAAAGTAAACG,1881
TGATACCTTATACGCT,1881
CCCGTTACTTCTGAAG,1880
CTAGCATCTTATCAGA,1880
ACCTTAGGTTGAACGA,1878
TTCTGAAACATTCTCG,1878
ATCATAATTTCTGTTG,1877
CGCACAATTTATCGAT,1877
GATTGTTATGAGGCAC,1877
TTTGAATCACAAAGCC,1877
TAAAGACGTAGAATCA,1875
AAGATGAACCTAGACC,1874
AATACGATTTTAGAGC,1874
AGATTATTACAAGTGG,1874
GTACACACTAAACCCA,1871
TGCTATTCACAGTACC,1870
CGCTATTGCAGAAAAT,1868
AGAAAGATTGCTTAGA,1867
CTTGTTTAAAACCTTA,1867
TACAGTATCGGGGAAA,1867
TAACACTCTGTTAATG,1866
CTTCAGTGTCAATAAT,1865
GAAACGCAAGATCAGG,1865
TGCCCCGCCTGACAGT,1865
ACACCCAATCAATCCG,1863
CGTTAAGCATGGGTGG,1862
GCACAGCTAAGGATGT,1862
TCATTCCTTCTAACTA,1862
CAGTGGCTGCCAGACA,1861
GAGTAGGCTTTAATAA,1861
GCGCCGATTTTAAACA,1861
CTTTACCTACCCGTTT,1860
GCGTACACACGTGAAG,1860
GCGTACCATATAGTCT,1860
GTACACGCACATATTA,1860
TACTCTATCATTGATG,1860
TAGCGCTAATTGGACC,1860
AACGAATAGAAGACTA,1859
TCAAAAAAGCACGGCA,1858
CAACGTAGTTACCGAC,1856
GGAGGTGGATCTACTG,1856
TGCAACAAGATAGTAC,1856
TTAGCCCCAGAAGTAG,1856
ACGCTTGCATACTGGA,1854
AGTTGTCGAGAGAAAC,1854
GTCCACGCACCGCAAC,1854
ACCATCACTGAGCTCA,1853
AGTTATGGCTAATAAT,1853
CTAAGGACGAAGCCAG,1853
TTAGTATACCCGTAAC,1853
ATTACCGAGCAAACCA,1852
GCCCTATACAGGTATC,1852
ACAAGCAATTATTCTG,1851
ATACCTCGGTAATATT,1851
AGCTCCTTACTATTAT,1849
ACCCTGGCACTGGCCG,1848
AGACCACCATATACGG,1847
GACCAAAAAGTTTTCA,1846
GGCCCTGATTTAAACG,1846
CCTCCCGGGCCAAAAG,1845
AGGAGTTTCAATACGC,1844
CGACTTCCAAACGGAG,1844
CAGTACAGAGCAAGCT,1842
CCCCCTTCCAAAGTAG,1842
GAGCCGGGACAAGTCC,1842
CTCGATCATACATATA,1841
ACCGGAGATCAAAACA,1840
CGTGACAATTCGCAAA,1840
CTAATAAAAATAACTT,1840
CTACTACGTATAACGT,1840
GACAATTAGTTAGCAC,1840
GCAACAGACATCCGTA,1840
CGAGTTATCCTTCGAT,1839
AACTCAACTGTTCATA,1838
GTGCTACAGATCTAGA,1838
ACGATCAGAAATACGG,1837
TAACATAAGAGACAGC,1837
AGTATTCAATGAAGCC,1835
TAATACAAGGGATTCT,1835
TAATCTAGAATCTGAG,1833
AGGCCGCTTGTCAAAG,1830
CGTACCTACGACGCAC,1830
GATAATAACCGGTCCA,1830
GAAGCGCAAGAGTTGA,1829
GTAGCAGTTTAGCACC,1829
CGAAATTTACCACGGA,1828
TCACACTAAACCGCAC,1828
CTGAGCATAAGTCACA,1827
TCTCTAAACTCGATTG,1827
CCTTTAGTTTAAGTAA,1825
CCACATCCAAAAACAA,1824
CCCGCTGCCGATACCC,1824
CCGGCGTTATCATCAT,1823
CTATATATAACCGTCG,1823
TACAACATATTCCTCA,1823
GAGTGACTTTTCAAGG,1822
CCATCATACGGCGCAT,1821
TCAAATCCTTTAAGTC,1821
CTAGTGAGGCCCAATG,1820
GATTGGAAACACACAG,1820
CTGTATTTGCCAAAAC,1819
TGACTATCTTAGCACC,1819
AGATATATCCCTGAAC,1818
CCCCTAGTTGAACATA,1818
AAATATGTACCCAAAT,1817
CCTGTCACAAAAAATG,1816
GACAAGACCTGACCAA,1815
TCATATACAAGTTCAA,1814
ACCACGTACTAAGCCA,1812
ATGAGTCCTCAAGTCC,1811
CGAGCACCAACTGAAG,1811
GGCATTGCAAATATAA,1808
GGCGCACCTAAGCGGT,1808
TACCGAGAAGGGCCAC,1808
GCGCCACTATATAGCG,1807
TTTTCCTCTAAGACAA,1807
AACCACCATAATGTCC,1806
TTTACACAGAACCCTC,1806
AACCTAAGATATGATA,1805
TGCGTTATACCTCCGT,1804
ATGTCCATCACATATG,1803
CGAGAATCGATAGATA,1802
ATTAGTACTACAAAGG,1799
CTTCAATCGAACACAT,1799
TCATCTTACCGAGGAG,1799
GTCAAACTTAGTTATG,1798
TAACTTCAAGCAGAAT,1798
ACCCAACAGTCCAACC,1797
ATCGTTACTCCTACAA,1796
AGCATTTAGAGGGAAC,1793
CACTTATCCTATCGAA,1792
CTGTTTCCAGCCGATC,1792
TATCCCCACGGTTCCG,1789
AAAACAGCACAACCTG,1787
GATCACCTGCCCCATA,1787
TTATATCCTAAACAAA,1787
CCATAATGGTACTGGT,1786
AACACAAAAAGCACAG,1785
ATTCTCAGAATGTAAT,1783
TATTCGGTGGTAAAAA,1783
TCTAAGCGCTAATACA,1783
AATATAGCCGCCTTAC,1780
GACATGCCTGACTAAC,1780
GCTTTACTATTTGCAA,1780
TATAGGAAATGCGCGA,1780
CTAAAAAGTCATCACA,1779
CTTAGGAATAAGGTCA,1779
CGAGGCAACACCCTTA,1778
AACTGAACTGGTGTTA,1777
AAGTATAGTGCTCAAG,1777
GCGACGTAACGTGAAC,1777
GAAAGTTCGATTGCTA,1776
CCATAATGCTCGAAAT,1775
GATGTCGAAAAACCCT,1775
CAAGAATTACGTTGAG,1773
CCGGTGTGCAGACAGT,1773
CTTCCCAGCAGCGAAA,1773
TAGGTCCGCTACCGCA,1773
TGAAACTTGTATCTTA,1773
CAGGATAGGCATATAA,1772
CGCATATCTTATCGTG,1771
TAATCAGCGATAGGCT,1771
ATTCGGGTGGCCACAT,1770
CACAATCACTCCCTGA,1770
ATTCGAAATCTCCTTA,1769
GTAAAACTATGTATAG,1769
GGAGATGACTATAACA,1768
TAACCAAAATACCGTG,1767
TGCTTTGACCGTGAAA,1766
ATGTACTCTGGGCCCT,1762
CTGGTGATCGGCGAAG,1762
ACTCTTGCAAAACCTC,1761
TTTAAGTTCAACACTC,1760
AATCGTATAGAGTTCG,1759
TTGTCCTATAGGCGAA,1759
TGGGAAATAAGTCCGT,1758
GAATGCCGCAAAAAAC,1757
TCCGGCATAACTACAA,1757
ATGTTCTAACTGTGGA,1756
CTAATTGCAAATAATG,1756
ACCAAGATATGAAATT,1754
TAATGACCCAAACGAA,1753
AAATTGCCTTATGTCC,1752
ATTATACCTCATATTA,1751
GTTACAATTACTTCTG,1751
GAAAAATGAGTAGCTT,1749
CCCCCATAACAAGTAA,1748
AAGAACGGACTCTACA,1747
CATATCATATGCTAAG,1746
TGTAAAGAGCGAATCA,1746
ACGATGGATGCCTCAA,1745
ATACGGTAGCCGCACA,1745
GCATGCCAAGTTCCAT,1745
TCCAACATCCGGTAAT,1745
AACCGAAAATCCGTAC,1744
ACCTGACGCTATTTAA,1743
AAAGCAAAGTATTAAC,1742
AAAAAAGCCATATAAT,1741
AGCGCCCGCATAAATT,1741
AGGCCAAAAAAACCTA,1741
TCGTCCCTTTTCCTAT,1741
CCAAATTTAAATTGCA,1740
ACTAGAACTGTAACAA,1739
ATAGTGTGACAGGTCT,1739
ATTTGTGAAAAACATG,1738
AACCTAAAACATTAAA,1736
ATTGCCGGCGTCTAAA,1736
CCGAATACGCTTCTGA,1736
GACTGACTATCGGTAT,1736
CCAAAATAATACGTCA,1735
TGACCACCACACGACG,1735
AATCGGTTTTCGGAAC,1734
AGTAAAAGTCCAAACT,1734
GGAACATACCCGAGAA,1733
TCTGATTAAGCTTTCT,1733
GATCCGGAACAGTAGG,1732
AATAAAAATGTCACTG,1731
AGACATACTCTATGGG,1731
ATCTAAAATTGCTCCA,1731
TGGATCATCAGGACTG,1731
GAACCAGCCTTGCGTC,1730
TATGGAAGCCGCGCAT,1730
ATTGGAGCCTTGGGTC,1729
ACACCTCACATGAAGA,1728
AGTCTGTATGTTTATG,1728
GTGAACACTGAGGAGA,1727
CAGGCACTAAGTGATA,1726
GACCAGACCTTAATTC,1726
AGATATCCATTTACAC,1725
GTTATTCCATCATAAG,1725
TCTAAAGTGTCTTGAC,1724
GGCGCACCAACTTCAA,1723
GTAACTCGTTTAAGAT,1722
AATTACGAGACATTGG,1721
CTAAACAATCTAACCC,1721
TATGCTAGGATAAAAT,1721
TCCCTCTATCCCCGCA,1721
TCGTAGCACTTACGAA,1721
AATAGCTCAGTACTAC,1720
ATCCATACGATGATGC,1720
AACAAATTTAGGGAAC,1719
ACTAAAACAGTTTACC,1716
AAGAGCAAAGTTCCCG,1715
CACTTTAGATCGCCCA,1715
TCGCAATTCCAATTTA,1715
AGCATTGATATACATG,1714
CCGTTTTGTACTCGCC,1714
CGGCCCTAACTCAAAG,1714
ACTTAGAAAGCTATAC,1711
GTAATTAAGTTCATAA,1711
TGCAAATAGGCAGTCT,1710
ATACTTGAACAAGCTG,1709
ATATACACCCTACTCC,1709
GAATTAACAGAAATAC,1709
GAGGTCGTTGTATCGA,1709
TCATATCGACATATAA,1709
ACGTTGCATTGAAGAC,1707
CCCCCTTTAAAGAAAC,1707
GCTCGTTATACAATAC,1707
TCAATCAGTCCCGGAC,1707
TCTGCAAATTCTATGT,1707
CACGTATAATATAGAA,1706
GAGCAATACCGAGAGA,1706
CAATGCGAATAATCTC,1705
ATAGAACAGGTTACTC,1704
ATCATACGCAGCTCGA,1704
CTATACTCCTCATAAA,1703
GAGCATTAAACCTGAC,1703
TACAGGTGGTCCTATG,1703
CATTGGGGACCTGAAG,1702
CCGCCACTTACCTCCT,1702
GGGCGATTTTTCAGAT,1702
AGTATAAAAAGTCTAT,1701
CAACTTCCCGTCGTTC,1700
GAATTAGTTAGGATGA,1700
GGAACTTTAATCTTAT,1700
AGAGATAAGTCAGGTA,1699
CACTTACGAACCCAAC,1699
CCAAACACATAATGTT,1699
CTATCATTCTACAAGT,1699
CGATAATGACAAGTAA,1697
AATATAACATTAGAAT,1696
ATAATAATAGCCCTGA,1695
CATGCAACCCATGTAC,1694
ACCCAGGCCTTACGAC,1693
ACGTTCACTTGTAATC,1693
CGCTTGATTGCCCAAC,1693
GAACCAGTTCATGTTA,1693
GCGCGAAATCATGTGC,1693
TGGCCTGTCCTTTCGA,1692
AGATCAGTTCACCCAT,1691
ATGCAGTGGTGACTTG,1691
GAAGATCAGAGCAGTC,1691
AAAAGACGCTAAAGTT,1690
CATGAATAACCAACAC,1690
CGGACTCGAACATGAA,1690
CTAACGCCTTAACAAT,1690
ATCGCTGTCACTAGAC,1689
CCCATGGCATCGCCAT,1688
ATCTCAAAAGGACCTA,1687
CTAAGATTTATAACAT,1687
CCTTTGGCGCACGCAT,1686
CTTGTCCGCCTCTATC,1686
TAATAATCAAGTGACA,1686
AAATAAGTCAAAATAT,1685
CACTAGACTACAAACT,1685
ACCACCTAACGGGTAT,1684
GAGATAAACTGCGTCG,1683
AACTGGAAAATATCGC,1682
ATAAAGCCATAATGGT,1682
CTATCATAGCCAATTT,1679
CGCAAATACTAATTGA,1677
CTAATTATAGGACATC,1677
CAAATAAAGTACTGGC,1676
CGGCCAAGACATCTAT,1676
TGGGTCCTACTTAAAC,1676
CCTACTAGATTCTTTA,1675
TGGTTTCTCATAATTA,1675
CCAAAAGAATATCCAT,1673
GTTGACTAAAAGCTAC,1672
AATACGTTAATCCATG,1671
CCCTGAGACTGCTAAA,1671
AACACAGCAATTTCAT,1670
TATCCTATCATATCCA,1670
TGCTGTACCCCCACTT,1670
GCCTAAAAACAGTATA,1669
ATTTCACGAAACGGCA,1667
GTATAGATCAGCAAGT,1666
AAACACTTAAAAACCT,1665
CGCATGTCGTATATTT,1664
TTCTCACGGCCTTATC,1664
ATTAAGTCACTACTGA,1663
GTACAACAAGATCCCA,1662
AATCCCCTATACATTA,1661
TGGTCAGAGGATGTCG,1661
AGGAAGCCCATACAAG,1660
GAATGCATCTACAAAA,1659
TCCGTAACCATGTACA,1659
AGCCAATAACTACCCA,1658
TGCATTCGCATGAGAT,1658
AATGATATGACGCATA,1657
ACGTCCCACTACTTTT,1657
AGCTAGAGACGCATCT,1657
GCATCCCACTGTCAGA,1657
TCTGATCTCCCTTAGA,1657
ATAAAAAGTTCATCCA,1656
TATATCAAATCACACT,1656
AAAGCGGTATCTACGT,1655
ACTGAGTCCAAACGTA,1655
CTGTCCAAAATCTTCC,1655
GCAATGAGGAGGATGA,1655
GAATAAACGTGCCCCT,1654
TGACCAGCATGGTGCA,1654
GGTTATCTACGCCGTT,1653
GTCACGCACGAACGAC,1653
AAGATAACAGTAACCA,1652
ATATATCAGCAATTAT,1652
ACTACCTGCAAAGTCT,1651
GGCTTAGTGCAATCAC,1651
TTACATCCCAATTCTA,1651
AAAACTCAATTATAAG,1650
AGAGATAGCTTTAACG,1650
CTAGCCAGTTAATGAG,1650
TTGACAATACCAGCAA,1650
TTTCATTCCACGAATA,1649
GGCCCTGTGAAAGTAA,1648
AGTCTCATCACTAGGG,1647
TATGAAAAGAATGATA,1647
GAGGACTACAAATATA,1646
GACTCACACATTAATT,1645
TAAGAACGATATCAGA,1645
ATTATAAAGTCCGCTT,1644
GTATACTGGAGAACGA,1644
AATGCGAGATGACTAC,1643
ATTGTAGCGGAAAATA,1643
CGGCTTAAAAAATAGG,1643
TAATACAAAACTAAAA,1643
TCGTGACACAAATCTG,1643
AAAGATGCCCATTCCC,1642
TCATGGTGAACTACTT,1642
GCTTGACGAATAGCGT,1640
TAACCTGTGCGGACAT,1640
GGAGCGCCCATGAGAC,1639
CAACAATTTGTTCTAT,1638
TGCTCTCATACGGTCG,1638
TGGTGCATCAAAAACT,1638
TCTAACACAGTACAAG,1637
CACGTACTCACAAGCA,1636
CTGCACTGGTTAATAG,1636
CCACGAAAGGTTCTCA,1634
AATACCTCTTATGATA,1633
CGAAACTCAAACCAAG,1633
TCATATTTAATAATAT,1633
TGACGCCAGCAGGCCT,1632
TAAAAGCAGATTACCC,1631
GCATTAAACTCCTCCC,1630
GGCTTGGCAAATTTTA,1630
ACAAAGCTTAGTTTGC,1629
ATATGAAATATCTAAC,1628
CTTAAGTCGAACACAG,1628
AGGCTATGGATAAACT,1627
CAGTCAGTTCTGCGAA,1627
GATAAATATCGCTACT,1627
GTGTGCGAAAACTGAA,1627
TATGTTGCCACAATGC,1627
ATTAAGTGAGCTTGAA,1626
GCAATTTAAAACTCGA,1626
GTTCAAGTCTGCAATG,1626
TTAATGCAGGAATCTA,1626
CAACTTTCACCACAAG,1624
CAGACACTCTCAACAC,1624
CTATATATCACTCCTG,1624
GAACTAAAGGAGTTCA,1624
GAATCAAACCCCCGTA,1624
GACTGACTATTTATTC,1624
TGCAAAGAAACTTCCG,1624
TTGGAAAATGCTTGCA,1624
AAAACAAAAGGAGTAC,1623
AAGTTCAGCCGTACGG,1623
ATGTTACAGCAAACAA,1623
AATTTTTGGTGTACCA,1622
ACCAACCATACCACAT,1621
TTGAAAACGACTCAAA,1621
AACCCGCTATGTAACA,1620
CCAAGAAAACCGTGCA,1620
GACTATAAAAAATATA,1620
TGTATCGAAAAAGAAT,1620
TTTAAACGCATCTAGA,1620
GTATTTTGACTACTCA,1619
TCAAACGGTCGAATGT,1619
TGGGTGGAATCAAACG,1619
AATTTGTCTTGTGCAA,1618
TTGCTAGAATAATCAA,1618
CAGAACTAAGCAACGC,1617
CCCTAAAAAACGTTCA,1617
CGAAGCTTTTTAAATA,1617
GAAAACTCCCCTGGAC,1617
TGCTGGTACGGTTGAA,1617
TGGACATCTCAATACG,1617
TGTGTGCATCAAAAAC,1617
ACTGCGTCCAACAAAT,1616
AGGGGACAAAGAAGTC,1616
AATTTACAACATCCTA,1615
TCATTGCAATACATCA,1615
TCTCAAATACCACTTT,1615
AGAAAAATGTGTACAA,1614
AAAGCCGCGCAAGGGT,1613
GATTAACATTAGAGGC,1613
TTGCAAAAACTAAGGG,1613
TTGTAATATTCAGACT,1612
TTTACCCACTATTCAA,1612
TTAATCGCAGGCGGTA,1611
ATGCGTGCGTGTCGAA,1610
ATGGCTTAAAAGGATG,1610
GTGTAACCTCGAAAAG,1610
TAATTCTTATGTACTG,1610
TAGAGGAATATGACGC,1610
GAATGATTATCCTCAT,1609
CACTTTCATGACCTGA,1608
TCTTACAACTGAAAAA,1608
AAACTGATAAAATTCG,1607
AGCAGAAGAATACCAA,1606
ACGAGGTGGGGGGGTA,1605
GCAGCGTCGGCCTCTT,1605
GTCTTACCGATTCCTT,1605
TAAGGCGATATAATTA,1605
AATCTTATTCAACATG,1604
ACGTTTCTGTCACCTG,1604
AGTTAAAAATGGCCCC,1604
GATGAAAATCTGAAGT,1604
GCGAGATGCATTCAAG,1604
AGATGATATCAAATTG,1603
ACCGATCACGTCACCA,1602
AGCTGAAACTTATCAC,1602
CAGTCTAAGAACGCAA,1602
ATGATCGACTGTGAAA,1601
CCACTAAATTAAGATA,1601
TATTCCCACGCATCTC,1600
GTATCGTCAAATGACT,1599
GTTCAGAACAGGTGTT,1599
AGAGTCTGCAGGAGGC,1598
TGCACCACTTATTCAC,1598
GAATTAAAGATAATAT,1597
TGCAACAAGCAGTAAA,1597
CAGTAATGCCTTCTGT,1596
CATCCCAACGACTGCC,1596
CTAGTACGTTTTAGAA,1596
GGCAAGCAAAGCAATG,1596
TTAAGCGCACAGGTTA,1596
AAGGTAGACACTTCTG,1595
GTTCTCCGAATGCTTT,1595
TAAATTAACCACTTAA,1595
AGGTCCCAACGAAATC,1594
GAACCATATCTTTTCA,1594
TAAGTTACAAAAGATC,1594
TGGAAAGACTTAACAT,1594
TAGGTTTCTTAATTCC,1593
TGATGCACTCAAACAT,1593
GAAATCAACCTTGATC,1592
AACGGTCCCCTTAATT,1591
TGGCCAGTATATCTAA,1591
ATTCCCAAAGCTATAC,1590
GTAACAGAAAAATCAA,1590
AACATTTGGGCGTGGA,1589
ATTCGCTGTCATGTAA,1589
AACACGTATTCATCCT,1588
GGTGACGTTGTACTTC,1588
TAGGGATTTAATATAT,1588
CTAACAAAAATAAATT,1587
GTACAGTTAACAACCC,1587
TTAAAAATTCAACCAA,1587
GTATCACGGTAGAGTT,1586
TACTAACAAAGGGGCC,1586
AACTTAATGATGAAAG,1585
CAATTATGGAATACCA,1585
GACCAATGCAATTGAC,1585
CGGTGCTATCGACCTA,1584
CTCCGCACGTTTGCAG,1584
CACCGACATCGCGCTT,1583
ATGAATCCTCAAAAAT,1582
AGAAGTTTCACTACAT,1581
GATAAAACCTGGCTCG,1581
CCCCAGCGTAATATAA,1580
TGAGGCGAACAACTAG,1580
TTGACAAACCATCACA,1580
AAAGACAGGTGAAGTT,1579
CCTAAAGCAATAAATT,1578
CCTGCGACATCCACCC,1578
GAATGGGGAAAAGCTT,1578
TCCGAAACGTGCACAA,1578
TTAATCCCATCTCTCA,1578
ATACTCTTGCTACACT,1577
AAAATCTGCGCATCCA,1576
TTTCGATGTGATGAAC,1576
GGTCTCATACCACGAG,1575
CAGTCTTCATCATTAT,1574
TCACTAGTACGCCCTG,1573
AGGAGCGATCGGGATT,1572
CTCCTAGGTACACCGA,1572
TAAGTACGCCCATCCC,1572
GCATATACTAATACGC,1571
GCGTAGCTGGAAGACG,1571
GTGAGTTACATAAAAA,1571
TGACCGAGTTTACCGT,1571
AAAAATGAGATATGCA,1570
CTTAAAAAAGCTAGAA,1570
TCGTAGTATCGCACAC,1570
TGTCCGCAAGGGCCGA,1570
CTGCCTAAATTTGTAT,1569
CCCAAAAAACGGCTAA,1568
CTATTACACTTAGAAC,1568
GACGACCCAAAACGCA,1568
TGCAGAACATATTGAC,1568
CGACATGTACACAGAA,1567
AGATCGTAAGATATCA,1566
CATACTGTTACACTGA,1566
CCATGCATACATGAAA,1566
TAAAGAATTTTATCCT,1566
TACAACTTCTCCGCCC,1566
TTCGTTCTACACGTAT,1566
TAATCGTAAGACCCAG,1565
AAGCAACAGTACATAC,1564
AATTTGAAATTTATTA,1564
CTATCGAATATCCGTA,1563
GTCTTGCGTTCGACTA,1563
TAGACCCAAACATTTT,1563
AAGGGATCTGTTATAC,1562
AGAATTCTAAGATACC,1561
TATCTACAAAGCATTA,1561
ACTGACCTGCAGCACA,1560
TAACCATAATCAAGAC,1560
TATATAAGGGGATACT,1560
TTCTCCATTGAGGAGC,1560
CAAATATTTGTCATGG,1559
TAGTCCCCCTATATGA,1558
TATTTTCATCTATATC,1558
TTATAACTCTATAACA,1558
CACAACATAGTATGAA,1557
TATGCGGGGCACACCT,1557
ATACATCGGGGTGAAA,1556
AAATACTCACTTTCAC,1555
CGCAATTGCCAATACG,1555
CTAAACACACACATTC,1555
GAAGAGGATGATTTGT,1555
ACATTAGCTAAAACAA,1554
TAAGTAGAGTTAGTAC,1554
ATACACCGGATAGTAA,1552
ATGCAATAAACATTGG,1552
CTTCAATAACACGGGA,1552
ACATGATATGAGGGCC,1550
CAATATGGTTTATCCA,1550
CGACAATCTTTTGAAA,1550
TAGATACAGGTATTAC,1549
TTAATCATATATCTCT,1549
CGACTACTGTTGCCAT,1548
ACAGTCGTAAATAACG,1545
AATTAGTAAAGACTTT,1544
CTCATTATTGTCCTTC,1544
GACCTTTGACAGACAC,1544
TTCCACGGCACCTTAA,1544
ATCTATCTACCCAACG,1543
CATACCCTTTAAATTA,1543
TATACAGCGTCGAAAG,1543
TCGGTCCCCTCCCGAA,1543
TGTGCATTATAGACTA,1543
CACACCATATTATAAC,1542
TATAACTATCCACCCA,1542
CACTACCAAATTAGTC,1541
TGTCATAAAGAAGGCG,1541
AACGAACAAATACTAG,1540
ATCGAATAATCCCCAC,1540
CACAGAGCTTCAACTG,1540
GTTGAGAAAAGTGTTA,1540
TAGCCTCGAACCTCCA,1540
CCGTGCTTGACTCGGA,1539
GAATATTGACTTATGA,1539
TAGCTAAAGAATGGCA,1539
TGTAGACCAGATCTTA,1539
CCAGTTGAATAAAACA,1538
CGTTGACTCGTTCTCA,1538
CTAAGACAACGTGTAC,1538
TCGCACCAAAGAACAC,1538
TGACAGTTTCGCACAG,1538
AGTCCGGACACTTTTT,1537
GGCTCTGTCAGAACTT,1536
TCAAACCTAGATTCCT,1536
GTGCATATAGAAAAAT,1535
ATTGTTGAAATGATAC,1534
GATTGAAAATTTAGAG,1533
AATTCATGTTAGTGTG,1531
ACGCGTTATTACCCAC,1531
GCAGGTAAAAAATAAG,1531
GGTCGCTGCGCACAAC,1531
AACCATTCTAAAACAG,1530
AATAAGCCTCATTGTG,1530
AATAATAACTACACTT,1530
CAATTATTGGCTGGAA,1530
CACCAACTGCACAGGG,1530
GAACTAAAGTTAGCTT,1530
ATACATCTCTAAGTCC,1529
ATTATACCAAACAGGG,1529
GTGAAACTGACTATGC,1528
ACCTCACATATATGAA,1527
GACGTAGGTATACTAG,1527
TTTCTAACCTTATAAC,1527
AATTTATCTGTGATAC,1526
CCTCAAGCACTGCAAA,1525
CGAAACTAGCATAGTC,1525
CGAAACTCATAACGGT,1525
GATTGGTACTTATGAT,1525
TCCATTTTAATAGAGC,1525
AATCACTATTCGGGGG,1524
AATGTTACTATAAGTC,1524
ACACCATCGAACCTAT,1524
AGTTCATCCTGACAGC,1524
GACTCATTAGTTCCAT,1524
AATATACAGACCCTAA,1523
AGATATTACATCGTTT,1523
CTAACCATTGCGCTCT,1523
ATTCTAAATCTTATTA,1522
CCATGAAACTGTAACA,1521
TGACAGAGGTACACAG,1521
AGAATACACCGACAAG,1520
TCTTCGGACGGCTGTC,1520
ACCAAATCGCGTAAGT,1519
AGCACCTAGAAGTAAG,1519
CGTATCTCGATCGTTG,1519
TGCAATAAAGGGCTTA,1519
ACGTATGTGACACCCG,1518
ACGTCTGTTCTGTCAG,1518
AGAAAAATAACTTGTT,1518
CCCTGTTTACGTACAG,1518
GTCTGATCTTCGATCA,1518
CATCTGTCATGCCAGA,1517
GAGTGTAATGCGTGCA,1516
CTTGTCCATTGCAGTC,1515
GTGGAAGCAACCTACT,1515
TGCACCAAAGACACCT,1515
TTTGGCTGAATATCAG,1515
TAAATCGTAATTCGCA,1514
TTTGCAACTGACCTGA,1514
AATTTAAGAAACCCCG,1513
TACGTCGTCCCATGAC,1513
TCAAGTTATTTGTTTA,1513
ATAAGTTATTTTCTAT,1512
ACCACCTAAACATTAA,1511
CACTGACCCTCATATC,1511
ATTCAACTTGTAAAAT,1510
CAATGTAAAACTTAGG,1510
GTGACCAAGCAGGAGA,1509
ACCTCTCTACATGAGG,1508
GGAGAAAAGTATGTGA,1508
TACTTATCCTGCTATA,1508
AAAGGAGCCGCAAAAC,1507
ATTGACTCAGTCCACA,1507
TGTTAACATGATAACC,1507
CAAAACATTCCAATGC,1506
CTATACTACTCTGTCC,1506
GAATCAAAAATCCTTT,1506
AATTGGTCCTAAAACC,1505
AAACATGTATTCCCGA,1504
CAGTATCCCCAAAACA,1503
TCAGGAATGGATATGT,1503
CATAGCCATGAAGTCA,1502
TAACATTAGAGGTCCT,1502
ACATAACACATCAATA,1501
GCAGAAACAATCAGAT,1501
TCGGATGGCCTTGACT,1501
ACATGCGAACCTTCCA,1500
AGAAGTGTACATTTAT,1500
CACATAAAAGTCATCA,1500
TATTTGTGCGCGGCAG,1500
TTTGACTAAGACAAGA,1500
AATGATTGCAACCTAT,1499
AAACAGTGAGTAATTA,1498
ACAATGAAGGAAAAAA,1498
TAATAGGGAGGATGAA,1498
AGATCGGAAATAAGCG,1497
CCAACCATTTCAACAC,1497
TAATAGGTTACGCAAC,1497
CGATATCTAAAACACC,1496
GGTTTAAAAATGTATG,1496
AAGCAGTTGAGCTTGA,1495
ACGACACATGCCCGTT,1495
ATGAATGTTGCAGCGT,1494
GCGGATCATGAAATAT,1494
TAGACGGATTTATCCT,1494
TATACCGCTCCCTAAC,1494
ATTGACCCAATTCAAA,1492
CCACACAAGCCTGTCG,1492
AAACTAAAAGCCAATC,1491
CAGAAATTGTAATCCC,1491
CATTACCTTATAGGTA,1491
GTCAAGCGAATTTTAC,1491
TGCAACCTTGTAAATC,1491
AGCGGTAACCGTACAT,1490
ATGGGGATATTCGGAC,1489
ATAGAGACTTCAATGT,1488
ATCATCATAGAAGGAA,1488
GACCTTCCTGCAAATA,1488
TATACACCAATAGGAA,1488
TCACCTTTACACACTC,1488
TGTTTGTTAAGCTAAG,1488
ACCGGCATACACCATT,1487
AGGACAGATATGATCC,1487
ATAAACACCCAAGCGA,1487
AACATTCACGATATAC,1486
AACTAGGACGACACTG,1486
ATTTGTCGCAGAGCAA,1486
CCCTAAAAAATTGAAT,1486
ATCCTAACAATCAACA,1485
CACAGCTGCATTAAAA,1484
GTCTACCGAAACGTGT,1484
TGCTAACTAATTGAAG,1484
AAAAGAGCTTTCTATA,1482
ATCTCACAGGCACTCA,1482
GAGGGTAGATTGGAGG,1481
AATCGTGTTTCTCCAA,1480
CCTACGGAACTTTTTT,1480
GATTTCGTTGTATCAA,1480
CCCGCGTGGAATACGT,1479
TTCATAACCACGGTAA,1479
TAGAGCGTAACGTACC,1478
TTATGCTGGAAATACG,1478
TTCAGAACGGATTCCC,1478
CGCGCATATACATCCT,1477
TACAAAGATATACTAC,1477
TTAACTAACTTTCACC,1477
AAGAAGGAGATGACAC,1476
TTGGGGAATAGATCAA,1476
AGTACGATTTTTTTAA,1475
TCACAAATTTAAAATA,1475
AATTCACATGACCTTC,1474
AACCTCTATCGGCATT,1473
ACTGTAACGTCATAGT,1473
AGCAAATGTAATTTGC,1473
GAGGGACAAAAGAGTA,1473
GGGATGCGGGATTCCA,1473
TACATTACAAAACGAA,1473
TTATTCTCCCTGAATG,1472
AACCCATTGTAGTCGA,1471
CAAGCTCTGCCATGTA,1471
GAGAAGCGATTGTGTT,1471
TAATACACTATGCATG,1471
CCAAGCAAAACTCAAT,1470
GGCACTAGGCGTTATA,1470
AGCGAATCAATCTACA,1469
CACTACGTCACATATT,1469
TAATTATTAATTAGCT,1469
AAAAAAACTATAGCCA,1468
AATGGGGTAAAATGGT,1468
ACAGGATTGATTACTT,1468
CGTCGAGAAAAACTTT,1468
AAGTTATTTAATCATG,1467
CCCGAAATGCATTTTA,1467
CCGAATATCAAGACTG,1467
GGAGCTTGGCGTACAC,1467
TGGAACCTTGCGAATT,1467
AAACCTATCACGAATA,1466
ACATACCAGAAAAGGT,1466
ATGGAGACTAAAAGTT,1466
CAACACAGATACCAGC,1466
GATGTTAACGTGATCC,1466
AATCGTCAGGTGGAAC,1465
ATGAGAACATGACAAT,1465
CATGTCCTCTCCACCC,1464
CATAAAAAGATCGAAT,1463
TGACCAGAAGAGCATC,1463
AAAGAGTAACGTAGGT,1462
AATAAATAATGTGTGT,1462
GATGTAAAGATAATCA,1462
TTAGTCAAAAGCCAAA,1462
GCATTAGCGCTATCAA,1461
TTTTGTTCAGTGTAAT,1461
CCCACTCTCACCCAGC,1460
CTTACTAACATATTAT,1460
ATATCTCTCACGTTAT,1459
AACAACCTGAACACAT,1458
CGACTATCGCGAGCTC,1458
TACTTACATTGGTAGT,1458
AATGATCGCTGGAGTT,1456
TATTCAAAACACACAG,1456
ACAAGGCCGGAAAACG,1455
ACACCCAAATGGCCGC,1455
CTCACACTGTAAAAAG,1455
TCGACACCATAATTCC,1455
GGGGATATCTTAATCC,1454
GTTACACACAGTGACC,1454
AGCCCCGCTGTATTAA,1453
AGCGTACTTATCGATC,1453
ATTAACTTTCCCATAG,1453
CATGACCTGTGCAAAA,1453
TAACTGGGGATAAGTA,1453
AGAAAGGTTCTGGAAT,1452
AGAATCTTACACAAAC,1452
ACGATAAGATCCGGTA,1451
CAAAGTATCGTGCCCT,1451
CTCAACGAGGACTCTA,1451
ACAGGAGCTAGGTTTA,1450
AGACTACTACATTGGA,1450
AACCCTATAAAATAAA,1449
CACATGAAAATAAGCA,1449
CACACCGAGCAAGGAG,1447
CCCCCAAAAACTCAAT,1447
TATGCAGCCAATTAGA,1447
CACATTCTCACCTCCT,1446
CTGGACCATGACCATG,1446
AATCTCAGAATCTGAG,1445
TGCGAAGCATAGTAAA,1445
TTAAAGTGCGACGCTG,1445
CCAACGAAATGCCGAA,1444
GTCACACGGATCAATT,1444
TACGACCTATAACCAA,1444
TTTCCCATACATTGCA,1444
GGTATATTTGAGCCGC,1443
TAAAGACTTGGAAAAA,1443
GAGCTGTCTTAGTGTC,1442
TCTAAGGACCAATCAA,1442
TGTCGATTTGAGTGGA,1442
ATACTACAATCTGGGA,1441
CAAACGTATTCTATTT,1441
CGTCGCTGCGTCACAG,1441
GACCCCCTGAATGACT,1441
GACGAAAAAGAACACC,1441
AACCTATAAGAAAGGA,1440
ATTTGTACGTTTAAAA,1440
CTAAAATTTAGAAACC,1439
GATGAATACCGACAAA,1439
GGGCGTTATCGAATTT,1439
CGATCAGAAATAACCA,1437
TTGTAAGTTCTTCGTC,1437
ATGATCAGTATGAAGA,1436
CGAAGACATCACGCAA,1436
GAGGCAGACTATAAGA,1436
GGTAAGCGATAGATAA,1436
AGATAATCTACTTTCT,1435
AGGTAGAGCGAAAATT,1435
CTACTCACACATAAAG,1435
CACACTATCGTATGGA,1434
CATAAGCTATCAAAAA,1434
CCCGCTTTTTGAGACT,1434
TCGTTGATATAAAAGA,1433
GATCATCTAAAAAAGT,1432
AGGAAAATGAATTCCA,1431
CTGTGTGATACTTATA,1431
CTTCAAAAAGGTATCG,1431
AATCCGGGAATGTCCT,1430
GACCTAGGGTAAACGG,1430
CCATGACCCCTTGCAA,1429
TAGCTTGCATCGCCAT,1429
TGAGCGAACGCATACA,1429
ATTATGAAAACCCACT,1428
CACAAAGCTACCTTTA,1428
CCTAAAACGTACTAAT,1428
TGAATGGAGAGTTGAG,1428
ACTGAAAAAAAAAGTG,1427
CTATTCTGAACAGTAT,1427
GATTGCGTGGAAACTT,1427
TTTGCCAATGGTGCAA,1427
AACGTCCACTGAGGAA,1426
ACAATTTATATGACAT,1426
ACTAAAACACTAGGGC,1426
CGTGAATCGCTGGTCA,1426
CTTAAGATGACGCGAC,1426
AGCTTATGCATATCAA,1425
AGGCTGAGAATGTTAT,1425
ATATTGGTCTGATGTT,1425
AGCTAGCACAAAAAGG,1424
CATACAGAAGCTTAAA,1424
GATACCAGCGCCAGAT,1424
GGAGCTCACATCGTGA,1424
TAGTACAACGCATTCA,1424
TCCCAATACGGTTAAC,1424
TCTTCCCGAACATACA,1424
TACTCACGAACACGCG,1423
CAACGGAACACAGCTC,1422
TTTGAGCGTTGGTCCG,1422
GCTTCACGACTCATAC,1421
TAAGGGCGTGCGGATC,1421
ACTCGATGCAAATGAC,1420
CATACTACGGTCGGAT,1420
AACTCTATTCCCGCAC,1419
GGATTGTATCCAAAAA,1419
TAAGAAACCCCAATTT,1419
TAGGTCTTATGACAAG,1419
TATTGTAGCAAACATA,1419
TTGAAACGCGAGGCAC,1419
TAACGCTCATTAAAGT,1418
TCCCTACCCTAAGGAG,1418
TTGCGTCGAGCACTTG,1418
AAACAACATCACCTCT,1416
TCTCGAACAGTTCGTT,1416
ACCGAAAAAAGAAGAT,1415
GATCATTAGCAGAAAC,1415
ATGTCTTCATTTCAGT,1414
TATATCTAAATCCAAA,1414
ATCATAACTCTCATTA,1413
ATCTAAAACAAAGTGG,1413
TTCAACCCAATCCGTT,1413
TTTTAGTTAAAATACA,1413
ACAGGAAAATAAAGGA,1412
ACCAAATTATAATGTA,1412
ATGAACGTCACTGTAG,1412
CGCAGTTCTATTATCC,1412
GCATCGTCTAACGGTA,1411
AGAAGGGCCGAGACGA,1410
ACAGATCAAATTTAAC,1409
ATGACCTGTTAAATAT,1409
CCAACCTAATATCAAC,1409
GCACGCGCCCTTAGAA,1409
GGGCCTCTTAACTCAA,1409
ATATCAAAAAGGCAAG,1408
CGATCAGAAAATCGAA,1408
ACACTAACACTTTTGT,1406
ACATGACTAACATTTC,1406
AGATGCAAATGGGAAA,1406
AGTGCTGCGCTAAAGG,1406
ATTTTTTGGAAGTACT,1406
CAACCAGGAATTGGAA,1405
GTTAAAAAAAACAGCT,1405
CTTCAGAGAGATTTGG,1403
GAGTTGTACTTTGTAC,1403
CTAAAGAAGGAGACTC,1402
TTGACCCAACATGTAA,1402
CCTAATTTAAGAAACT,1401
AAAGCATGAGCGAATT,1399
TAGCGATGCGAAAACA,1399
TCGACCGGCGCCTTAT,1399
TGCTAGGCATGCGGGT,1399
ATACTGGACGGAACTA,1398
ATCAATAGCCATCCGG,1398
CCAGACAATCTGTATT,1398
CTGAAAGCTTAATAGT,1398
CTTCGAAGATAAGACA,1398
CTTGCCCACAAACATA,1398
GCTGTGCTGCAGCAAT,1398
TATTTTACAAAAATCT,1398
GGTACAGTACAAAAAG,1397
TATTTCGGTCGTCAAA,1397
TGAGCTCACAGGGACA,1397
AATAAGGCTTAAGTAC,1396
GGGAGTGCCATGAAAA,1396
CTCGAAGGATAACATC,1395
GCTGTAAACGATCTAT,1395
ACAATAATAAAAAAGG,1394
ATAACAGTACACGGTA,1393
ATATCATGGGCTATGA,1393
TACGGACCAAAGGAAA,1393
GAATTCACTGCCTTAT,1392
AAAACACGACCAATAA,1391
ATTGAATAAAAACATC,1390
CGAAACTTATTCAATG,1390
GTCAGTTCTAAACTGA,1390
ATGCCGGGCCTTATTA,1389
CCGAGTACCTGAGACA,1389
CTGATTTGAATCGAGA,1389
CTGCCGATTTCGAAGG,1389
CCAAGACAATAGATTA,1388
CTGATCAATTAGCAAT,1388
ACTGACCGCCTGAACT,1387
CAGGGCCAGACCCTGA,1387
TCTTTTTTTGGAACCA,1387
GCACATTGACCCTCCC,1386
TCTCTATTAAACATGT,1386
TGATAGAGTAAGCTAA,1386
CATGCGTCCAACAACT,1385
CTCTTTAACCAAAGCA,1385
GATAAGATATCTTGGG,1384
GCACTATTATAAAATC,1384
TGATATGCTGAAAGTA,1384
ACCGTGGCAGGCGCAA,1382
TGCTTTAAAATGCACA,1382
AAAACACGGATTAATT,1381
ATAGAAAATCCGCCGT,1381
TAATGGGCCTGTCTCA,1381
TCACAAATAGTGTCGG,1381
TGCTTAGAACTAACAG,1381
AGCACTTACATAGCAA,1380
GATAACATAAGAATTC,1380
ACCCGGTCAGCAGCTC,1379
CGCTTAAACTATCACC,1379
CTCTGCTCCCTACACA,1379
ACCCATTTATTATAGC,1378
GATAGACACGCGACAG,1378
CAACAACATCCATCGA,1377
GAACTGAAGAGCATGT,1376
ACAAAACCAGAGCCAA,1375
GAAAATTACTCACTAC,1375
GAGTATGTCAACTAAA,1375
TCATACTAATGGAACC,1375
AGAACTCGTCATCGAA,1374
GAGGGATTAATGTGCA,1373
AAAATTAGTCACTTAC,1372
AGCTGTATGTGTGTAC,1372
AGTTACTTCAGGTCTA,1372
ATTATCATTCATACTC,1372
CTATATACATCAATCA,1372
TTATCTAAATCGTGAC,1371
TTTGGGGGGGTAAAAA,1371
AAGGAAGGCACGAATA,1370
GTACATAGGAGTGTAG,1370
AAACATAGAAACGCCC,1369
AGACAAAGAATTACTC,1369
ATGATAATAAACACGG,1369
TGGTTCCCATAAACAT,1369
CAACCCAACCCTATTG,1368
CCATGCGAGAACAATA,1368
CCTCACGGCAAATGAT,1368
CGATGAACCACCGCTT,1368
AAAGTCAGTTAATCAA,1367
AACACCCCTCAGCCCA,1367
AATCCAAAGGACTAAC,1367
AGGTATTCGTTACTTC,1367
TGCAGTATTTCAAGGG,1367
AAAATACTATACATGT,1365
CTGTGAATTTAAATAT,1365
AAAAACAAAAGTATCT,1364
ACTTCTAACAATCCTT,1364
CCATAGAGCATGAAGA,1364
TATAGCCGCCAAATAA,1364
AAAAATTCTTTTTTTT,1363
ACATCCAGCAAATAAT,1363
GAATAGAAAGCGTCTT,1362
AACTCAGACAGGTTGA,1361
CACGTAGCTTTCCCTC,1361
CCACTCGTTTAAGATT,1361
CCCGCCACAGCGGTAA,1361
CCTGACACTTAGCTGA,1361
AATACCTCAATCAACA,1360
ACGACAACTGTTACGC,1360
CCAACCTACAGGTTAA,1360
GTAAGCGACTCCGAGA,1360
AACAATTTAACAGACG,1359
ACAAAATCTTACCAAG,1359
ATAACAGAAAAGAACC,1359
CACATCGGTGCGAACA,1359
CTGTAACAATATAACT,1358
GCTATTAATAACATTA,1358
TAATCTAACAACGCCA,1358
TACTTCCAAAGCTCAA,1358
TGCCATTGTAGGAAAA,1358
CGAAAATATACGTTTG,1357
TTACGCATACCCATAC,1357
AGTCTTATCCAGGTCT,1356
GAAAAATGCATTATAT,1356
GGCAGACTCTAAGTTG,1356
GTAAGCTAAAGGGAGA,1356
ATTAAGCCCCCGTACT,1355
ACCTTATACAATGAGA,1354
CCTACAGATACTACTC,1354
GATTCTCCGCCTGAAA,1354
TTAGCATTTACAGAGA,1354
CCCTTTCTAGAATAAG,1353
TAGCTCACCAATACCT,1353
TTTAAAAGAAAAATAA,1353
ACAGCTCATTACATCT,1352
CTGTTTTTAAGAACCA,1352
TGGTTCTAACTCAAAG,1352
AATCACAACTCTAAAT,1351
GAAAACCGGTTTCATA,1351
GACTTAGTGCTACGAG,1351
GCACGGTGAATCCTAT,1351
ATTCTTACAAGACAAC,1350
CATTGTATAATATACT,1350
GCCATCAAATACACAT,1350
AACATCACACAGTTCA,1349
TACGCGAAACATTAAA,1349
CTAATGAAGACAGAGG,1348
TATACGCAACTAAGTC,1348
TCATCGACTGATAAAT,1348
CAACTTTAGTCACGCT,1347
GATAAGACAACTTAAA,1347
TCAATGCTCTACGACA,1347
TGTAATGATGGTATCT,1347
TTCAAAATTTTAGTAC,1347
AGAGTATCATAATCAC,1346
AAAATTTCGGCCATTG,1345
GACCCGGCCAGCACTA,1345
AATCGTAAGTGTAGTA,1344
CCTAATACACAACTCA,1343
TAAGATACATTTAGCG,1343
AACTAATAATTTTTAA,1342
AAGGACACACTGTACA,1342
CTGTAATGGGACAAGA,1342
GCAAGACAGACCGAAT,1342
TACATCATCCACACAG,1342
TTACAAATATCGAGCC,1342
ACACAGTGCGACACTC,1341
CCATGCGTGAATACAC,1341
GGTGTCCACCACAGCT,1341
TTAGTTCAGTTAAGTT,1340
AGCTTAGTAAAACGTT,1339
TACACCACTATTTGAA,1339
TAGGATAATGAAGATT,1339
TCCCAAAGTAGAGCGC,1339
TTTAAAAATTAACCTT,1339
AAGAACATTACCGGCC,1338
GACTATAGTTTTATAG,1338
TCCATTGTTCTAAACA,1338
GAGGCTTACTACTCCA,1336
GGTACCTCTATCCAAT,1335
AAACCCTAATCTTTAT,1334
CGGGAAAATTGTTAAA,1334
CGTCATTCCTATCCCT,1334
AGATCCGAAGTTTTAG,1333
ATCACTACAATCCCAG,1333
CAGCATAGCACTGGGC,1333
CCAACTAAACCAATCA,1333
CCCACACAACCCACAA,1333
GATAAATTCATTAACA,1333
GATTCACTAGCAGTAT,1333
TAGAGCAGTTAAGTAC,1333
CCTTCGGAGTACTTTA,1332
GACATATATGCTATTC,1332
GTATTAGCCGTATTTG,1332
TGGGGTACTTTTTAGG,1332
CCTGCAAAATCTAATC,1331
TACAACCCAGACCACG,1331
CGAATGGAAATCTATA,1330
CTTATGCGAAGCAGAT,1330
GATTTCTCCAAAAGAA,1329
ACACCTATTCCAGAGG,1328
GAAGTTGCAAGAAGTC,1328
AAGTATTCATCAAACA,1327
AGTCACCCAACAAATT,1327
TGACAATTTCTGCACA,1327
AAAACTATATAAGTGA,1326
AAAAGATCCGATCGAT,1326
AAAGTATCATATACTC,1326
AGGCCGTTAATCTTAT,1326
TACTCGAAGCAATACC,1326
AATTAGAGTAATTTCC,1325
GCCCCTATCAGCGTTT,1325
GGCCATGAACCTATCG,1325
TAATCAGCACCGAACC,1325
ACGTGTTACAGCTAAA,1324
CTCAAAGAGTAGGGTG,1324
TTCTTTAGTACCACAT,1324
CACCGTGGCCACAGAC,1323
TACTCGTAAGAGAACC,1322
AGGATCTCATATTGGA,1321
ATTAAAGCACAATCAC,1321
TTACACGAATCGAAAC,1321
CATTAAATCTTTACTT,1320
GCGCCAACTGTAGACA,1320
TACAGATTTTGAGTAA,1320
TGGCGACCTCACCACA,1320
AACCTAAGTAAATTAG,1319
TCACGTTAGAACCCGA,1319
AACCTACTGCTAAACA,1318
AGCCTATTCGTTCACA,1318
ATGGTAAATACAACAT,1318
CATATGCGAATATATC,1318
AAAAGACCGTCCTGTT,1317
AAATAAACTTAAGGAT,1317
AACACCGGTAGAGTCT,1317
AGATATAAAATTAAGA,1317
GGCTCTAGACTTGCTC,1317
GTGGATTTACTCACAT,1317
AAATCTTCCGTTATCC,1316
GTATAAATGGGTGTAA,1316
GTGACAGCCGTTGACA,1316
TTTCTGCTCTCCCCAA,1316
AAGATCAAACGCACCA,1315
ACCTAGACACACTTAC,1315
ACTGAGTCCAATTTAA,1315
CGTGGACAACATCATG,1315
GTGTGTTAAAATCCCA,1315
ACGATATACCAACGTT,1314
AGATGGGATAAATACC,1314
GTCAAAACTAAGTGAA,1314
AGAATAATTTGCAAAA,1313
ATTACTACCATTTAGA,1313
CAGGAACATGGTAAAA,1313
GTCATAGGACTCCTTC,1313
AAATCCTATCATTAAT,1312
TAATGGAACAGAGCAA,1311
GCATCCTCTAATTTTC,1310
TATGTATAGCCCAATG,1310
TTTCTCTTTCTGAGTG,1310
CTTCATCCCTTTTAAT,1309
CTTTTAATACTTCGGG,1308
CTATTGAGATGAAAGA,1307
GCACTTTGTGATCAAA,1307
GGACATAAAAATGCGG,1307
TAATTGATACCGAGAA,1307
TTCTAATCCTACGAAG,1307
AACAGATAGTGGAGGC,1306
AGTACGTAAGGAGCGG,1306
CACTAAATACTTGCAG,1306
CATGTAATGATAGCTA,1305
GAAACCTAGGAAGCCC,1305
GAATCAGCCACACAGG,1305
GACAACCCTCCATGAT,1305
GATTTGAAAACCATAC,1305
TGAACCGCTAAAACCT,1305
AAGTTACGCGGCTCTA,1304
ACTCACATAGAGTCAC,1304
TACGCGGGAAAATCTT,1304
ATCAAATATACTGAGG,1303
CGACTTGGCCTTAATG,1303
TTTTGAGTAGCCCCGA,1303
ACTTGGTTGCTGTTCA,1302
ATTTAATCAAAAATGT,1302
CTTCAAATTATATGAC,1302
TGAAGCTACGGAAGGA,1302
CAGTTAATTGGTTTGA,1301
CCTCCTTAAGGTATTA,1301
CTTGGCCCACCATTAT,1301
TATCGATCTAATTCCT,1301
AAATGATATGCTGCGT,1300
AACTACCATGAAAATC,1300
AAGTTAGGTTGTCTCA,1299
CAACTTCTTGCCGTCA,1299
CGAATTTTAGACATTA,1299
GAAAGTACCATGAATA,1299
TCGTTTTAACGAGCGA,1299
TTAAAAATTTAAGCTA,1299
AAGCACCCAACCGAAC,1298
AGCTGTAACCTTGTCA,1298
CAGCGAGAAGCCATTG,1298
TGTTGTGAACTGTCCC,1298
ACCGAAGTACATGAGG,1297
AGCATTCACCAGAATG,1297
CCAATCCTAATCAACA,1297
TTGAACAACCCCTACA,1297
AACACAGGCATTGTAT,1296
AAGAGAGACCCAGGGC,1296
CCAACGCTGAATGAAA,1296
ACAATGAAAACAGGTC,1295
TTACAAAAGTAACATT,1295
AAAATAAGCTAATCCC,1294
ACAATACATCAACTAC,1294
ATGACCAAGATATACA,1294
CCCTATTAACAAAAAA,1294
TACTCATACAATTTCA,1294
ATATTAATAGTAAATC,1293
CCTATATGACTTTAGA,1293
AAAGCATTTGAACCGA,1292
AAATAGACCTCATCGT,1291
CCATATCATATACCCT,1291
TATTCAGTCTCCGATA,1291
TCTGTTATATTTCCCT,1291
TTATTGATTGTTGATG,1291
ACCACAAGCTGCGTTT,1290
AGTATCGCGACATGCC,1290
ATTGCCGAGGGACCCA,1290
CATTCACCCTGAAAAT,1290
CTGGAATGCATATCAT,1290
CTTTGACCCACAACAA,1290
AAAACCTTTGTAGAGC,1289
CTCTGGACTATCGATG,1289
TAGACCTAAAATGAAC,1289
ATCGAAGTGGAATGGT,1288
ATGCGCAAAGCCCTGC,1288
CACAATATTCCTAACG,1288
CAGTCCTAAAGTAATT,1288
GAACTTGTGGGATCAA,1288
GAGTGCATGGGTAAAC,1288
ACATCGAACTTTGTCC,1287
CACTACAGCTAACTGA,1287
CTAAAATATAATGCCG,1287
GCCGATGTGGTTTTAA,1287
CTGAAATGTCTTAAGA,1286
TAGGGTCAAACACAGC,1286
TGAACTGTACTTAACC,1286
CGAGTTTCAATAATCA,1285
AAATAGGGTAGCAATG,1284
ACAAAGCAGGGACGAA,1284
ATAATAGACTAACAGA,1284
CAGGGACAACGTGCTA,1284
TTCCAATCATTCAAAT,1284
AAGCCGAGTTAATCCA,1283
AGCGTACTTGAACCAC,1283
GACTTATGAAGAGCTA,1283
GATTGATCGATACCCT,1283
TCAAAACCGATCCCAG,1283
TCAACCAATTGTAGAC,1283
TTACTGTAAATCATTC,1283
AACTAACTGTAGATTA,1282
ACGAGAATGAGAATTT,1282
TCAATGCCAAATTAGT,1282
AACGAATCATAAAAGA,1281
ACTACGAGAACTCGAT,1280
ATAGAATACGTGGCAG,1280
ATCAGTGATAGCGCTG,1280
GTGAGTAACCGACCTC,1280
ACACAGGATGTCTGCT,1279
AGACCCTAATTTTCCC,1279
ATAAATTTTCCAGATA,1279
GGTGACTTTAAATTGC,1279
TGACGCGCCGTTAAAC,1279
ACACAACTTAACATCT,1278
AGATAATAGTTTTTAC,1278
GCCTCGGAAACTGGTG,1278
GGATGCCAAACACGCA,1278
TGCGAGTCAAGAAAAG,1278
AAACCAATTACATAAT,1277
ATTCTTTCAGACAACT,1277
CACGGATATTCCGGAA,1277
CAGCTTTGTAAGTAAT,1277
CGATCCCTATAAGTTA,1277
CGTAAATCTGAATGCC,1277
GAATGCAACGTGTTGC,1277
TAAATTTCTAGCTTGA,1277
TTGTTCAACATGATCC,1277
ACTCCAGGAGCTTCAA,1276
TTAAGAACCACTTAAA,1276
AAGTCTGTAAACCAGT,1275
CAAGAATACCGTCCAC,1275
GTCCGAGCATTCAGAT,1275
ACTCGAGTCTTTACAG,1274
CCAAACTTATCTCATT,1274
GTTTGCAATCCGAAAA,1274
TACACACATTTTAGTT,1274
AAAGGAGAGCTACACG,1273
CAATTTAAATCCAATA,1272
ACGCACTTAGTCGTAA,1271
CTAAACCTATCCCTTA,1271
ACATTTACTACCTCAG,1270
ACCATGAAGAGCTAGC,1270
ACTGCTCTTAAAAATC,1270
AGGAACCATCAATCCA,1270
TACGGTACACGTATGC,1270
TGAGGAGCCGAATACA,1270
AAAATAGTGATGAACC,1269
AGGACTATCTCGCCGA,1269
GGTCCATTGCTCTGCA,1269
TCATAGAACCGCAATC,1269
TCCGCTATTTTATAAA,1269
TGAGCTGTAAAAACAT,1269
TTTCGTGTCTGGCGTA,1269
ACACACCACCAAAAGT,1268
ATACGCCCTGTTCCAC,1268
ATATTAAGGGTGCATC,1268
GGAAAAGACAATATGC,1268
TGAGGCCCTCTTGACC,1268
TGGTATCCAACGCTCT,1268
AATTCCTAGGGCTGCA,1266
ACATGCCTTACATACC,1266
CACTATAAGCCACACT,1266
CTAGGAACAAGTTGGA,1266
GACCTTGATAAGAACG,1266
TAAGAACCTGGCCTCT,1266
TAATCGATCCGTAACC,1266
CTGCCATATACACAAT,1265
GCGTCACATCACAACA,1265
ACAGAATACGCATAAT,1264
CATACACAGTCCTCCA,1264
GATTCATCAGGGCGAC,1264
TTTGCACATGATTTGT,1264
ACATAATACCAGCAAT,1263
AACCAATACGGAAAAT,1262
AAGAGATAAATCATCT,1261
ACAGATGGACTCCAAA,1261
GTATGATTGATTGACC,1261
GATTAGGTGTATAACA,1260
TACGGGGGAAATTCTC,1260
ATAATAGAGTCCAGCC,1259
CATACTTCGCACATGA,1259
CGAGGCTAAGAGCACC,1259
CAAGAGAGAATCTATT,1258
CTCTACAAATCGCCGA,1258
AGAAAATACCGACTAT,1257
GAAAGTAAGTTGAAAC,1257
ACAAAACCTTGCAAAA,1256
ATCTATGCTAAAAAAT,1256
ATTACGGTAAATCAGC,1256
CATAATATGCGGCAGT,1256
CATGTAGATCACAAAT,1256
CCACCTACCCTCAACA,1256
GTAAAATTAATGCAAC,1256
TATCAAAAGAAATACT,1256
TATCACTAGCACAGCT,1256
TGAAGCACACGGAGCG,1256
CAGTATACCGTGTAAT,1255
CCGCTCTACTGAATCC,1255
CTACTAATGACCCAAT,1255
AGAAAACTTGTTCCGA,1253
AGAGATACCTAAAAAT,1253
AGAGCAACCAAATCCC,1253
CCCTTAGTGCATGTGA,1253
AACCCGCAATTACTTA,1252
ACTTCTATACTTCAAA,1252
ATCAAAAAGTTAACCT,1252
CTTGGGCATTCAAGCA,1252
TAAATAGTCCATCCCC,1252
TATAACCAAAAATGAG,1252
ATTACCCCATACTACT,1251
AACCTATGAGAAGGGA,1250
ATCAACAGACGGCCCC,1250
GGATGCAAACAATAAC,1250
TGACGACGAACAGAAT,1250
AGCCCTTAAACCCAAA,1249
CCTAAATGACTTCGAT,1249
AATTCCAAGCTCGGAG,1248
ATAGATCAGTATGAGC,1248
CCGAGGGAAAAGTACC,1248
ACAGACTTCCTTCTCT,1247
CTAGCCACAGTTAGAA,1247
GACCAACTAACAGGGC,1247
TAGTATTTATCCCTCA,1247
AGCACCGCTCTGATAA,1246
CTAACAATTCCTCATA,1245
TTACATAATTGCTGGG,1245
AATGCTTACATGATTT,1244
ACACGAATGGGAGGAT,1244
AGACCACTATCTGAAT,1244
CTCCTCCCGAAAATAG,1244
AAACCCATGCCTGGAC,1243
AAGTAAAGCTTAGCGT,1243
ACACACTGGCTTAAAA,1243
ACATAAGCATTGATAC,1243
ACCTGAGCCAAATCGT,1243
AGCATCTCAAGTCCTT,1243
CGACCTTGGGCTAAGC,1243
AAACACTCAACGCCAG,1242
ATAAACAATAGAGGAT,1242
GAGAATAAATTCCACC,1242
TAACAGCTATGAAACT,1242
TATCATTGCCAAAAAA,1242
TCGCCCCTCTATCATT,1242
ATATTACGGATGATAC,1241
CATCTATACCCACGCA,1241
GGATCATACAGGCACT,1241
TCCTAGCATTAAAATC,1241
TCCTGTTTTCTATCCT,1241
AAATAATAGAAGTCAT,1240
AATTTAATTCATTCAT,1240
GAACTGATGATCGGCT,1240
GATAACTAAATCACCA,1240
TGGTAACTGATAATTG,1240
TTATATACATCCAATA,1240
CCGTGGTATCGAACAG,1239
TAACACTACTCCAATT,1239
TACCTATGAAACCTGT,1239
ATACAATTTAAATATC,1238
ATGACGCTAAAGTACA,1238
TGCACATAGCCTCGCA,1238
ACCGCAACCAACAACC,1237
ATAACATCTAATAACA,1237
ATCAATATTAATTCAA,1237
CCTAATAATGTCCGGA,1237
GAAAACACTATCGTGG,1237
TACCAACCTAAATGTA,1237
AGAGTTAAATCTGATC,1236
TTAAGTTAAATCCGGG,1236
AAAAAGTAAAATTAGG,1235
AGGGAATACAACATCT,1235
ATTTCGGGAATCCGAC,1234
CCCTCCCTTAATTTCC,1234
GCACTGCGATCTATGA,1234
TGCCGAGTCTAGTACT,1234
ATGTTATAGAAGCCTA,1233
ATTATCATGTAATCAA,1233
CGGATGTCCAAAGCGA,1233
GAATACTGTAAAAAAG,1233
TATGACTCCGACCGGA,1233
TGAAGCGAATCAGTTT,1233
TTAAATCAATGAAGTC,1233
AGAGAGATAAAGAGAC,1232
CGAAGTTCGATTAATG,1232
TCCTGGAAGCCGATGC,1232
AAGAGTAAAATTGATT,1231
AGCTATCCTATTCCGT,1231
CCAAAACAATGCACCA,1231
GAAGTTTTATGCATCA,1231
GCTTGTCTTTGAGTAC,1231
GTACGTTCTTCGGCTT,1231
AGTCAGAGTACCACAT,1230
GCTAACTAGGTAACAT,1230
TGACAACACCTAAGGA,1230
AATCTTTCTAATTCCT,1229
CGTAACAATGGAGACC,1229
TGATAAGGACATCAGA,1229
AGGTGATAGGGAACAA,1228
ATTAAAGTAGTACACA,1228
CATTAAGCAAAAAGCA,1228
CCACGTTCCGTCTGAA,1228
CCCTGAATTGTTTGCC,1228
GAACAAAAAGCGAGTC,1228
TATCGTAATAAGAGGT,1228
TCCATTGATCAACCCA,1228
TGATCTTTAGAAAGCT,1228
AAATGAATAACTCCAA,1227
CCGCCGCTGCTGTAAC,1227
CGACCTTAGTACGATG,1227
GATTTCTCACCAATAA,1227
TAATCGGTCGAGATAA,1227
ACCACTCGGACCTCAG,1226
TTGCTGTACCCCCTCT,1226
AAAAAACAATGGTATC,1225
ATAACACCACTAAAGA,1225
ATCCAAGCTACCAGAT,1225
AATCGACCCGACCCAT,1224
ATGCATAACTAGACCC,1224
CATCTACTTTACATCC,1224
CTCAGAGACAACGCCA,1224
AAGACCCCACAGGACC,1223
ATATCCCTGCTGATTG,1223
CCTTAACATCAAGGAC,1223
GACATTGAATCTGACC,1223
TTAAAATATGTGACCA,1223
TTTGTATGAATTGACC,1223
TAACTACTTCTTGGCG,1222
AGTGCTGCAGCGACGG,1221
GCAGCGGGGCTATAGA,1221
TTTCCACATTATTTGA,1221
AATCCTACAGAAGTAT,1220
AGAACAGCACGTTGAT,1220
GTGATGGTATGAAATC,1220
TCCACTGCTACAATTT,1220
TTACACATCCCGAATT,1220
ACGCCTAATCTAGCCA,1219
CAGCTCGTAATGCTAA,1219
CTTACTTCAATGTAGA,1219
TAACAAAATGGTAATA,1219
TAATACCATCATCACT,1219
TCTTGGAGGGTGTTGA,1219
AGAATGTAACAATGCT,1218
AGACACACCACTAGCC,1218
GCAAATTCTCTGGATT,1218
TATTTGTTTTACTGCG,1218
AAAGTGGCAGTAAAAT,1217
CAGTTGTTGAAATCCT,1217
GCGGTCCAATATTGAA,1217
TCCGTTGTAGATCACG,1217
TGGATCAGACCAGTTC,1217
AAAAACAAAAAATAAC,1216
ATATTACGTTTTTGCC,1216
GTACCATTGTAACGAC,1216
GTTCCAATCACCGCTC,1216
TAGAGACCAACTACAA,1216
ACGATGTGAGTAGACC,1215
CAAGCGAATACCAGCC,1215
CACGTCCCGAGGATAT,1215
CATAAGTAATACAATA,1215
GCATTATCCCCCTGCA,1215
ACTACTGGAGAAATTC,1214
ATCCATATCCTACCTC,1214
CCGACGAATAGATTGT,1214
CTGGCTTGCATGAGAT,1214
ACACATGTCTTTGCAC,1213
AGGACCCCTTTAGCCA,1213
AATTAAGCTATTGCAA,1211
AGAACACCTAATAAGA,1211
CGGATAAGATTCATTC,1211
GAATCCCGCACCCCTA,1211
AAAATATTACCAATGA,1210
AAACTATTCACACCTA,1210
AGCATGACACTCGTAA,1210
ATAACACAAATTACCC,1210
GTCGTCCAACTTACCG,1210
TAATTTCATCTTAGAT,1210
TCCGGAAGTACTAATC,1210
AGTGGTCGAACATGCC,1209
AGAGCTTTGACATATC,1208
ATCTGTCGGGCTGATT,1208
CCTACCGAACCGCAAG,1208
TCGAGCAGCTCCAGGT,1208
TTGGAGGCCACCACTA,1208
AATTTCTGTTAACCTA,1207
ACAATCGGGTTTTCTT,1207
ACTTCTGCTATGTCTT,1207
CATTTACAAATCTTCG,1207
CGACTAAATAATTGAT,1207
TAAGGTGAAAATGACC,1207
TCCGCACTCTACTATT,1207
TTTGCCAGCTCGATAC,1207
CTACAACTGTTAATTA,1205
GCAGCTTCCAGTCCAC,1205
ATTAAAGCGCTTTCCA,1204
CAAGTTAAAATACAAT,1204
TAACGTTTCCAACAAC,1204
TGTCGTTTAAACGTCG,1204
TCTTGCAGATTGAATA,1203
TTAGAATTCCTTTATC,1203
AGAACTATCACAACTA,1202
CGGCTATGGTGACATC,1202
GAAACATAACAAAAAG,1202
GGACGTAAATAGGTGA,1202
TTACACTACCGTGACC,1202
TTCGTAATTTGATACA,1202
AGGCGGAAAGCGTGGA,1201
CATCAACGGTTATCGT,1201
CTACCTGTATGCATGA,1201
GAATAAATCTAAAAGA,1201
GAATCAACCCATTTAC,1201
AATGACGGTCTACCAA,1200
AGATACTCCAACATCT,1200
CACACATAGAATGGAT,1200
GCAACGAAAAACAGAT,1200
GTACTTGTCTGGCAAC,1200
GTTTCATGTAGCAAGA,1200
TCTATTACCAAGACCT,1200
ACCTCCCTAACCATAC,1199
TATTGTATGATTCATA,1199
TTACGTAGCGTATATG,1199
ACCAAACGTCATATAT,1198
ATGAATCCCCCGGTGC,1198
CAGAATCCCATGCAGG,1198
GACCTCAACGCTGATA,1198
AGCCATATCATATAAC,1197
AGTCACCGGGCTATTT,1197
TATCACGGATAACGTA,1197
TCTAAACTTAAGCCAA,1197
AAACCACATCTGACCA,1196
ACCAAAGTGAGGAATC,1196
CACAGATAGGAATTTT,1196
CATTGACAGACTATAG,1196
CCACAGCAAGCCCTCA,1196
CTATGCGTGTTCCAAC,1196
GACACTAAAAGTACCT,1196
TGCTGTGTCACCAATT,1196
ATATCATACGACAACC,1195
GTACTAAACACATAAA,1195
CAGGCATTCTATTTTG,1194
CGTAACCATACCACCA,1194
AGCAAGGCAGTTCCAG,1193
ATAAAACATGCCATTT,1193
GGCGACTACACTAATA,1193
TACACGAACTAACCAT,1193
TACCAAGTTAAAACAA,1193
TCAAAACTAACTGTAC,1193
TTGGAGTAAATCGTAC,1193
ATTAGCACCAGGAACT,1192
TAGTTGTAGGCGCAGC,1192
CAAAGGACCTTCGAGA,1191
CACTGCTACGAGAGGA,1191
CGAAAAGTACACCCTT,1191
CGCGAGTTTGCATACA,1191
GCTCTTAATATTGGAC,1191
TGGTACGCGAGAACTG,1191
TTAAGACAGGTCTCAG,1191
AATCACTTTCGAACAA,1190
ACACAGCTTATAATGT,1190
CTAGCGAGAACAAATC,1190
ATCATCCTCCAACCCC,1189
ATATAAAGTACGCACA,1188
CACTATCTATTCATAG,1188
CGAGGACACGCGTTGA,1188
CTCCATAAATCATGAA,1188
AAATGTTTGAACTATC,1187
CGTCACAATCTCTCGT,1187
CGTGGATCAATAAGAC,1187
GACTAACTTTAAAAAT,1187
GGGAGGTTTACCCTAA,1187
TAAAGTCTGAACATAC,1187
TTAAAAGTAGAAGCCA,1187
AAAACATTGTGGAGTC,1186
AGGGTTCGTATGTTGG,1186
AGGTAAGCTAAAGAGC,1186
CCCTGTGCATAATTTC,1186
CTGAATACAATAGCAC,1186
TGATGCGTACCGAAAC,1186
ACTTGTGACAAAATGC,1185
CTATCAAGACCTTTTG,1185
AACTGAGGTTTGACGT,1184
GTGCACAGGACTTAAA,1184
AAGCTAAAAACTTAAC,1183
ACCCTAACACTATTTG,1183
TCAGAAAAACCGCAAA,1183
AAATGCACCCACTATG,1182
AACTTAGCAGATTGAT,1182
AGAAGGACATGTCCCC,1182
TACTGTAAAAAACAGC,1182
ACATGCCCCCAAATTG,1181
GAGGCTGAACATCAAG,1181
GTAGTGAATCCCATCA,1181
TACATTCTTATACCAA,1181
TTACTCGATTCATCAT,1181
AATTCGATTACCCGCC,1180
AGAATACTTATAAAAA,1180
ATTCACAACCCTTTCA,1180
CCTCTAACATAAAATG,1180
CGAACTAAATATTTTA,1180
GTATCAAACCTTGACC,1180
CCTACAAGAAATACAT,1179
TTCCAACTCCCGACAT,1179
AACCCGATAATCGGCG,1178
ACCAAAACTTTCAATA,1178
CCGCGTCTCGGCCACC,1178
GTTCATTCCTGAAATA,1178
ACACTTAAGACGTTAG,1177
AGCCTGACCTAGGACG,1177
AGGAGCGCTATCTAAC,1177
ATAATCGGCCAAACTA,1177
ATCGTCTAGCTGACTA,1177
ATGGACCCCCAAATTC,1177
TCATCGAAACGTTGAA,1177
TTAGAGCGGTAATCTT,1177
CACCTATTTAACACAC,1176
CACTTCTCCCCGCCAT,1176
GGCCCGCCGAGCGTGA,1176
GAAGGAAAACAAGTTG,1175
GCGGTTAGCAGAGATG,1175
TAACTCGTAATACTGT,1175
ACCCTAAATAAAAATA,1174
GAAAAGGCATATTTTG,1174
AACGAAGAGTAAGCTG,1173
CGACGGTAGAATCCAA,1173
GATTAGGACTACAAGG,1172
TTGACCGACCAGTGCA,1172
AAACATATTCGTCAAT,1171
AAGGCAGAAACCAAAT,1171
CTTATCCACGGCTGTA,1171
TAGCGGCATCACATGT,1171
TTCCATTATGAAACAA,1171
AAGCGCACGGTAAAGG,1170
GCACTCAAATCTTAAA,1170
GAATAGACCGATCGCG,1169
TAATGCGCCTTACGCT,1169
TCCCTATCGCAGCCTC,1169
CTGCGCAAAATAGATT,1168
GTATCTAACGCTGGGG,1168
TAATACAAGTTCAAAA,1168
TAATTACGTGAAATCT,1168
TGAAAAATCACTTATC,1168
AAAGGTGAACCACATG,1167
AAGATCTTGACAGCAA,1167
AATCCACTACCATACC,1167
GCACGCGTCAGTAGGC,1167
TAATCTAACCCCTCCG,1167
ATTACTAGATCAATCA,1166
AAGACGACAACAGAGA,1165
AATCGTACCTAATAAC,1165
AGGACCCCCCAAAAAG,1165
ATGTTAGCTAGGACCA,1165
CCCCAGATACGACTAC,1165
GAGAAAACACGGTAAT,1165
TAGAGCGTGAAGTGAC,1165
AAAAGTAAAACCTTTA,1164
AGATATGTCCAGCGAT,1164
CATCCAAAGATTGGCT,1164
TACATTGCAGGTCGAC,1164
TGACTGACGTGAACCT,1164
AATAAACCCTGGACTT,1163
CTCTAGTTAACAGCCC,1163
CTTTCTAGATTGGGTA,1163
GCATTCCTTGCACGCG,1163
GGACGGAGCGTCACTC,1163
GGGGGTCTAAATCTAA,1163
ACGCATAATTGGAGTA,1162
CAGATACCGACATCAA,1162
GAAGCGGAAAACTACC,1162
GACTTTACAGACTACA,1162
TTTAATCCCAAATGAC,1162
AAAACTGGACTCGATT,1161
TGATAGCATCTCATAC,1161
AGAAATACCAAAACGA,1160
AGCCTTCCTTTCACAA,1160
CGGTTCCTACTCTCCA,1160
CTACAAGCATAGCCCA,1160
GAAAAGAGCCCTACCC,1160
AGATTTAGAAGAAACA,1159
ATAGCCGTAAAAGTTC,1159
ATAGTATCCGCCGAGT,1159
GCCTTTGCTTCCATCT,1159
GCTAATAGATCTGAAG,1159
TACTTTTAAAGCCACG,1159
AAATTTAACGAACAAA,1158
AACCATCTCCCACACA,1158
AGAGAGAATGAATTTC,1158
AGAGATAGTTCAGACC,1158
AGGAAATATTCAATAC,1158
CGCACGATACAAGTCT,1158
GAAATGCTAATTGCTT,1158
TTAAATTGATTATAAT,1158
AAAGTGAACATCAGCG,1157
ACAGAGGATTAATTAA,1157
AGATGAAAAGACCTCT,1157
CATTAGTCGATACAGA,1157
CCCTAACCGCTCATAA,1157
TAAGCGATACGACCAG,1157
ACTCGTCCCAGATGTG,1156
CGTTTGAAATATGTAA,1156
CTTAAGAACATATACT,1156
GACGGTGCTTAAATAT,1156
GGAGCAACCGTCGAAC,1156
TAACCACTATTAATTA,1156
AAAGAACAGAAAACCA,1155
ACGTTATTTCAGTCAT,1155
CATGCAAGCTGTGACG,1155
GTATGAACGATGATAC,1155
TAATATAGCTGACATT,1155
AACAAAGCCAGTATTT,1154
CCATACTCACCATAGT,1154
GATGTCCACGAAAAAT,1154
TTGCCATGGTTTGATC,1154
AAAAGTATGAAAATCA,1153
ACGTAAGCTATCAGAA,1153
AGGAAGGTCGCACTCC,1153
ATGGTCAACACTTTAC,1153
CGATCTCCATTCACAT,1153
GACCAAGAAGGAGGAA,1153
AATACCCACAGTTAAT,1152
CACAGCGAGACATGTA,1152
TAGAGCAAGTATCATG,1152
TGCCCCTGGAACCGGG,1152
TTGGAAACATTCAGAA,1152
CAGACTCATCATTCCG,1151
CCACAACGTGGGCAAT,1151
GAGCTGACACGTGAGA,1151
ATTTACTAAGTCAGAG,1150
CACCGAAGCAAAGCGG,1150
CAGGTACATAGGCATA,1150
TAAAAATAATTGGCCA,1150
TCTATTTAAAACCATG,1150
ACGAACAACAAGACTG,1149
ATAACCCTTGCGGTAT,1149
CAAGTACTCGAATGGT,1149
GCACAAAACATTAGCC,1149
ACCTCACACTTAACGC,1148
ATAGTCTAGGACAGAG,1148
CTGCAGTTCTCTAACG,1148
GAAGATACCGATCACC,1148
ATATCACATTACAATA,1147
CACATAGGTATATCAC,1147
CGTAACCGTGTGTTAA,1147
GCAAACCTTATCATGA,1147
TGGAAGAACGAGTCTA,1147
ACCTATCATACTTTCG,1146
ATCTAAACGAATCAGT,1146
CACAGATGATAACCAA,1146
TATAAGTAATCAAAAA,1146
TATCATACAATCAAAA,1146
CGGCGACTAAGATGCA,1145
CTTTCATAACCGACAA,1145
GTTGTGTTACGGGCGA,1145
ACAGCTCTATCCCCAC,1144
CTTCGTAATCAAGCAA,1144
TACATAACTGAAGGTA,1144
AACCAAAAAAGTATCT,1143
AAGATTTCACTCGGGA,1143
CCGGATCCAGCAACAA,1143
CGGACAGTTAGCTAAC,1143
GAAAGAATTGACTCAC,1143
GACAGTGTCTTGCGGA,1143
GTCCAGACGGATAGAT,1143
AAGAGACCAATATAAA,1142
CAACCCCTATAAAACA,1142
CATATATGTTACTCAT,1142
CTAATTCAGAAGTGTT,1142
CTCCATGCTTCAAACC,1142
TGTAAATCAATGTGCT,1142
AAGACAAAAAATAAGA,1141
AGACGCTTCAAAATTT,1141
ATCCATATAACTATAT,1141
GCAACCCAACAAACCA,1141
TAACAGGAACAGGCCG,1141
AAGAACATTACGACCA,1140
ATAACTTTCACGCCAC,1140
GAATGTTTGATGCCTG,1140
GTTTCACCCGAGAAAC,1140
ACGAAATACAAGACAG,1139
ATCCTTGATGAAAAAA,1139
CAAATACAAGGGTTTA,1139
CCTGGTGTTTAACTAG,1139
TTTAATACTGGCAAGA,1139
CAAAGTGACCACTCAC,1138
CAGATAACTAACCCAA,1138
CGACCTCATACAGTAT,1138
GACATATTCACCTTTC,1138
TTAGGAATAAGCCGAG,1138
AGGATATAATATGGTC,1137
ATAAAAATGATTGAAT,1137
ATGCCTATACACAGAA,1137
CTGCGAATCTACAAGC,1137
GACGCAGTACTAAGCA,1137
GCAGGGTCACTTAAAT,1137
TTTAATCAGTGCGCAT,1137
ACCAAGTGTTGAACGT,1136
ATAAACTTTATCCATC,1136
CATATGCGTACCAATA,1136
GCCGCATGAAAAAAAA,1136
CTAAGCATGAGAAAAC,1135
GAATCGCCTCAAACTC,1135
TTACATCCGAAGCATA,1135
ACTCATAAACATACAC,1134
GCCATTTAGTAGTTAG,1134
GTAACGCGATTCCGAA,1134
TATCAACACCCTGTTA,1134
TCAGAAAATAAGCAAT,1134
TGAAGCGGATCAAAGA,1134
TTAAGCCACTGCCTTA,1134
TTGCATTATTCCCATA,1134
AGCAACCAACGCCAGA,1133
ATAAACACACATTTGT,1133
CAGAAATTTGTAAAAT,1133
ATCACCCCCAATAGAC,1132
CGGACATAGGCTGATT,1132
GGCCCACATCTAAGAG,1132
TCTTGAAACATGCATA,1132
TGCAAAATACGTACAA,1132
TTAGAAATCGCCGTTA,1132
AACGCAATATAATGTC,1131
CCAATAGCCCATTACT,1131
GCCTAGCCACATAGGT,1131
TGCATGAATCGTAATC,1131
AAGTAAAACAGTCCGA,1130
AATCTAAAGACCCTGT,1130
AGTGACCTACCAGTGC,1130
ATGAATCATCGTATTT,1130
GGATTCAAGCGAAGTA,1130
TCACAATCTGACTATG,1130
ACGCTGAATATATTTT,1129
CAGATTAAACGCCACC,1129
TCGATAAGAATGACAC,1128
TCTGATCTCAACCCAA,1128
TTCAGCGTTTTTCCCT,1128
TTCCCGGATCGTTCAA,1128
AATACTTACGCAAAGA,1127
AGGGAGATCTCAGCTT,1127
AGTATGACATCTCACA,1127
CCATACACGTACACTG,1127
TACGATCGAATGACTC,1127
TATAGCCTCTTGAGAT,1127
TTGTAATAATAGTTAC,1127
CAGATTTCAAGTTAGA,1126
TCGAGTGACCACATCG,1126
AAATTGTACGCGAAGC,1125
ATAATACGCTCATCAG,1125
TGATACTGGTTTAAGT,1125
AATGATGGTAACTGAT,1124
CAACTCAATCAACTGT,1124
TTGATTTTCAAATCTG,1124
AGACCATCCAATGTCA,1123
ATCCCGGAGTACCGCA,1123
GGAGACTTGGGGCGTT,1123
TCAGATGAAAATGAAT,1123
TCAGATGAATGATCGG,1123
TGTTATCGAATTAGAC,1123
AACAGCGAAAAACCAG,1122
ATAAATACGTAAAAGC,1122
GATTTGATAAGTAATC,1122
CTTTTGCCCAAGTGCA,1121
AAGACATGAATAGGCA,1120
ACCCGCCAATACACAC,1120
ATAAGTCATCAGGCGA,1120
ATCTTAGATAACGCCC,1120
TCTGAAGTGCTTAGAG,1120
TTCAAATACATAATCA,1120
TTCTGAACTACCCTAT,1120
TTGCTGAACCCGAACC,1120
AACCCATGTGTCTGCG,1119
ATCCTACACAGACCAC,1119
CCCTAGGTTCTCATGT,1119
GCGGTTCGTGGTCAAT,1119
GGATAGGGATTAGACC,1119
GGCATATTTAAAGCAA,1119
TAGCGGATATACAATA,1119
TCATGAAAAACGTTGT,1119
ATAATGATTCTTACCA,1118
CATATGAGCTACGTCG,1118
CATGTCCATGCTGCCG,1118
CCTGATGTTTCAATAA,1118
CTGACTGATTAATTAA,1118
AATAGCATTATAGTAG,1117
AGCAAACAAATGAAAT,1117
CCAGTAAAACCTCTAA,1117
AATAGTCAACCATCAT,1116
AATATAGTTGTTTTGG,1116
TTACAAATCAATACAA,1116
TTATCTACCCCCCACA,1116
CATTGGGATTGTTCTA,1115
TAAAACAATAAAATCG,1115
TTCCGCTGAATATACA,1115
AATAGGGGAATTTAAT,1114
AGTGTTAAAGAAATAC,1114
ATCACTGGGAAAACAA,1114
ATCTCTATCCTACAAT,1114
CTGAAATTCGACGAAA,1114
GTCTTTCTTGGACGTG,1114
GTTAACCCTAAAAGTT,1114
TATCATTGCCTGGCGC,1114
CGGCACATCTGGCCGA,1113
GACCTAGACTGGCCAT,1113
TGGCGCCTAAAAACTT,1113
AAAAGCACAGTCATCG,1112
AAACGTTAGTTGAGCG,1112
ACTACCTTCTAACCGA,1112
CTACATTGTGTACAAC,1112
CTACCGAACAGGGTTC,1112
GCAGGCATCGCATCCC,1112
GTTATGCCCCGAAGAA,1112
GTTCGGGTAGCTTTAA,1112
GGAACAGAGGTAACAA,1111
TATAGGCCGGTTTCTG,1111
AGGCTTAAATGAACAG,1110
CAACAGAACTTGTGAC,1110
TATACTCAGAACATTT,1110
ACTATCCTCCCCCGTG,1109
GACCAAATGATTACTT,1109
GCATAGTATAAGAAAC,1109
TCGACGAAAGTTGTGG,1109
AAGCTTTGTAGACCGA,1108
ACAGGCCGTAGAAACA,1108
CATAAGACCGAATAAG,1108
ATTATATGTTTAATGT,1107
ATTTCACTAGCGGTAA,1107
CAAGTTAAGCTATCAG,1107
AATGGCCGTTCTTAAA,1106
ACAAGCCAGATCCCAA,1106
GTGTCTAATAACGTGA,1106
TGCAGGAGAAGGATCC,1106
TTAATACATCTAAACT,1106
AACGAAGGGCCATGGG,1105
ACATTATACAAAAAAA,1105
ACTCGGCCTATTACGC,1105
CAACTGGCCATGTTTA,1105
CCATCCAGAGATTCAA,1105
CCTAGTCTGAGCGGCG,1105
GACCGCTATTCAAGCA,1105
TAAATGGCTCGTGGAT,1105
TCACCTAAAAATGCCA,1105
ATTTAAAGCGCGCAAG,1104
CAGTCCTAACATCCGA,1104
CATAACTATTATCTCC,1104
TACTCAAAAAGGCTCA,1104
TTTTTGTCATCGGAGA,1104
AACCCAATTCTAACTT,1103
ATAAAAGTCGGAAATG,1103
TGACGCGCTTCAAAAC,1103
TGGTATTGAGCTAGAC,1103
TTGACATAAGTTCGTT,1103
AAACACAATTCCTGTT,1102
ATCGAAAACAGTAAGA,1102
CACTCAATTCAATCAG,1102
CCAGATACTACTTATA,1102
GCATATCCCGTTCGAT,1102
GGCGCCGAATTCAAGA,1102
TAAAACTTATTGCCCG,1102
TGATGAAAACTAATTA,1102
TGTGGACATATACGTT,1102
ACATTGTCAACAATCT,1101
ACTTAACTTTGTTTTC,1101
CTCACGAAGACATGAA,1101
TAAGGCTCACCTATAC,1101
TCCCTTGATGTACTTC,1101
TTAACAATAGACAGCC,1101
AAGCTGTCGACTGCCT,1100
ACGACGACCCCAAGGA,1099
CACCACGAATCAGACA,1099
CTAATATCTAACGCTT,1099
GACCTAGTATCCTCCT,1099
TAACGATGCTTTTATA,1099
ACTTCAAAGTAAATTA,1098
ATATGTTCTTCAGCTA,1098
GAGAGACATGCTGAAT,1098
GTTAGCATTAGTCCCC,1098
TAAATACAAGCAAAAG,1098
AAAAAGATAATCTCAA,1097
ATAGTATAATGACATG,1097
TGATAATTGTGCGTTG,1097
TGATTAAAGGAGACGC,1097
AAACACAAAAACAACC,1096
CAACTCAAAGGTATGA,1096
GGTGGCTCTAACTCCT,1096
TACAGACTCGTAAGTG,1096
TCAACTAATAACATAT,1096
AACTATATACACCAGA,1095
AAGGTAAACTGTGGTG,1095
ACAACCTGCCGTTAAA,1095
AGTTAGAGAGAGTGGG,1095
TCATTGGGTTTATCCA,1095
AAATAGAAACTAACAA,1094
CTACCACTGGCTATAG,1094
GAATCCTGGTCATGAC,1094
GATTAAAAACTTTTGC,1094
GCACAGAATACCTGAA,1094
TAAGGATATTAACTAA,1094
TAATGATCCATACCAT,1094
TCACTTACAGACTCGC,1094
TGTTGAATGACGGCTA,1094
AAGATTGCAAGAATGC,1093
AAGATTTATAAAAAAC,1093
TGCGAAAGCGCAACCC,1093
AATTAGCGCTTTCACA,1092
AGTCCACGACTGGCAT,1092
GACGGTCTCTCAAATT,1092
GGAACAACCTGGACAC,1092
TAATATGTCCAGTACT,1092
TTTACGCAAAGGCTTT,1092
AGTTCAATACCCGGTT,1091
CGTCGTTGTTTGTGGG,1091
GAGATCACAGGTGCCA,1091
GAGGCTATGCTGGCAC,1091
GGGCCAAAATCATGTC,1091
GGGCTACATTCGTGGT,1091
CCAAGATATAACTCCT,1090
CCCTATCAACATAGAC,1090
GAGACTGAATAATGAC,1090
TCAGTCTCAAACAAAA,1090
TCATAGTTGCCAAAAA,1090
TCTATTAACACCCAAA,1090
AACGCTTAATTATACC,1089
ATACACGGCAATACCA,1089
CCTAATCAGCGCTGAC,1089
CTACAAAGACGAACAA,1089
CTCACAATGGGATCCC,1089
GAACCCCATAAGAATC,1089
TCTTAGAATTTATTAA,1089
TTCATTTTTATGACAA,1089
AAGTCTGATAGAAATC,1088
ACCAGCTCGGTAAAAA,1088
CGAACAATTACAACCT,1088
GATGTGGGTAGGCTGG,1088
AACTGCTTCCAAAATG,1087
AGTGCTTCCTTTTATA,1087
AACCTTAAAATATAAG,1086
AATGTATATGAAAGCC,1086
ACATCAGGCAATATAC,1086
AGTCTTCTAAGAGGAA,1086
CATTACAATACATATC,1086
GATGCATAAACCACTA,1086
TGACTGAGAATTTACC,1086
AACTTCCCTTTACTGC,1085
AGAACGAATCGCTCCC,1085
CCCAACTATTCAGCTA,1085
GTAGAAATAATCCACT,1085
TATAAAGTACACGACC,1085
AAAAGACAAATTACAT,1084
AACAATGAAAACGGAC,1084
GCTCTAAACTTAAATT,1084
GCTGTAAAACGTTACT,1084
GCTTATCGTACGTTGT,1084
GTTTTAGCCAGCAGAT,1084
TAAGGCATATCACTGA,1084
TGCTAAAACGTGACTC,1084
AGATCAAAACCTTCGA,1083
ATATACCTCATTACAG,1083
ATCATACGCTAAGTAA,1083
CGCACTGACGACAGCA,1083
CGCCTGTCATGCCTCT,1083
GAGAAGGCCACCCATA,1083
AAAGTGAAGATTGCTC,1082
AATCGTCATAAATCTA,1082
CCCCACCCCAGATTTG,1081
GAGGAACCCAAACGTA,1081
GTAATTATCTAGGGGA,1081
GTTAATGATTAGAAAG,1081
GTTGCGGCTTGACTAA,1081
ATCCCACATACTTAGA,1080
GTAGCCGGTCCTTAAA,1080
AAACAGAAGCACTCAA,1079
AACTGATCAGCCGGGG,1079
ACAAACAGGATTGATT,1079
CAGGCCAACGAAGACC,1079
GCATGCAGCATTACAA,1079
TATGAGGCTGTTGAAA,1079
TTGCTTTAAGATCTGT,1079
AATTTTGCACAACATC,1078
ATACACGAGATGATTT,1078
ATTCTCAAATACACGA,1078
TAAGTGAAGTAATGCC,1078
TCTTCTAACTTTCGAC,1078
TGGCGTATGTGCAACC,1078
TTACACGTTAAACTCA,1078
AAAGACTTAAAAATAC,1077
ACACATAAAACAGCTA,1077
AGTATTCTAAGGATTC,1077
CAGAAACCCTTGCTAT,1077
CCCGCCCCATCTGGGA,1077
TCCACGTTCAATACCC,1077
CAGGGCGAATTCAGAC,1076
GTCCAAGCTTATCTTT,1076
TAGTCACAATAAATAA,1076
AAAAGGAGTACTATCG,1075
GCAAGCGGTCCCACTT,1075
GTGGTACCCCAGCCCA,1075
TGACAGCTTAGTTACA,1075
TTCTAAAACCCACAAA,1075
CCCCACCCTTGTAAAC,1074
CGCGCCAAAGGACCCT,1074
CTAAATTGTCTAAATA,1074
CTATCTAAAGATAGAA,1074
GCATTGATACTAGTAT,1074
TTCAAGTATATGTAAT,1074
AACACAAGTTTATCTT,1073
AATCACAATACGCCTC,1073
ACCGGCTAATTCAACA,1073
AGTGTTATAACCCGCT,1073
GTCTATGAAGCCCCAG,1073
AAGGATTCCGATAGGT,1072
CTGGGTCGATACAGTA,1072
GATTTACACCGTAAGA,1072
GCGACACATGCTCAGC,1072
TCAATTACCTAGAGTT,1072
CAGTTACACACAACAT,1071
CATGACATGCCCTAAA,1071
CTTCTTTCATTCGCGC,1071
GATTAGTCCCGGAGCA,1071
GCCTTACAAGCTCCCA,1071
TTCCCAAAGAACGCAA,1071
TCCCATCAAATAAAGT,1070
ACAATAAGGTTGCAAC,1069
ACATGAACTAGAGTCA,1069
AGCCTGGCTAGCACGT,1069
CTGGGACTTAATCCTT,1069
GGCAGGAAAAACCTCC,1069
AAGAACGGACAATTTA,1068
ATCAAATGTTCATATT,1068
CTATACATCATAATTC,1068
GACCACTAGAACTGAC,1068
GATCTCGCCCTGCGAT,1068
GCGTCAAACAATTGGC,1068
GTGAATGTACCCTAGG,1068
TAGAGTCAATAGCCCC,1068
AAATACTCACGAATCG,1067
CATCCAAATACCAAAG,1067
CGAGATGCGTCAAATT,1067
CTCCTACAACACCCAC,1067
ATTCAATAGCGGTCAC,1066
GAGACAAGGATACTTA,1066
GGAAGTTAGAAAAACA,1066
TCGAACACCCTATACA,1066
AGTCAAGCTTTAATGA,1065
CATGCCCATCAACAGG,1065
CCAAAAACAAAGTACT,1065
CCCAAGTCTGACAGAT,1065
GACCTCTTGCGGTTGT,1065
TAACCGTCTCATGATA,1065
TTACTAAGAAATGTAA,1065
AGCGATGGCTGAAACG,1064
CAAAGTCGAATAGCCG,1064
CCAAAGGACAGTTAAA,1064
CTGGCCTTCTACATGT,1064
CTTATTACGACAACCA,1064
GAGCAACATAAGAACA,1064
GCTGGAAGGTGGGCCA,1064
GGAGACACACATACAT,1064
CACCCATCATTTCCTG,1063
CTATGCTTGGAGGTAC,1063
TAAATTTGTCACATTG,1063
TAATATTGTATCACAA,1063
ACGCAAGTTAACAACA,1062
GCCCCCGACCTCACAC,1061
GCTAATTTCCGTAGGG,1061
TGCCGTCCCACACTAA,1061
ATCCATTCCGGCGACT,1060
GAGTTAAGGTAACGAA,1060
TCCCGCGTCTCAGAAT,1060
TTTTACCGACGACTCC,1060
CAGAATTTAGATCCAA,1059
GAAAATAAAACGACCA,1059
TTTGGCCATAAGAAAG,1059
ACGACAGTACGATAGT,1058
AGCACACATCTGGGGG,1058
CTCCCACAGGCGGTAC,1058
TGCCACAAAATATCAG,1058
CAGATAACGGGTTCTA,1057
CGGTGTTAAAAATATA,1057
GAGTACAACGCAGTTT,1057
TGTTACAAAGGGTATC,1057
ACAATGACCATATTCC,1056
GATCAATCACTCATCC,1056
GGGACCATATAATGAC,1056
CATTATCTAATCAAGA,1055
CTAGTGACCACGCTCC,1055
TGTTGAGTTTTAGAGG,1055
TTCTGAATGGTTCCAG,1055
AAATACTTTGATATCC,1054
AACACGATGTGAACTC,1054
ACAAATCACTGTAGAG,1054
CATACTTAACCACCAT,1054
CCACATGATGGTATAA,1054
CCTGCTTTGAGCAAAA,1054
CTAAACTAACGATTGC,1054
GCTTACATATCCTGAA,1054
TTATAACATGCTCCTT,1054
AAATCATGGCACTCAT,1053
CACTACGATAGAGATC,1053
TCACAAAGCTCTTAAA,1053
TCATTCAGTGCACTTC,1053
AAGAACCAATAGTCAA,1052
ACATCACGCTTGTCAT,1052
CTGGCAAACAAAGTCA,1052
TCGCGACCGTCAAATT,1052
ACGGTCAGTGGCCTGC,1051
CTAGACCGGATCAGCA,1051
TCAACCGACCCTTATG,1051
ACATATACAATATTCG,1050
AGCTTATGCTGGAAAT,1050
CTAATATTCCTCCTCC,1050
TAGATGACCCGAAAAT,1050
AACCATGAGGCACATA,1049
AATGAAGAACCAAAGT,1049
ACACGCTTATATGGAA,1049
AGAATGTCTCTGCATG,1049
ATAACATTTACTAGAC,1049
CAAAGTGGCACCCCCA,1049
GCCCCGTCTAATCCAC,1049
GGCCGATACATAGAAA,1049
GGGATGGAAACGCGAA,1049
TCACACACCTAATAAA,1049
TGATTTACCGGTCTTT,1049
ACACCAAGGCATCAAG,1048
AGAACCGAGCACCCGT,1048
CGGCAATTGGGATAAG,1048
GCACAACACCTTAGCA,1048
GCCTAATAATCGTAAA,1048
AAGCAAAAGTAGGTGT,1047
AAGGATTGCAAGTTCA,1047
CATACCGGATACATAT,1047
CCATGTTAATAACACA,1047
GAATATATAAAGTGAA,1047
TAAAAGAACTGAGCAT,1047
TAAGCTAATCTAGAAG,1047
AGATACATCCTTAAAT,1046
GCCAAATCAAGCCAAG,1046
GGATACTGTCCCGAAG,1046
TAAATTGGCTACACTC,1046
TTATAGTCTTATAGAC,1046
AATGATGCCACGTAAA,1045
ATACTCAGACGCAATA,1045
GACAAATACTACAAGG,1045
TATCGAACAGAGTAAT,1045
TGAGCCTTACACATTT,1045
TTAATTGTTTTCATAT,1045
AAAAGTAGGTGCATGT,1044
ACGAGAATGTGGAAGT,1044
AGTGTGGTTAAAATTG,1044
ATAAGTCCCTTGTGAC,1044
TACGAAAATAGTGTCA,1044
CGACTCATTGGATTTT,1043
AAGACTGACGACTAAT,1042
ATACAAAACGATCCTT,1042
ATTAAAGACCCCTGAG,1042
GGAGCTTCGAAATATT,1042
GGCGAAAACTAAAAGG,1042
TAATTAAGAGAAAAAA,1042
TTGATACCCAAAGCTC,1042
ATCACAATTCTAAAAG,1041
CATTGATAAGATCTTG,1041
CATTTATAGTGCAACA,1041
TCAAGAATCCGTATAA,1041
TCCTGGACGACAAATT,1041
GAACAATTAAACACCT,1040
TAAAATCTAGCTAGAG,1040
TATAAGGGAAAATCAC,1040
TTTCCCTAGGTCGACA,1039
ACACATACATACTTGT,1038
AGCGTATACCCGATTA,1038
CCACTTTAAAACCCTG,1038
TGCTACAATTGGGATC,1038
TTTGGATCTAAATCAG,1038
GAGTCCAATTCATAGT,1037
GTATACCAACGTGCTG,1037
TAATCACCCGACTAAT,1037
AAGACGAAATCCCGGC,1036
AATATAAGGATATGTT,1036
CAAACCCTACTTGCGA,1036
GGTTTTCGCCGCCTTT,1036
TCGAGGGCCCAGAGAG,1036
ACTAAAAAATTGTCAG,1035
CTAAAAGAATAAAGAA,1035
CTGATAAAGACAAATT,1035
GACATCACGCAAGTCG,1034
AAGAACCAACCTTGGA,1033
ACCAATGAGAAGCTGT,1033
ACTTATTGAGGCTCTA,1033
AGTACTAGAAAACAAA,1033
CGAGTGTATATTCTGT,1033
CTTCTGGCAAAATTTC,1033
GATACAGAATCGAAAC,1033
GTCGCTACTACTGTGG,1033
CACCTAAGTGGGTTTT,1032
CATGTCTCGCTATACT,1032
GTTATGTCAAGCTTGC,1032
TTGATTGACACAGTTT,1032
AAATTCCATAGGGTTA,1031
AATGTATAACCTGGCC,1031
TAAATAATATGTTGGA,1031
TCAATAGAAAGGTATA,1031
TCGAGCCTATACACTC,1031
TTGTGAAAAACTTAAT,1031
AGCCCCAACCTCCATC,1030
CAAAAATATCAAAAGA,1030
CCAAGGGGTACTGTTT,1029
TAACTCGAAAAAAACA,1029
TTTGATGCCAGTTCTG,1029
AAATTATACCTTCTTC,1028
TTATAGATAGCTAAGT,1028
AAAGAACAAAAACATA,1027
ATATACTCCAGAGAAC,1027
ATCACACGGACTTCCG,1027
CCCATAAGATCCAAGC,1027
CCCTTAATCAAAAAGG,1027
GATTAACAATCTGCGA,1027
GATTTGCTACATACGC,1027
GCCGACATGAAACCAA,1027
GGAGCTGCATCGTGGC,1027
TCCGCGTGCTATCAGG,1027
TGGTTTGAGAGTTCAG,1027
AGCATCAAATACCAAC,1026
ATAAGTGAATTAAAAA,1026
CAATTAACACCACCCA,1026
CAATTGTAAAAACCCC,1026
CGGTAACCTAAACAAA,1026
CTACCACATATTTATC,1026
CTCTGTGATAGGAGCC,1026
GTCTGAGAACGACTAT,1026
ACTCAAATAATAAGCT,1025
AGAATGGCTGTACTAA,1025
AGCGCATCCCCTCGAT,1025
ATTACCCTACTTGCAG,1025
GAAAAACCAGGTTGAC,1025
GCCCACTACGATGAGA,1025
ATACGTTAATCATACC,1024
GTTATCGAAGGCTGCA,1024
TAAACAACTTAATGAT,1024
TGGCAGTAAAAGTCTA,1024
AAAACCCCGGACGGCG,1023
ACTATAATACAGTGAA,1023
ACTTACCACGGGTATA,1023
AGCGCAATACACATTC,1023
ATGGACTAAAATAAGA,1023
CACTCTCATAAAATAG,1023
CAGATATCCCTGTCAC,1023
CGCGATTCCTTCGACA,1023
GACTGTAGCTTGACGT,1023
GAGATGCTCTTCAATA,1023
GAGGGGAGAAGCCAAA,1023
GGACCAATTATGTATC,1023
GGGTAATATAGATCTT,1023
TCTAACTCCCCCCGGC,1023
AAATCTAACCGAAAAA,1022
ACGTTTTAAGATGAGT,1022
CCGGATCGCAGAGAGT,1022
GACTCATCACTGCAGC,1022
TACGATGCCCAATGTT,1022
TGTAACATACTGCGAG,1022
AGAATAATCCGAAGTA,1021
GACGTGTGATACATAG,1021
TTAGCCTTCGAAGAAT,1021
ATCCTTCCATGCAAAT,1020
CACTCCCCATAAAACA,1020
CGCCTTCAACGTCAGA,1020
CTAAATAACTTACCGT,1020
GCAATAATCAAAATCA,1020
GTCACTTAACAATTTA,1020
AACCAACCAAGACGAA,1019
ATCCCTGTGCAACATG,1019
CCCAGTTGGGGAGATT,1019
TACGATTGTTATACGA,1019
TCATGGTACCACCTTA,1019
CTAGTAAAGAACAGTA,1018
CTGCCTAGGACAATTA,1018
TGTGCAGACCAAAGGT,1018
AATACTAAATATCGCT,1017
ATTTTGTCGCGCTATA,1017
CAAAAAAACAAACGGG,1017
CAACAGTAGATTTCCA,1017
GAATCATTCGTTCGAA,1017
AAAGAAATTTTGACAT,1016
AGCATTAAAACACACG,1016
ATTGAAATTTAATGTA,1016
ATTGACCCAAATCATG,1016
CAATATACGTAATGAT,1016
GAGGAGTCCAGTACAA,1016
TGCCTTTCCACTATAG,1016
AATTCAAACATTGGAC,1015
CACGCTAGTATCACAA,1015
CCGAGCACTAACGACC,1015
TTAAGTATAGCATTCT,1015
AAGCACTTTAAACGGA,1014
AATATAAGTGTACTAC,1014
AATTCGAAAAGGGTAC,1014
ACCCGGGTTACTCAGA,1014
ACGCAGCCCAATTTCT,1014
ATGCTTTTAGAAGTAA,1014
GGACAAGAACACTACA,1014
TACGTTATTATCACAT,1014
TCGGAAAGGTCCGATT,1014
TTTCATCTTGACGACC,1014
GACGGCAGTCTTAACC,1013
GATACCTACCACACTA,1013
GCAAAAAAAGCTGAAT,1013
GGTCTGCAGCTGTGCC,1013
TCACTCTATAAACAGG,1013
CCCGCCACTGATCACC,1012
TACATTATCGCTTACT,1012
TTACCGAGACATAAGT,1012
CCAAACACCATACAAC,1011
TTGAGAATCCTGATAG,1011
AGAGAAATAGGCTAAT,1010
CGATACTACCTGGAGA,1010
GAAGAATTTCGGCGAG,1010
GAAGTTACTTCTGGTA,1010
GGGTGGCGGATCAGAT,1010
AGACACGAGATAATGT,1009
CAATTATCTCATTAAA,1009
CGCCTTAAAATCACTA,1009
CACCGTGGTGTAAACA,1008
CATATCAGGATGTAGA,1008
GATCAAACTTGGTACT,1008
TCAAAACAACGCTTGT,1008
ACAACACTACACTAAC,1007
CACACCAAAAATAATT,1007
CTAAAAACAATCTATA,1007
GAAAACCTGGTGTGAT,1007
TACGGCTTTCTATACA,1007
CCACTCGGATTGAGAA,1006
TGGAAACGCAGATATA,1006
AGCATTAAAACCCTTC,1005
CCGAAATAAGATCTTG,1005
CGTTTGACAAATGAAA,1005
CTTTATATTGGGAGTT,1005
GCCTATCTCGACTTAC,1005
TAATTTGGCAATGAAT,1005
TGATCATAATTAAATA,1005
ACATACCTAGGCGGAC,1004
TCTCTATTGGTCGATT,1004
AAATGTGTCCCGCCGG,1003
ACAAAGAGTTAACACG,1003
AGAGCAGAAGCATCAC,1003
AGGAGTAAACGCATAC,1003
ATCAGAATATAAGTAA,1003
CAATTAAAATGACGGA,1003
CGATAGTCAAGGAAGC,1003
GGAATACAGATAGCGA,1003
GTGCATAAAATATCCG,1003
TTGCAACCACTTTTTA,1003
AATTATTATATAAACT,1002
CATACAATCAAAGAGG,1002
CTCTACTGAAAAATAA,1002
CTGGTTCAACTATAAA,1002
TGTATAAACGTCAACA,1002
ACATCGTCCGTCGAAC,1001
AGATCCCGAACACATT,1001
ATCTAACTCCTACTTG,1001
GGATACAACTCAATTG,1001
TACAATACTTTTGAAT,1001
TGTCGAATGATATTCA,1001
TTAAAGATGAAGTATT,1001
CATAGTGCTGCCAAGC,1000
CGAAAAATCTAGACGA,1000
CGTCAGTTGTGAAGTT,1000
CGTGAAACCTTAATAT,1000
AAAAATCTGAATGGTT,999
ACAAAATGCGGCTTAC,999
AGAAATTCTAGCCGCC,999
ATAGAAGTCACCATCA,999
CAAGAACTAAAATACA,999
CACATTGGCGCCTTCA,999
AACAAACAGGACATCA,998
ATCCAAAAATTTTTAT,998
GCATAGCAATACTTAG,998
TCACTGTGGAGCGAAT,998
AACTGGATGCAAGGTA,997
ACTTCAAGCTATGACA,997
ATTGCTGTCAGTTCCC,997
CAACTATATTAATAGA,997
GACAAAAATTCAAATA,997
GAGAAGATTAAAAACG,997
TGAAAAACGATGAGTG,997
AAGCAAACAGAACACA,996
CAATCTATAACCGTCC,996
CTTGGTTGCAAAGATA,996
GGAAGCGAGCAAATTG,996
GGCCCCATGTATCCTC,996
TTATCTCAAAAAAATC,996
ATATCCACCTAATCCG,995
CAAAAGGGTCTCAAAG,995
GACCCCGTTAAGTGCA,995
AAGGGTATCATTGATG,994
ACCTTCAACATGGTGT,994
GTTGAAACCAGAACTA,994
TTACACCGTATTTAAG,994
TTGCCTACGATAAACG,994
AACCGTTAAACCAAGA,993
AATTCGGCCGAGTTTT,993
AGGACGGCACTCTAAG,993
ATCATCGGGAAAAACG,993
ATCATTATAAAAGGGC,993
CAATATTATTTAGAAT,993
GTGCGCCTAAACTTCA,993
TGAGGTACCAACCGCC,993
TTACGTTTCAGAAAAA,993
TTAGACATTTACACCT,993
GCATACAATAAGAGTG,992
GCTGGCAAATAACAAC,992
GTTTGACCGTGGAATG,992
TATACGGAGTTCTACT,992
TTCGTCACCTTCCAGA,992
AATAAGACATATACAC,991
ACCGTGCCCAAACTCC,991
ATATCCCTCCGGTCTC,991
ATCGCAGAATTATGCA,991
CTATGGCGTGCACGTA,991
TAGTAAGCAAATATAT,991
AACTTAAAAAAATCCC,990
AGGAAGTCTATTTGAG,990
AGTCACTCTATTGCCG,990
CTGTTAGTCCACTGGC,990
GACTTTAGAACAGCTA,990
GTAATAATCTGACAAT,990
ATCGCTGATTACCATA,989
GAATTCAGTATCGTAC,989
GGGCGATAACTACACA,989
GTTATGAAAACCCATG,989
TGGGAAAAGAATTAGA,989
AAATGCTACGCCGGTA,988
AATGAAGCACAATTAG,988
ACCTAATACCAAAATA,988
GATAGATAAGAAGACC,988
GTTTGTCACAGCACGG,988
TATCGGAAAAACGACA,988
AACCACATCATTGAGA,987
AAGCACGCACTAGACA,987
ACCTTCAAACCGTGAC,987
CAAGAAAGTTCCAAAG,987
CTTGTGAAGCAAGTTC,987
GGAGTACTACTTCTGC,987
TTACAGACGCCAGCTT,987
AAGCACGCAATAAAGA,986
AGACCTATTATAAAAC,986
CAGTTTGTACCAAGTT,986
GACATGGAGGCCAAAA,985
TATGCAGTAAAAACTT,985
TTTAACAGTACAGACA,985
AGCCGGTCTAACAGAA,984
CCTATTATTTGAATAC,984
CGTACACTTAATATAG,984
GCGTTAAAACTTCTGT,984
TCTAGACATGATCAAC,984
AAGCGCAATGATATGT,983
ACCCCCAGATAGTAAC,983
TACATGCCAAATCAAG,983
TGTGTGACAATCAATG,983
TTTGTATTAGCTTCTT,983
AGATAATAAAATAGAA,982
TCTTTATGAAGAATCA,982
GATTTAAGAGAGGGTA,981
GTACTCAGTACGACAC,981
GTCCGAATTCGACAAA,981
TTACTAGAACGATTAA,981
TACTAGGAATATAAAT,980
AGACCTATAAGAAATA,979
CAGTTTTTTCATCCAG,979
CCCCTACCAAAGAGCT,979
CGCACATACTTCACAT,979
GCATGTACGAACAGAC,979
TCAGTACCCGAAAAAG,979
TCATGTGCTCTAAAAA,979
AAGTATTTCTTTATTT,978
ACATAAATTGAATAAT,978
AGCGTACAACAAGCTC,978
AGGCTAACTCCACAAA,978
GAGTCGAAAGGTCACT,978
TGGTTCTTGACGGGAA,978
TTCCGACTCAACGTCC,978
CCTAAAGCTCTAGTTC,977
GAAAAGATGGTGCTAT,977
GAGAAACTAAATCGAA,977
TAAACTTGTATAGGTT,977
TTGGTTGAGTGCCCAA,977
AAACAACTAAAAAACA,976
AGCAATTAATTAGAAA,976
AGTCGCATCATACGAA,976
ATAAACAAGCGAGCCT,976
CAGAATTAAACCGCTA,976
CCTTCTTGGGTAAGCT,976
CGATTCAAAAAAACAA,976
TAAAAGGTCTGGACGT,976
TATGCGGCCAAAGGTG,976
AAATAAAGATGGGCGA,975
AGCGGAATTATGACTC,975
CCTGGTACGACCACAG,975
GAAAAGTTCTTATACT,975
GGATCGAGACCGGAAA,975
GGGAAAATCGCAACAC,975
TTATCTTCACTGACCT,975
AACGGTAAAAATTCTA,973
AAGCGTCACAAGTAGA,973
ACATCTCCGTTCATGT,973
ATTTGTTTATTGCTTA,973
GTACTCAGAATTACTT,973
GTCAACGAATAAGAAA,973
TACTTTCATGCAAAGA,973
AAAGTCTGTAGGATAA,972
AACACATCCAACGTCC,972
CCTGCGTGTTAACCAC,972
GACAATACAAGTCGTT,972
GACATTGACCTATATA,972
TAGTATAACATACAGG,972
ACTTAGTCACACACGC,971
ACTTTATATTATGACA,971
CAATATTAATGACTCA,971
CCGGAAGTAATACTGA,971
CGTTGTATAATCGCGA,971
TTGCAACGGATATTCC,971
AGTTAAAACAGTTACC,970
CGTATAATCACACATA,970
GATTAAGAAACTTTAT,970
TATTTTCGGTGGGCGC,970
TCGCTAACTCGTAGAA,970
AAATCGCAACGTTCTA,969
AATCTCAAAATAAAAA,969
AACAACTGATATGGTG,968
CATTTACATCTTCCCA,968
GCTGCCAGGTCACCTT,968
GTAAAAAAGTTACCAA,968
ACTACAATGTGTTGCA,967
ATACTAGGCCCGGTTG,967
CGAACTTCGGTGGAAA,967
GACATCAGCTATATTC,967
TCAAATTGAAAGTTCC,967
TCCCAACCAGCACCAC,967
AAATTGAACAAATAAT,966
CATATGCCCTTTAACC,966
CGCCCAAGAGGACCTC,966
GATGGTTGTAAGATAC,966
GTCATGACAGAAACAC,966
TAGCAATCTGGAACTC,966
TATCTAAAGGGCGTGG,966
TATTGTACATAAACAG,966
TCGTCAACATTGCCTT,966
TTTAGATAAACGAACA,966
CTAATACTAAAAAACA,965
GCAAATACCAACCGCA,965
ATCGGACAATGGACAC,964
ATGGCCACGAAGAGGA,964
GGAATCCCATCTCAAG,964
TGCCTAAGAAAACACT,964
ACATATATACTAAGTC,963
AGTTTCCAACAGCACC,963
ATAACTAACAAGAAAG,963
CTACAATCTAAATATT,963
ACACCAAATGCATTAC,962
ATGAAAAAGACTTACG,962
ATTACTTAAATACCCC,962
ATTCCAAGCGCGAAGG,962
TTGAAAACAATCCAGT,962
AACTGCGGTCTTCACC,961
AAGAGCAAGTCTCCAT,961
AATTTGACTATATCAT,961
ACGACAGAGAATCAGA,961
AGATGAAACTAGAAGT,961
GCACAACACTAGTGCA,961
TTTTTAAACAAATGAT,961
AAACAGAGGAGCTTCA,960
AACGACAAGAATGCGA,960
AACTACAGTGAAGATC,960
ACTAACAAACAAGCGT,960
ATCGGAACAACGGGGA,960
CCAAAAAATTAAAGCT,960
CTTGATTCTTACAAAA,960
TAACAAGGAATCTCCA,960
TCCAAACATTGAGCTT,960
ATTTAGCAACCCGGAG,959
CCGAGCACATTACCTC,959
CTTCATAACAAGAAAG,959
GGCAACTCCTTTAGAG,959
TCAAATGTCTGAGAGA,959
TGCAGCCGTATAAGAG,959
TGGTGACATTGTCCCC,959
ACCTAAATAAATACAA,957
ATTTAGGGTATACCTT,957
CCGTATTCAACCCACA,957
GTGCCTGCGACCGGTC,957
TAATCAGTAAAACCTT,957
ACAAAAAACAAAATAC,956
CTTAAACCAGCAGGGC,956
TCTGAGAGCAAGAACT,956
TTAACCTGAAGCATTG,956
TTCTACATGATCCATG,956
AAATAAAGCCTTGCGC,955
ACGTTAGTAAATCAGT,955
AGGCACGGAGTGTGCG,955
ATAAGAATGCATACAA,955
ATTCAGAAAATAAAGT,955
CGATCCCCATCAGCAA,955
GCGATCCCAGTCAGGC,955
GGATAAGATTGCTGAC,955
TTACTTTCACTAACAA,955
TTCACAATTTCGTGTG,955
TTGAAACAGTGGCTAA,955
GAAAAATTACACCTAG,954
GAAGCGTTAAATTAAT,954
TAGCAACCTAAGACAC,954
TATTATAACCTTACAC,954
CTTTCAGAAACAACAA,953
GCGAGTAGCCAACTTA,953
TAAACCCTCCAATTGA,953
TAAATACCCAATTTTT,953
TACTTCAATACTACAC,953
AGAAGAAAACTCAATG,952
ATCAACACTATCTTTC,952
ATGACACGTTAGATAA,952
ATTACGAGGAGTGCCA,952
ATTCGCAGAAAGTCGA,952
CTATCGACCTTAATAA,952
TAAGGAGTATCCTCGA,952
TGTCCGAGGACGTGCC,952
TTAACTTATCTCCGGA,952
AATCTAAATATGAAGT,951
CAGAAACTTAACCTAG,951
GACAAAACGCATTACG,951
GGGCCCACATTGCGCG,951
TCCGACACTTAGACGG,951
TTCCAAAAACAAATCC,951
CTGTGTGAGTTATCTA,950
TCGTATGACTAAAGGT,950
CACGAAACACACTCAT,949
CAGTCTAAGGTCACCA,949
CTCTAGAACCCTGGAG,949
GAAACGCAACGAACCA,949
GCAGAACCATTCATCA,949
TACAAACATGACTCGT,949
TAGCAGTCTGGAAAAA,949
ATAAAAGAGTTAAACC,948
ATTGAGACTATATGCC,948
CTGCTAGACGACTGAA,948
CTTCGGCACGTAGCTA,948
GAACATAATGTGCCAG,948
GAATAGACACTTAAAA,948
TAAATATTATAAATGA,948
TGCCCTAATCCAAAAT,948
AAATATCATTAACAAA,947
ACTCTCGGCTGAACAA,947
ATCCCCGATACTTAAT,947
CTGTAAACTGAGACAG,947
GATCAAGCATTGGAAA,947
GCAAATACAGGGTCTG,947
TGGCAGATGACGAACC,947
AAGCTTGAAATATGCG,946
AATCATAGTAGGTTAT,946
ACATTACCCGCGCAGA,946
GATGCAAGAGTTACTA,946
TCTGGGCGGGAAACCA,946
TGCCAGAATATGTGAG,946
AACACAGATAAACCAA,945
AGTAATGGAATAGCTT,945
CTGTCCCTGCATACTG,945
AAACCCCCTAACAACA,944
AAGATAAAAAACCACC,944
ACAGATCAATGTGTGT,944
CCAGTCTAGCAATCGT,944
CCTCGATAAATAAATA,944
GACTAAAAATGAAATC,944
TGAAATTGGAACGGAA,944
GAGGCTAAAAAAAGAA,943
GATTACTATATGAGAC,943
GTCTGATGTGAATCCC,943
TAGTTCACGCGCACTA,943
TCAACCGACGGAGACA,943
TGTACCAACGTGATCG,943
ATCACACAACAATCAA,942
CAATCATTAGTCGTCA,942
CACTTTGGGACCTGAC,942
CATGTAAGACCTCTCG,942
TGATTCACAAGATCAA,942
ACCTTAAATGGTTAAT,941
ATGAATATCTATCCAT,941
ATGGGCCATACTGTCA,941
CACCTCGAATACGTGG,941
CGAAAATCACTTAAGA,940
CGGACACGGGACACGT,940
TAAAGTGCTATCCGCG,940
ATGTTGCATCAAAAAT,939
ATTATACATCTTACAC,939
TCTTTAATGATGGCAC,939
AGACCACTTAATGGCC,938
ATTTCTAACCCCTGGA,938
GTAAATTACATTACCT,938
TAGCAATTCGAACCCA,938
TTCTCCTGAACGGAAA,938
AATATAAAACATATTT,937
AATTTGCAGAGCCTTT,937
ACGCCTTCAAACACAC,937
ATAGTACTGAGCTAAT,937
ATATCTTGAGGATAGC,937
GCACAACTATAAGAGC,937
GTGTTAACTATCTTTG,937
TCTACACGAGCAATTC,937
AGCAATGTATAAATAA,936
AGGCGACGCAAACCCA,936
CAGGGATAGCACCAGG,936
GAGATACCTGCTGCGA,936
TATGCACCATTGACGA,936
AAAAGTTCGTTCCACG,935
ATAGCCACAAATATCA,935
CAAGAATAACCTACAA,935
TAGATATACTTATAAG,935
AAATGAATAACACACA,934
ATAAAACTAACAAAGA,934
GCTAAAGTATATAAAG,934
ATAGGCGACACGACTC,933
CAAGTAATCCAATAAA,933
GGACAGGTACCAGTAG,933
TAGAGCCATTGTATGA,933
TGATAAGTTTTAATCT,933
AGGTAAATATATAATC,932
ATAGATCTTTGTGCAA,932
CCAAATCACATATCCA,932
GACAAATATCGATCGA,932
GATAACCTATCAGTAA,932
ACAAGCATGGCGCATG,931
CAACCAAGGCGTTATC,931
CTACCGAACGTCGCAG,931
TTACACATTCTTACGT,931
AAATGGAAAATCTCAT,930
AATCTAAAAGAACGAT,930
AGCGAGAAGAAAAGCG,930
CGCCAAACATGAATAA,930
TACACTTAGGTCGCAG,930
TATTGCCCATCCATGA,930
CCATTCCACTTCATAA,929
AAATGGCCACATCCAG,928
AAGCTCATCATGACTA,928
AATTGCTAATACAGAA,928
AGAATCCCCATAAACG,928
AGCCAACTGAACCGAA,928
ATCAAAAGCGAAACAA,928
GAAGTGGAAAAACAAA,928
GCATTTTAAGAAAATC,928
GTTAGATACTACAGCA,928
TGTACAAGTCCATAAA,928
AAAATACATAACATAA,927
AGTATGTCTGACTCAA,927
AGTTTACTACTTAAAT,927
ATATACAAGAATTCAT,927
ATTGAAATCAGGAACC,927
CAATAACCCCAAACAG,927
CCCAGCGGTACAAATG,927
CCCTGCCATCTATCCA,927
GAACGGACGTTGCAGG,927
AATACATAAAGACTCG,926
ACATAGAACAGTGTCA,926
AGAACCGTTAAGATCT,926
TGTATTAATACCCATG,926
AAAACATGAGGATCAG,925
ATTCTCTAAAGACAGG,925
GTGGAGATAGAACAAT,925
AAAACACATACTGACT,924
AAAATAACCTGTTTAC,924
AACAATATATAACACC,924
ACAACTCAATTATGCA,924
ATCGTTCCGTCACCGG,924
CCGCTAGCAGAGAAAG,924
CGATACAGAACTTCCT,924
GACATATATGCGGACG,924
GCATAGGTTACTACAC,924
TCCATCCCAAACCAAT,924
TCGTTATGACTGTGAT,924
TCTACCCAGGGATTGG,924
TTATACATAAAAAAAA,924
AGGGAGACTAGGACAA,923
TGAAGCTCGAGCCCCG,923
TTTACCCATACGAAGA,923
ACAACTAAACTAAAAC,922
CTAAAAGCTCCAAAAC,922
GATGCTTTCATCAAAA,922
GGATCGCTCCCCATCT,922
AACTATAGTGTTACTA,921
AGAAACACCTCAATTT,921
AGAATTATAAACGGGG,921
AGGATACCCCATGGAA,921
AGGCCAGAAATGGCAA,921
GCACATGTCGAAACCA,921
GGCTACTTAATAGAAA,921
CCAGTTCTTGTTTAAA,920
CCGCTCGGAGATAGGC,920
GAGTAGTGGGAAATCT,920
AATTACTAACTAGATA,919
GACACCTTAAAAAATC,919
GCTAGTAAAATGTCCG,919
GGCTATGGTAGGCACT,919
TAATTCCTAAACCGAT,919
TCGGTAGATTTCTCAA,919
TGGAAAAAAAGAGGGC,919
ACCAATGTTCCCTGAT,918
CAAGTAGGAAGGAAAT,918
CATCTACTGAGGATCC,918
GTAGTCAACAAATAGA,918
GTCGGCAACTAATGTA,918
TGTAAGGAGGACACAT,918
AAGGCCAAAACTGAAA,917
CATATCCGAGTAACCC,917
CGGCAGATAATTATGC,917
TAGCAAGCCGACGATA,917
TCATATAACAAGGCAT,917
TCCTTAGGAAGACCCA,917
CATAATGCGTCCATAT,916
TCAATGGACGGAGTAA,916
AACCAGGAATCATTCT,915
ATAGATTTATTATTCC,915
CGAGTATACCTACCAA,915
CTAAATTAACCATTAG,915
CTACCGAATTTGTTGA,915
TACAAGGAGCAGCGTA,915
TGCAATGCGGAATCAT,915
TGGCGCTTGGACCTGT,915
AACAACTGTCCCTGAG,914
AACCAATAAACCGTGT,914
CCTGTGCAGAAGGCAA,914
CTCCACGTAGCACAAG,914
GAAGGGCATATACCGA,914
GAAGGGTAACGAATTA,914
TACAATCCTCTAATGA,914
TATTGGCATGACAGAG,914
AACCATCCAGAAAAGG,913
TTAGACCATAATACAA,913
TTCACACAGAGTTAAG,913
TTCCGTAGGTGTACCT,913
ACTTACTCTACCGTGT,912
CACGGAAAATAGTTAG,912
CTACATATGATGGTTA,912
CTATATACCAATACGG,912
GATAGCGCAAAGGACA,912
GTACAGCAGCGGATAT,912
TAGAACACGTACTCTG,912
TCTAAACACTACTCTC,912
TGCCGATGTAATAAAG,912
AAAACTCACCACCACA,911
AAACATACAATTGCCT,911
AACTCTGTGGAAGGGT,911
AATTTTATAATATATC,911
GGCCACAAGCACATTC,911
GTAAACAAATAAGTGA,911
GTTATTCGATAATATA,911
TGGTAAAATGACCTGC,911
ACTAGAGTGGAATGGT,909
AGAGTCTAATATAGCA,909
AGGGAGAATACGATGC,909
CCATAGACAGAAACAT,909
GGGAAACAATTATTTG,909
GGTAGCAAACTCATAA,909
TATCCAAGAGATACTT,909
AGTACATGTCACCGAT,908
CAAAAAGGGAAGCAAT,908
GAAACGACCACTAACG,908
GCCTAACGAAATTTGA,908
TAGCCAATCGACCCCG,908
TTAATACGAAAAAGAA,908
TTGCAAACCGTACGTT,908
TTTCCCCACATAATTA,908
GAAATCAACTACATCA,907
GATATCTAGGTACTTC,907
GGATACCTTACACCAA,907
TATAAAAATTAAGTCC,907
TTCCACTGCGCGTTGA,907
AATCGACCAGACAGAT,906
AGTAACTTTGTAATGA,906
CAAAAGTTTAGAGAAA,906
CGTCAAGCCGAAAAAA,906
GCCAATAATTCTGTAC,906
GGAGGGCCTGCGTACA,906
TCAATTCATCCCGAGA,906
TGCTCGGACTCTATGA,906
AAATGCGGTACATCAT,905
ACTTTCAGCCCGAATC,905
ATCCTCCTAGGCTATG,905
ATTTACTTGTTGAAAA,905
TTGGCTGCAATACCCG,905
AAATCAAAAAATGGAG,904
AGGCTTAACTTTACTG,904
ATCTCTCCTCCAACTT,904
CATCAATAAAGGATGA,904
CCTCCAAGGTATGAAA,904
GCTGTGTAGCTACGCA,904
TAAGTACGCAGACGAA,904
TACACACTCGGGCAAC,904
TGGCGGTACCTTGTCG,904
AAGCCGACCACGGCTC,903
ACGTGTACTTGAACTG,903
CGGACTTAATCCTAAA,903
AACTAGCAGTTACAAC,902
ACTCCCCGTACACACT,902
ATCCATACCTTCTATG,902
CGAGCCTACTACATAT,902
AAACGACGTGAGACTA,901
ACTATCATACAAATAG,901
CCAAGGCAAGACGAAA,901
GCTCATATATTCGGCC,901
TAATTCTGACGAAGGA,901
TAGCGCGAGCCGAACA,901
TATATTTCAAGAAATA,901
AATACATTACGAGTAC,900
ACAAAAGGAACACAAT,900
CTGGTCACTTAGACAA,900
GTAATACACTGGTCAA,900
TCTCATATCATATTGT,900
TGATTAACATGGACGA,900
ACCCGAAGTATATACC,899
AGCGAAAATACTACAA,899
CAGTCACTTAAGGAAA,899
CATCAGCATACGGAGA,899
GAGTATAAAACATTCA,899
GGTGTTTACACACAAA,899
TTAAAGTAAATTGCAT,899
AAAACATCAGTCTCTT,898
AATAGAAGAGACCGAA,898
AGGATGATTTCTCCGT,898
CGTTGCCTTAAGCCTG,898
CTGTAGCTATCTTAAA,898
GATTAATCTAAGAGAA,898
GGCTAAAGCAATTAAC,898
TGTGCGAACAAAACCC,898
TTTTGCCTGCATCCAC,898
ACTCATTATTTAAAGC,897
GTCCCCAACCTTTTCT,897
TGATACAATGAGAGAA,897
AACCCGATCTAATTAG,896
ACCCAAGTAGGAATGA,896
AGTTTCGTCGATCTAT,896
CTTATGAAATTAAAAC,896
GAACTACCAGTGCATA,896
TAATGGATTAATCATC,896
ATCAGATTAATGAAAA,895
ATCAGTCGGGCATTTA,895
CAACGTATAAAGTGTA,895
CCTGTATCTGAACAAC,895
TAGAGATCGCCGTGAA,895
TCATTACGTTACCAAA,895
TCCTGAAAAGGCGATT,895
AAAGATTTACACGCAT,894
AACGCACTTAACCATC,894
AGATTAAACACCTGAT,894
GCTACATCACTCTATG,894
GCTGATGTTATTATAA,894
CTGAAGATGTTCTTCT,893
GATGAATACTTGACGG,893
GTGATATAACATGCTG,893
TGAGCGTTACGTAATT,893
AATCCTTGCAACCTCT,892
CTTGGTTGAAATTAGT,892
GAGATAAGAAGTAGTA,892
GTTAAAAACGGTAATC,892
TCGTCTTGACACAGTC,892
TGAATTGATAAATTTC,892
TTAGAAAAAAGTTTTC,892
AGAATACACAGAGCAT,891
AGCAATGCTGAACACT,891
AGCCGTGCTAATAACC,891
ATTTACTCATAGGACA,891
CAAGTTTGTTGGCTGG,891
CTCCAGCGACAATATT,891
GGCTATTAGATTTTAA,891
ATAGGGATTACTAAGG,890
CATACTGCAGATATTA,890
CGAACATCTCATCCAA,890
GCAGAAAAAGTAAAAC,890
AAAACACTGATATCAC,889
CAAAAAAACTCATAAA,889
CACCAAAGAACTACGG,889
GCCAACGGATAGTTTA,889
AAGTTGATCAAAATTA,888
AATCACCCAAAACGAC,888
AATTTCACATAAGATT,888
ACAATAACGGGTTGCC,888
CAGTACAAATACAATC,888
CTTGGACTCTTCAATC,888
GCCCATATCCTAATCC,888
TAAGTTGGTACTTTGA,888
ATCCCTATCCGATTCA,887
GCGCAAAGAGTATGAG,887
TAAAGTTAAGCTTTTT,887
TAACACGATATAACCA,887
TAATAAGATGATGAAA,887
AAGCAAAGTACGATAT,886
ACGAACACCACAATTT,886
AGTCAATATCTAGTCG,886
CCGTCAGTTCCCCAAG,886
GCGGACAAATTAACCA,886
TACATTAGGCTCACAA,886
TAGCTACCATCTAGAC,886
TATCGGGTGGACACCT,886
TGAATACTAGCACTCT,886
AAGGAAACTGTGCAGG,885
ATAAAACTACCCCAGC,885
CACACATCTTAAATCA,885
CACATACATGCGCCGT,885
CCCAACATTCTGATTA,885
AAATAATTCTATATCC,884
AGAAATATCACAAAGG,884
ATGCAATTAGTACCAA,884
CAAAGAGACTTAGAAA,884
CATACGGTATTGCAAA,884
CCGTTTCGTTGATCGC,884
GTTAGTTCTAAAATAT,884
TCTGAGAACTGGATAA,884
ACAACACTGCATTCAA,883
CTAAGCTGATATTCAC,883
GACGATTAACCAGCAC,883
GATTTTCTGAATGATA,883
TAATTTAAAGTGTGTC,883
AAAACAGACACAAAAG,882
CAAGGGATCAACTGTT,882
CCACCAATATCAAATC,882
GCATGCCAAATATAAC,882
TAACGACAAATGTTGT,882
TCTCCACAGGTCTTTT,882
TGATACACATATGCAA,882
AGACATTAAAAGGGCA,881
ATATTTCCAAACATTA,881
CAAGCACAACCTATCA,881
CGTGTGTAATTTCAGC,881
CTATTTAGTAAGTGCA,881
CTCAAAACACTAATTA,881
GTGATAAAAAAAATTC,881
TAGCAGCCCATAACCC,881
TTCTATCCTCTTAACT,881
ACAATCCACTTGCCCT,880
AGAATTAACACTATCG,880
CAATTAGCATATAACC,880
CCTCAATAATGGATGA,880
CGTGAAAAAACCTCTC,880
CTAGTGTTTCCCAATT,880
TGAATAGTCTGGCGTT,880
TGTAACATGTACCACC,880
CTAGAAACAACATATA,879
GATCCAGCAACCACTA,879
TAAAAACTATGTAAAA,879
ATAACTAAATACAATC,878
CAGCCACCATATTAAA,878
GACACTGTTGCACGTA,878
TAAAATTACCAATAAC,878
ATATCTTAAAGTTGCC,877
CTCGCTACGGTAAACT,877
GAAGAGTGCAGCACGA,877
TCACCAGTAGCACAAT,877
TTCAATGAGCCTTCGC,877
AACAGCCTACTTTAAA,876
GAATAGAAGATCATTG,876
GACAACCGCCAGCTGC,876
GACAGCATACTTCCTA,876
GATTCTGCCACATGAA,876
TAACCTGTACTACCCA,876
TATTGAAAGGCTGTGC,876
TCAATTCCTATAAATT,876
TCAGGAGACTAGCACG,876
TGGCCACTAGGCCAAA,876
ATACGTACCTAAAATT,875
ATTATTACGCGAGTAT,875
CTGAGTTTGACAGCCA,875
CTGTACTCTACAATAT,875
GATCGCTACACGTCAG,875
TCGATCCCATTTATCG,875
TGGGCAGCCCATTTTA,875
ATTAAGTTTTTTCCTT,874
CGAACGGAGTAACCAT,874
CTTTTACCCTGGGACC,874
TAAGATCTTTCATGAC,874
TCTAACAAAACGAAAA,874
TGCATTTACTGAGCAG,874
TTTGGACTGTTCACAC,874
AAATTTCCGCTGATGG,873
AAGCCACCAAGATAGA,873
ATCACGTGAAAGCTAA,873
CAGCGAAAAAACTAAA,873
GCAGCGACGCAAATTA,873
ACAGAATACACACGAG,872
AGTGTAGAATTGAAAC,872
CGATTATGGACAACAT,872
CTAAATATCTTCCAAC,872
GCAGAAGTTCAACAAA,872
TTTAATATTTTTATAG,872
AAGTAATTATCGACGA,871
GGGTTGACTCCTGAAA,871
TATATGCTAAAGCAAG,871
TTGCAGGCCGAAAGTG,871
AACACCATGCAGAGGA,870
ACGATAACATTTATCA,870
GAACCTTGAGAAGAAA,870
GGTTTACTTAATTTCA,870
TTAGCCCGGTTCACAT,870
TTCTGCCGACGGAATG,870
AATGGACCATACACTA,869
ACAGGATCCCGCTAAA,869
AGCAACGGTCTAACTA,869
CCGAATAATAATTTGC,869
GACAGAACTCATTACC,869
TAAGCACCTAACCACA,869
TCCCCATACAGTCACC,869
TTGCATAGGAAGCCTT,869
AAACAAGTCATAGCAA,868
CCTGCTCGCTGACATA,868
CTACAGGACACATCTA,868
GAACTAACACTGTGAC,868
GCTGAAACTTCTTTGA,868
TATTAATCAACTTAAT,868
TTAACCTTTGTCACTT,868
TTCGTAAATTTATCAT,868
TTTAGAAAGTCTTTCC,868
ACCATGATCGCAAATA,867
ATGAAATGCTTCTCCA,867
CATATCCAGAAATAAT,867
CCTCACTTCAAAAGCT,867
GCCAATAAAGGACCCA,867
GGAGTATATCGAAATT,867
GTTCGCGTTAAGTTTA,867
AACACATCTCGACACC,866
CTCACCACCTCACCAG,866
GATCTTTTTGACAACT,866
AACCATATGATTCCGA,865
ACGGCTACTCGAACGA,865
ATATTGTAAGTTTAAC,865
CATCAATAAGCAGCAT,865
CTAGAAAGAAATACGA,865
AAAGTTTTGTGCCTTG,864
ACAGTTCTTCAGTAAG,864
CAGTATCAGACTAGAA,864
GACCAATGGAGACAAC,864
GATAATGAAGGATGGG,864
GCAAGTAAATATAAAA,864
GCCAATACTGAATTAT,864
GTAATACGAGGATTTA,864
TTGTATGCGCACGGGG,864
AAAAGCATTAGGCAAG,863
AAACGATCCCACTCAA,863
AGGGGAATTCGGCCCG,863
ATGTACTAATCAAGAT,863
GAACTACTGTATCCTC,863
GGACATAGTATGATAA,863
GGCAGCGACACTAACA,863
GGCTACGACTAAGAAT,863
TCCTCACCATCCTACC,863
TTCTTACAAACCTAGA,863
AATGCTATTCGCCCTT,862
ACAACCCTATTCTTGT,862
ACTGTAGCACTTACCA,862
AGCTAAGGAGCAATCG,862
CACATTGCTAGTTACA,862
CATGAACCAAAGACTT,862
CCACTTTCAAAATCTG,862
GAACACACTTAAAAAC,862
GACCACTTAATCGTAC,862
GTAGCAGCAATTACTC,862
TAAATACTTATAAGAA,862
TAATCCGCTCGGTTTA,862
TGACTACCACAGGTTA,862
AAGGAAAAAGGTCTAA,861
AATCAAAATCCTAAGG,861
AATTGCTACTAATACC,861
ACATTAAAGCATAGCC,861
ATTATAGATACACTTA,861
CACATGAATTTGGACA,861
CGATCAACGCACTTAA,861
CTGTGCTAACTCTTCC,861
GGTCCCGTAAATCATA,861
GTGAAAAAATGCTTAT,861
ACAATAGCCAAAAAAG,860
ACTCTACATAGAAATG,860
ATAGTAAAAAGTTAAA,860
CACCAGAAGTCGCACT,860
CACGATTGAAAGATAT,860
GCCCCCTTGATGCAAG,860
TGATAATCTCAGTGAA,860
ACTTCTGAACGACCAG,859
CACACCTGTATTCAGT,859
CAGGAACAGCTTTTGG,859
CAGTAGTCTTACTTGA,859
GCTCATGCGAGAGGGA,859
GGGGTAGAGCCCGTTT,859
TAACAACACGTGAGCC,859
TAACGCTCAGACTACG,859
TCCAAATGTTGATAAG,859
AAGTAATAAAACAGAA,858
CAAAAGACATGAGCGG,858
GTGATCAGGGATACAG,858
TAATAAACGTTTAACG,858
TACCACCTATTACGAT,858
TCGTCATGCCAATTTA,858
ATTTTATGCATACCAT,857
CCACTTTCTCTTTATA,857
GAACTGGGATCTACAA,857
GATGGCACTGGTCTTG,857
GGAACTCTGAGTTACT,857
GGTAAGATACATCACA,857
TACCAGATCCTTGCAA,857
TTCAAGTAAGAATACT,857
TTTACTCGATGGAACT,857
ATCCTAAGTAACAATA,856
CAGCCCGCTTGACGTA,856
GGCAAGTTGTAAACTG,856
GGCCTACCCACATCCC,856
GTCAGCAGTATAAATG,856
TATCGGACGAATATCA,856
ACTTCAAATACCTCAG,855
ATAAATGCAGACCACC,855
CGACAGGAGCCTAATC,855
CGCCAAGGGCGATACG,855
GAATCAACTACAAAGC,855
GCTTGACAATGTAAGC,855
TACCAGAATCACATTT,855
TACTCCCCTTTACACC,855
TAGTTCAAAAGTGACC,855
TCCAAGCTAAATCCAA,855
TCCGCAAGTAGACGAA,855
AAAAAAACGAGGGACA,854
ACCCACCTCGGGCAAG,854
ACTACCAACTATTACA,854
ATATACAGCGGGTGTC,854
CAATATCGTATATGAG,854
CCACCGGGTGAAATTG,854
CGGATTAAATAAAAAA,854
GAACGCATTACTACAG,854
GACAAGGTAAGTACCT,854
GTATGTACCAATTAAC,854
TATCTTGATACAGTAC,854
TATTTGTAATAGTCAT,854
TGACGGCGACCTGGAT,854
AAGATCGTTTTCATTA,853
ACGGAATCTAGGGATT,853
ACGTCTAACAAATGCT,853
ACTTCTACAATACAAG,853
AGATCAAAGCAGAATA,853
GATGGCACGCATCGAG,853
GCACTCTCATTTATTC,853
GGGTATCATTGGTGCT,853
AATAATTAATAACACA,852
CAGATTAATGCGTCTC,852
CAGGATCGACTTTACA,852
GAATATGCGAGCCAAT,852
GAGCGGGAATGTCAGG,852
TCCGATCTCGATTATT,852
TCTCACAAAAATCACT,852
AATATTCACCTCAGAA,851
ACATGAACATATAGTA,851
ACTGAAATATCCGGAC,851
ATAACAAGGGAGCCAA,851
ATAAGTACGCCTACAA,851
ATGAATCGAGCCTGAC,851
TCCTAAGTTTTCTGAA,851
ATCGACCTATATAGGT,850
CCGATATACGATGTTA,850
GCAATCTCGCCACGGA,850
TACTTATTCTGTTGAC,850
TTCACCCATGAGTCTA,850
TTCTTTTTTAATATTG,850
AACTAAAAACAGCTTG,849
AGCGATCTAAACATAA,849
CTATGATTTTTTCACA,849
GAGTGGCATTTCGGCA,849
AGTGAACATGAGCCTA,848
CAATTCTTGTAGGATC,848
CGGGTTACTTAACACA,848
GAGCTTCAGCTGAAAC,848
TCACTTGGAAGGGCCT,848
TCCATGACACCATTTT,848
TTCAAGAAAAGTATGA,848
AAGGCTATTGCTGGTT,847
ACACATATGTTTCCAC,847
CCATGTTACCATACAA,847
CCATTATGCATGACAC,847
GTATTGAAAGCAAGCT,847
TGCCTGGCAAGCCACG,847
TTACAGGGCAATAAGA,847
AATAAAACCCGGAAGA,846
ATAATCAACTAGTACA,846
CAACCTTGAACTAACC,846
CAAGCTTCACATCAAT,846
CACAAGGCGTACATAC,846
CTCGGCATTACAGTAC,846
GGTACTACTGTCAACG,846
TAACACACACAATATA,846
ACATTTCCACTGAGAT,845
CCGTAGTAAAAGAATA,845
CTTATATAATAGCATT,845
TCAACAAGCAGCAATA,845
TCTAACCACTCCGTTC,845
TCTAGAGACTGTTACG,845
TTCACGTTTCCCATTT,845
AACGAGTCAGATTTGT,844
AACTGGGCGTGAAACC,844
AATCACAACTCGTAGC,844
ACCCGATATTACGTCA,844
ATCAATTGAACGCGAC,844
CCGAGCAAGGCCACAA,844
CCGGAGAAACACCAGT,844
CTCGTCGCGATATGGG,844
TACAATCCATTGTCAA,844
TCATCAATGGAAAATA,844
TCATGAATAAAACTGC,844
TTTATTCGCAATCCGC,844
AAGCGCATAGAAGCGT,843
ATAGATCTCAAAATTA,843
ATGTCACACCACTGAG,843
CTGCATCTCCAAAGAC,843
GATGCATAAAGACGCA,843
GTGTAAGATTGACGCA,843
ACCTCCTGGGCGGCTA,842
CAAGTCCATATATACT,842
CACTAATTCTATCTAA,842
CTAGCCTACACTACGT,842
CTCCAGAAACCCCTTT,842
GGCTCATATGGATAAC,842
TCCTCGGCTGCCCTCA,842
TCTAACGCGATACACT,842
CAAACACCAAATCTCG,841
GAAGTTTTACAGACGG,841
GAATGGTGAATTTTGT,841
TAAGCCCATATTGGCG,841
TCACAATACAAAAATT,841
TCATGTCTTAAACAAT,841
TCTCATCCAAATGAAG,841
TTCATTAGCCCCAACA,841
TTGATACAACCAATAC,841
ACTATATAACCACGTA,840
ATTGTATAACAAGATG,840
GAAATAAAAAGGTCGA,840
GACTAAAAATACACCC,840
GGTCAGTGAGTCATAC,840
AACCTTATTATAACAT,839
AGAAAACTGGAAGAAT,839
ATATACCTATCACGAT,839
ATTCACCGTCAAAACT,839
ATTGGTCTCCAGGTTC,839
CTAATTCGCTGACTAA,839
TAGAGAGATTGGTCGG,839
TCAATATGACTGTAAC,839
TCAGCTAGCGGGACGG,839
TTGAATCCCTGAAAAA,839
ATCATCACCGGACGTG,838
ATTGAGAATAGCCGCT,838
CAATTCAGGACGTTGT,838
CATTTGTTGTGATGGC,838
CCGTCACAGCTCTCTC,838
CTTGTATCATAGATCG,838
GTATAGAAGACGTAAA,838
TTGACAACACTCAATA,838
ACCAAACATACTATTC,837
ACCCAGTTAGATGAAG,837
CAAGAGCCTCAAGGGA,837
TAAATTGCCAAAATGA,837
TAATGACACAGATAAA,837
TCCGCCGAATGACAGA,837
ATGGACCCGATTTAAG,836
CTCGGGCGAACTGATA,836
GATAATAAAGACAATA,836
GGCACCCGATCTAATC,836
TAACAATCATTGTTAC,836
TGAGAATCGTGCTCCT,836
ACATTCAGTCTAGTAA,835
AGCGCATTAACAACTT,835
AGGGTCAGCAAGGGTA,835
CATAAAACGGTCTAAA,835
CGAATCTATTCTTCTA,835
GCATCCACACCTGATA,835
GTGTACAGACATCACT,835
TCCATACGCTACTTAC,835
TCGATCTCGGTTCACG,835
TGCGAGCGAGCTCGCT,835
TTAATGGGCGAGTACA,835
AAAGCATAAACGACCG,834
AACAACCGAAATCGAC,834
AACTCAAAGATTTAAA,834
AAGTACCCTAAAAATG,834
ATGATAGGCCCACAAG,834
CCACGCCTAGTAATCC,834
CGCAAATTATATAGAT,834
CTATATGGCCGTAACA,834
GAGATTCGAAACATTA,834
GTGGGCAGTGGTGTTT,834
TTGGAAATATGACCCA,834
AAAAACACAGTAAACG,833
ACCGCAATAATCACAC,833
ATATCGACCCCAGAAT,833
CCCCTAAAAGACTATT,833
CGAGTTTTGCCCCAGG,833
GGATCTCAGTTACACA,833
GTTTAACTCCTGTAAA,833
TAATTCAGTTGCAGTA,833
TACTGCACCACAAACA,833
TTGTAACAAAGGGTCG,833
AATCTTAATAAGCTAT,832
CAAAAAGATGATTAAG,832
GAGCGACATACAATCG,832
TAACCACAGTTCCCCT,832
TTCCTGTAGAATGACC,832
AAAAACAATTCGGAAA,831
AAAAACACGGACTTAA,831
AAGCGGTCAATGATAT,831
AGTCCAGTCACCGTTA,831
ATAAGTCATCGGTGTC,831
ATTAGATTACTGCTGG,831
CAATTAAGTAACAATA,831
CGTTTCGACTATTCCA,831
CTAAGAGCAATAATAA,831
CTGAGCGTAATAATCC,831
CTTGCTTGTGCAGACG,831
GAAAAAATACGGTAGT,831
GCTTAACTATATGTAT,831
TATAACAATAGATAAC,831
TCACAGTAACAAGACA,831
TCTTGACCCATGCATA,831
TTAATCACAACTACCT,831
TTACATCCATAGAACC,831
AATTCGTGGGCAATAT,830
ACAAAATACAATTAAT,830
ACAATACTGACATGGA,830
GGAAATAAGGATTGAA,830
AAAGAGAGAAGCTCAA,829
AATCAGATAAAACCCT,829
ACCACCAACATCCTAT,829
ACCCATGTCACCACCA,829
AGGGGAAAAAGCAGAG,829
ATGGCAGCACCAATAG,829
CAACGCCGAGCATACG,829
CAAGCTAAGAAGTCTC,829
CCCAGCTTAGTTACTA,829
GTAAATGAAGATTGCA,829
TACACTGGATGGATGC,829
TTGGAGCGAATACAAG,829
AATACGATATAACATT,828
AATCATGTACGGTCAT,828
ACCACAACTTCAGTAA,828
AGTATAACACCCGTTG,828
ATCCCACGAATGTGAA,828
ATGATTAAACTCGAAT,828
CAAGCACGAATTATTT,828
GAAAACCGAGACATAA,828
GAAACCCTCCTTGATT,828
GGACAAATATTCTGCC,828
ACATGCTTGCTCAAAG,827
ACGGATTAATAAAAAT,827
ACGTTAACAAAAATAA,827
CCTATCAGACCGCTAG,827
CGTATGCCTTTGCCCT,827
GACACGCCAAGTAATA,827
GACGCATTGCTGAACC,827
GAGCGACCCCACGGAA,827
TTCTCGTATTACCTCT,827
AGAACAAAGCGTGAGA,826
CGCTGCTCAGCACTGG,826
GATGCTAACACCTATC,826
TCCCAATGAAGCGATT,826
TGTATACTTATACGAA,826
AACCCCAGCTGAGTCC,825
ACAGCTCTCATAACCT,825
ACCCACTCGAATGCAA,825
ACGCGTTTTGTAACTA,825
ACTAACTGTTAAAAGT,825
ACTGTCCCAAGCGCTA,825
ATTGAAGGACGGATTA,825
CACTCTTTGTTAGAAC,825
CCCCAAACATACAGAA,825
GAATAATTGAATACAC,825
GGATCCACATAGCGTT,825
TATCGTGTAAATCAGC,825
TGGTTCGGAAATGCGT,825
AACGACTGGGCGAAAG,824
AGATAAAATAAACTTT,824
ATACTAAACCATGCCG,824
ATCTACACCCACATCA,824
CCAGAATGTTGTCCCA,824
GCCAAGTCCGAGGGAT,824
GTGTTAGACTAATCGA,824
TGATAATATCCTAACA,824
AAACCTGAACACAATA,823
AACAAAATAAATAAAA,823
ACAATAAAGAATGTAA,823
ACCACTAAACATTACC,823
ACGCGAAAAAAGTTTG,823
ACTGGTACATTATGCA,823
CATGTTACTTATATGG,823
CCTGAGTTCTATTCAC,823
GAAAAATGTCACAACA,823
TCGAAAGCTTCTATAA,823
TTGAAATAAGTGATGT,823
AATCATACATACACCT,822
ACAATCATTTAACTAC,822
TCACCATTCTAGTCTG,822
TCCAGAATGAACCCAA,822
TGACCTGCGAACTCAC,822
TGCGTAAAAGGTAACA,822
TTAATTTAACGATTCA,822
TTACAATGATAGAATC,822
AACCTAAAAATGACCC,821
AAGCATTAAACTTCAA,821
ACACCTCGTGATCCAG,821
CAGCAAAGATTTGTAT,821
CTTGAGCAAGATATAT,821
GCGTACATGAGAAATG,821
TAAGCGGCAGAACCCT,821
AATAGTCACTTCCTCA,820
AGGGGGTGGTAATTGA,820
CCGTTGACAGCATCGA,820
CGACGCGGACAGACAG,820
CGGAACGAACAAAAAT,820
CTGACACCTCAGTAAA,820
CTTATTTCATCGCCTC,820
TATCTATTGGTGAAAT,820
TTACCTCAGTAAGTTA,820
TTTAAACATGTACACC,820
TTTTGACGGGTCTTTA,820
AAAACTCAGTCATAAA,819
ATCGCGGTATGCGATG,819
ATTACTGGGACAATAA,819
CAACGGGCATTCTCTG,819
CCACGGAATGTGTCGG,819
TAACCTTAGCTACGAT,819
TCTACTTCTGGCATGA,819
TGCGCAACAAATGGAA,819
AGCATATTGTAAGAAC,818
AGCCTATTCGAGAATC,818
ATACGCTATAACTAGC,818
ATGACCGTCAATATAA,818
CAAGACAGGTAGGCGT,818
CATAGGGGTAACTGAT,818
CGCACCGCACAAATTC,818
CTTTTAAACTGAGGCA,818
AATATGGCGCCACGCA,817
ATACATGAGAAGAATA,817
CGAGAAAAAAATAACC,817
GTGGAATTAATCACCT,817
TCCATAACGAGAAGGC,817
TCCTTTGAATGAGTTC,817
TCTAGGCTTGTAAATG,817
TGCATAACAAACGGGA,817
TTCCCCGCCTCTTACT,817
TTTTGAGACAGCCGTA,817
ACAGAATTGCACGAAT,816
ACAGATTCGGTCATAA,816
ACTCGTATTTGAAAAT,816
CACTTGTGACGTTAAA,816
GCAACTGACGTCCGGA,816
TCAGCATACGTACACG,816
TGAGGTATGTTCCGGA,816
TGTCTTCACTAAAAGC,816
AAAGAATAATGACAGT,815
ACCTTTGATGGGAAAT,815
ACGCATAATAAAAAAC,815
ATACCATAGTCAGTAC,815
ATGAACGCTATGGAAA,815
ATTACCAGCCCACATG,815
CATTTTCTCTTTGGTT,815
CCCATTTCTCCAGAAC,815
CCGAATATTTAGAAGT,815
GCAATTCCTCCTATCT,815
GCGCCGAACTTGAGCA,815
GCGCTGACCATACCAC,815
GTGCCAAAATGCGAAG,815
TCGGAGCACCGTCCGA,815
TCTGCATTGAATCCAC,815
TGCTATCCCTTAGCAA,815
TTAGACCAATAATACA,815
TTATCCCTCCCAGGAT,815
TTATCTCTACATGAAA,815
AACCGGTACCATACTT,814
AATACAAAAAGAACTA,814
ACAGGCAATGGCAATT,814
CAACAGTAGGGAAGCG,814
CTGGTCTCGTTAACCA,814
CTTGCTCTTGTGGCTA,814
GACACACTACTACACC,814
GAGCTCGCCAGACAGG,814
TAACTTTTATCCTATG,814
TCTGAAAGTACATTAA,814
AATTTTACTGTAAAAG,813
ACCGGAGTAACATCAA,813
ATTTGAACGTTAGATA,813
CCATACGACTGAGCGG,813
CGGTACCCAACTTATA,813
CGTACAAGAGTCCCAT,813
CTGTATGAGTCCACCT,813
GGTTAGCCAAGCCTGT,813
GTACCATCTAATGCAC,813
GTAGGCTAATAAGAAA,813
TCTGAAACAAAAAATT,813
ACACAGTCTGCACGTA,812
CTACGTTAGAACTTAT,812
CTATGACTCCCTTTAG,812
CTATGCTCAAACCTGA,812
GAGTGATAAACTGACG,812
TAGCTTAGGAAACAAG,812
TGCCGGAGGGACCTTG,812
AACCGTACAGATCACC,811
ACAAAAAAGACTCAGA,811
AGGTATAGAGCCCTCG,811
CAAAAAGGTCTGACAT,811
CTGTCTGACATGCCGG,811
TCAAATAAAAAGGCAG,811
TGAGTGGTAAATACTC,811
TGCAAAATAATGCTGC,811
TGGCAGACGTAGACTT,811
TTCCTTGTTGCAACTA,811
AAAGCGGCACCCTAAC,810
ACCACGTGACGACCGA,810
ATCGAACGGTATCCAT,810
CAAGGTCTGGACAATC,810
CAGGCGTCAGAGCAAA,810
CCACGCGCGAAGCGCA,810
CTGAAAAACTAAAAAT,810
GGTCAATCCAACCTAC,810
GTACTACCGTGGTTCA,810
TCCCTAAACATAAATA,810
TTAAAAGTGGGACAAC,810
TTGGGAGCTCCCCGTC,810
ACGATACATTCGTCCA,809
ATATTGTAACTTATGC,809
CAAGACATAAAGACAG,809
CTTACTGTCTGTTGAC,809
GCGTCAGCAATTAGAT,809
GGCTTCTAACGTAAAG,809
TAAGAGTATTTATGAT,809
TACAAGCACTCTAAAA,809
TCAGTATCGATCCTCT,809
TGAACTCCCTGTCTCC,809
TTAACAAATTCGAGAG,809
TTCTGCAAGAATATCC,809
AAGTGGTACAGAGCGT,808
ACCCACAAAAGTATCA,808
AGGACTGACCCATGAC,808
CAAGTCTCAGTCCCTT,808
CCCATTTTCCGGATAG,808
TCCCGTTTTAATCTCG,808
AACAAACTTTCAACGT,807
AATGAATAGGACATCT,807
ATGCAAATAAGTATTC,807
CTCACGACTTTCTAAC,807
GTACAGTAGAAATTTA,807
GTTGGTTACCGGGTAC,807
TACCATTGATCAACAA,807
TGAACAAATGCACTCA,807
TGGATTGACACCACAT,807
TTTAGAAAATCACCTT,807
AGATGATGATGTAACA,806
AGCAAGATCTTCCTAG,806
AGGTTGTAAGGCATAC,806
CTTAGAATTCCAAAAC,806
GAAACGAGGAACCACA,806
GACGTGCCATTAAATC,806
GCATCATAGGTAGACA,806
TGCCATACACAAAACG,806
TTAGGGTAATAACCAC,806
TTTTCGGACCTCATGA,806
AAACGACCATTGACGA,805
ACCACAACCCGCAAAT,805
AGCATAAAAAATCGAT,805
CAACACCCTACACCAA,805
CAAGGTTAAAACGGAA,805
GAATGTAATACAACAA,805
GACAGAACGAAAAACT,805
GACATCGGGAAAATCA,805
TATAAAAGAAGTCAAC,805
TCCGACGTCGCCTAAC,805
ACAACAGAATAAGAAT,804
ACCTAACAATCACCAA,804
ATTCAGACTCCATGAC,804
CTACACCTCTATATCA,804
GAAAGCTCACTTGGAG,804
TATAAGATAATGACGT,804
TTTAAGCATATTTCCG,804
AACAGCGAAGCTGACA,803
AATCGAGATATGAAGA,803
CAATTAGACTGAAGCC,803
CTCATAGGTTGTTCAG,803
CTGCAGTTTCAACGAA,803
GGAATAAGTGGCCATA,803
GTTATTTACACAATAC,803
TAATTGAGCACACAAC,803
TAGGTGTACCAGACCG,803
TCACTTCACGATAATA,803
AAAACTCCACTTAAGA,802
ACATAACTAGAAGAAA,802
ATACGTGCGACTGCAG,802
CACTTTAACTACAATT,802
GTGCACTTGCACCCTA,802
AAACACTATTACTTAC,801
AAGATTGTTACTCGGA,801
AATCACGACTGTAGTC,801
AGATAAAGGATAGAAA,801
AGATAACTAGGGGAGG,801
AGGGATATAGAGAACA,801
CAACGTAACTTTCCCC,801
CATTTACGATCCATTT,801
CGTAACAGACTCTAAG,801
CTTCATCCATAAGCAA,801
GAACCTCATAATCCAC,801
GGTACAAATACGTGTA,801
GGTGAGAGGGTCCGAA,801
TAACATAACCCTATAG,801
TATAAAGGGCTCCGAG,801
TTCCCTTGCTATCCAG,801
TTGGTATACCCTACAG,801
ACGTGAGCTATAAACA,800
ATCACGTATAGGAATG,800
ATGAAACCATGCGACC,800
CCAACCTGCACAAAAG,800
CGGAAACAATGCCAAT,800
GTTTTCGAGCATCCCA,800
TGCACGAATAATTTTA,800
TTATTGACTTAGACAA,800
AAACATTTCAGAAAAA,799
ACAAGGGGCTGTGTGG,799
ACATAACAGTATATTG,799
ATATTGTACGGGGATT,799
CAATACTCCTTGTGAC,799
CTGGGTTAACTGTAGT,799
GAAACCAAATTCATCC,799
GTGTTGACGTATAGAC,799
TAACCATTCTGTTAAG,799
TGACTCGTAACATTAC,799
AACTCACCCCTAAATG,798
AACTTAGCATAAAATG,798
AGCCAATGATAAACGG,798
CAACCTAAAACTGCAA,798
GAAACCGTCACAGTAG,798
GATAACGGTGGGAAAC,798
TGTATAAGTATATCAC,798
ATAAAGCACAAAGCAT,797
CATTCTGAGCACGGGG,797
GCAGCAAAAATATGAA,797
GGATACGACGATAGTT,797
GTAATAATGTTATATA,797
TAGATGCAGTCTGAGT,797
TCAAAAACCGTAACCA,797
TCCTCTGACTTAGGTA,797
TTACCTTTCGGGAGCT,797
ACATGCAAGCATATAC,796
ACGCAAATGAGCCTAT,796
AGTAGACCACGATCAA,796
CATCACGAAACCCGGG,796
TTCTAAGCTAAACCAT,796
ACGCGTAGCACGCGTA,795
AGGTACTGAAACCGGT,795
ATAGACGACTGCTAGA,795
CAGTCAGTATACAGCA,795
CCAGCAAAAGCCCCAG,795
CTAGAAGAGCCACCTT,795
CTTCACAACCAACAAC,795
GAACACCTCGCGATAG,795
GACGCAAAAGTATATT,795
GAGATCTAAGAGTTGA,795
GCCATGCTATTGCGCT,795
GGATAATGCACTTAAA,795
TAAATCTTGTCACCCC,795
TGATAGTGCCGATACG,795
TGGCCTAACAAGGCAT,795
AACGACGCAACAATGA,794
AACTCTAGATGTTCAC,794
AGATCACAAAGGACAT,794
ATATTATCACACTTAT,794
ATCATCCAACGATGAG,794
ATTAACCTACATACGA,794
CACTCGAGAAGTGTAC,794
CGCTTTATTAACTGGT,794
CTAATATTGTGGTAAC,794
GACCAGGTGTATTGAC,794
GATTCATCGATATGAA,794
GCGAAAATAATAACTA,794
GGTCCACGCCTTTCCA,794
TCACCAAACTAAGTCA,794
TTCGGTGAGCACAACT,794
ACAATACCGAGACTTG,793
AGCTGTGATCCATTCA,793
AGTATCCGGGTTTATA,793
CATAGAAGACAACAGG,793
GCCGGAGCAAATATCA,793
GCGTATACATAAGGGA,793
TATACAACTCAAGCTG,793
TCAAGTTCCAAAGGTA,793
TCTTCTACAGGTACAT,793
TGGACGATAATCCTAG,793
AAGGCTTAATATGTTT,792
AATTTTAAGATTCCGC,792
ACGACCATTGTCGAGT,792
ATCATGATAGTCAGGA,792
ATCTCCGCGCGTAGGC,792
CAATTCAATAAATGTC,792
CACAACATGTATTTTT,792
CTACTGGAGCAGAACC,792
GGGAGTAAAATGAGCC,792
TCAATTCTGATCCCAT,792
TCATACATCCCGATGG,792
TGAATACTAGATTATA,792
AAAAGTTCATCCAGGT,791
AAACTGGTCAATAAAC,791
CATCAAGAGAATAATA,791
CATCTTTAGACACTAC,791
CGAATCACCGTCACCC,791
GAACCTCCATGTTTGA,791
GGCGACAAAAACCGAT,791
GGTATGACAAGACAGT,791
AATACGCCTAAACCTC,790
AATCCAGTCTGATGGG,790
ACAAAACGCTTAGTAT,790
AGTCACTCCAGGTAAA,790
CAACACGTGAGTGCCG,790
CGAAAAAATGTTTACC,790
TTATAGATGTCTCGCG,790
TTGGAGTGTCTACCAC,790
TTTCTGTCTGAAAAGA,790
ATGTAGAGAGACAAGA,789
CATAGCTTATTAAGGA,789
CCATCTTAACACGATA,789
GGGTCATTTAAGACGG,789
TAATCAGGTGCTAAGG,789
TGACGATCAACAACTT,789
TGATCATTCGCATACT,789
TTAATCGGAAAATACC,789
TTGATTGATTGGAGGT,789
ACAAAAGCTTATATCC,788
ATAACTGACCCTATAA,788
CTTTTCGACCCAAAAG,788
GGAACAAACAGTAACA,788
GGCAGTCTCAGAGAAG,788
AAAATTTCCATTGTAA,787
CTGCGATTAGTGTATC,787
TAACATCAATGCTAGA,787
TCATGTTTCCTAATAG,787
TGACCCTACATGTATT,787
TTTCCCGATAATACAA,787
AAATATAGTAACATCC,786
AACCTTCAAGCTAGCA,786
AACGCTCGGTACTGAT,786
ACAATTTGTTACGCCC,786
AGAAAAAATACCATAA,786
AGCTCTTTTCACGCAG,786
ATATAAACAAGCTAAA,786
CCCCACCTTACCAAGA,786
TATTTGTGTATTTCTT,786
TTAGAACGTACTTGAA,786
TTGTTTTACAGATTAT,786
AAATAGTTAGGAACAA,785
CCATCGTGGAATTGAT,785
CCCAATTGGAACCACA,785
CTTAAATTGCTCCAGT,785
GATTTCGATTTATATT,785
TCCATGACCATGTGTT,785
TCTCAACTTTCCGCAC,785
AACAAACATGTACCGG,784
AACCAATCTGCCCCAT,784
ACATACAAGCGTATAA,784
ACATCCATCACCAACT,784
ACGATGAGTTCCAGGA,784
AGAGAAAATATTTAGT,784
ATCCTTTTGTAACCAG,784
CACTACTTGTGCCACC,784
CCCAAATATTAATGGA,784
CCCTGTGGGTATCCAG,784
CCTAGAAATTCATTAC,784
CCTCTAGTTACTCATC,784
CGGGTATTTTCCAAAA,784
GATTTACAAGTCTTGA,784
TACGTGAAGTAATCCA,784
TACGTTCAAGGTTCTA,784
AAAAATAAAGCAGGAA,783
ATGCATTAAGAAACTA,783
CAAATTCGTCTAATAC,783
CCACAACTTGAGGTCT,783
CGATATACTAGCATTG,783
CTCGTTAATCCGACTA,783
GACAAAATATCTCCAT,783
GTAAGGACGCACGTAA,783
TAAAAAATAATCCTAA,783
TAATACCACCACGGGC,783
TACCATGAATTCAAGT,783
TCCCGCAGTAGATTCA,783
TGAACTCATCGCCTAA,783
AACCACTTATTCTACA,782
ACATAACAGGAATATA,782
ACTACTAACACTTGGT,782
AGAATCTTCTTATCGT,782
AGATAACGAAGGCTCG,782
ATATAAGGACCTAGTA,782
CAAAAGGCCGATTCTA,782
CGAATCTATACAAGAT,782
CTAAAGTTATTCAGAA,782
CTATGATAAAGCCAAA,782
GAATGTCCGAAGACAA,782
GCAATAAAACGATGAA,782
TCAATTACAATTCGTA,782
TCTTACTCGGATCAAC,782
ATGGAACTGGCGAACG,781
CGAGATAACACCGTAA,781
GAGATTATAGCTCCCC,781
GAGGTCGGACATCTGT,781
GATGAAGCATAAAACG,781
GCTTCCGAGGATCTTA,781
TAATTTACGTCTGTAG,781
TACCGAAGTATGCTGT,781
TCCATCTCCGATATTC,781
TGAAGAGTCAGTACGC,781
TTATACACTCAAAATT,781
TTCATTACTCTAAACG,781
CAGTTCTGTTGGGAGG,780
CCAATACAAACTTACA,780
CGATCATCGCAATTAC,780
CTTATGTCTGAAACGA,780
GCATCAACAAGTTACA,780
GTTAGAAGAGGAAGAG,780
TACTAACAAATACTTC,780
TGCCTATAAGGGGACG,780
TGTCTAATCAGGCTCC,780
TGTTTAGACCCCACGG,780
AACCGTGAAATGTAAC,779
AAGCACGCGGTCACAA,779
AAGTCTCACAGGCATT,779
AGTTCTCGACAACCTA,779
CAGCTACCCACCTAAC,779
GGAAGTAACAATGTCA,779
TAAAGCGCCAACTAGT,779
TACAACGAGACCACAA,779
TGTCCATAACCATTCT,779
TTTTTATCGGATAATC,779
CAACGCTACCAAACGC,778
CCAGGAAACGCAAAAA,778
CTCCTACTATTGATAA,778
GAAACAACAACAAGAA,778
GAGCTGTTCACCAAAA,778
GGGTGCGAGCCTACCA,778
ACCGTTATATAGCAAC,777
ATACCAAATCGTTGTC,777
GAACGACGAGCAGCGA,777
TATATCGACAGTGAAA,777
TATCACAATGCCCGTC,777
TGCTTAAGTCGGGTGC,777
CGTGAACTGAACTCAC,776
CTTCTAATCCCCATAG,776
GACGTGTAATTCAATG,776
GATCTATTGTATGAGT,776
GCATCCACGTCTTATC,776
TCCGAACAAAGTAACA,776
TCGATAAGTGGAGGCC,776
ACTACATAAAATGGGA,775
ACTCACATCACTAATA,775
AGTACAGGTCGTGGCA,775
AGTCAACCACTATGAC,775
AGTGTGGATAATAACC,775
ATAACCTGCCTCAAGT,775
CCAGGCCATGGGAGAT,775
CTGCTGCTTGTAGTTT,775
GACATGACTACCAGAC,775
TACCAACCTATCTGAA,775
TTGGCAAGACAGAGAA,775
TTTGGAAAAGAGTAGC,775
AACTGCAGCGGTCCCC,774
AAGCTGATTTAAAATT,774
AATCAAGTTTCATTTC,774
AATTCAAAGATCACAC,774
ACTTTCCCCAATCAAG,774
AGCAAGCAAGTATTAC,774
AGGATCCAGCTGGAAT,774
ATCAAGTAATTAATTC,774
CATAGACGAAATTTGT,774
CCAAGGTTGATACCAC,774
GCAAGTAAATACTACA,774
TAACTTAGCTGCAAGG,774
TACAAATATCGGATTT,774
TACTATAATGTCCATA,774
TATCCTAAGGTAAACG,774
AAGATCAAGCTCTAGT,773
AGCATAAGGCCATTTT,773
AGCCCCATGAGATTGC,773
AGGAAGAAGATGATCA,773
ATCACTAAATCGTTGC,773
CGGTAACCGATTGCTG,773
CTGGAGCATGCCAGCC,773
GCATTTCAATCCTTCC,773
GTATTGCTATGCTGGC,773
TACTCATTAACTATGA,773
TAGGGTTCAACAAGCA,773
TTTTCAAACTGACGGT,773
AAAAAATCGCTAACGT,772
AAGGAGAGGAACCGAT,772
AATGATGGACGGAGTT,772
ACCAAATGCTATTATA,772
ATTCTAGGGGGCAGAA,772
CAATAGATGAGGGGGC,772
CGGCCGCTATACGCGA,772
TAACGTAAGGGAGACC,772
TATCACACTGGATCAG,772
TGTTTCTATCAAGTGC,772
ATTTTTTCTGACCGAT,771
CCAGTTAAATGAGATC,771
CGAAGTACAATATGAT,771
CGCATTCAACCGAAAT,771
GCGCTTCGAACAACAC,771
TAAGTATGCGATCCCA,771
TCAAGACCAAAACAAT,771
AATTACCAACCATAAT,770
ACACTAGGAGTAACCA,770
ACTGCCTGTAGCCTAT,770
ATAAGATAGAAATCTA,770
CCAATGGTCAGATATG,770
CGAGACTGACTCAGGT,770
GACATTGGCTCATGGA,770
GCGTCTCTTATTAGTT,770
GCTGTGCCGCTGTGGT,770
GTACACGCATTACGAA,770
TACGACAACTACTGTG,770
TGCTTGACATACAAGG,770
TTTAAGATACCTAGAC,770
ACGATACGAAACAAAA,769
CGACAGTGCAATACCC,769
GACTTTGTCGAGGTTA,769
GGATCTGGCGCTAAAA,769
GGATTGCTACATCTTA,769
GGCCTGCCTCAACAAA,769
GTAGGAACACAGCGCT,769
TACACTTATGGATATT,769
TCATATAACGATACCC,769
AAGTCTCATCCAAAAC,768
ACTCACTTTGCCGATA,768
CAAGGATTGAAGTGTA,768
CATTCCGGCGCTGAGG,768
GCACAGCAACATGAGC,768
GCGAGCATTCTCATTA,768
GTAACACGGCCACAAA,768
GTGCCGAGATGATCAG,768
TAGTCTTGGGCACCAC,768
TGAATAACAACTACGA,768
TGCCCTATCCATTACG,768
TTACGTGGGTAACAAT,768
TTTAACTTACAATGCG,768
AACGACAGAGAACGGA,767
AGTCTTAATAAATCAT,767
ATACTTCTGTTAGCGG,767
ATTCACCAAGAGGACG,767
CACAGATGTTCAACTA,767
CCCACCTCCCTTGATC,767
CGGTCCTGTCATTTGT,767
CTCCCCAGATTTACCT,767
GATCAAAAAAACTCAT,767
GCTTCCTGATGCAACA,767
AAGGCTAACTAAACAG,766
AATTCAGTGACTGTAC,766
ACGACGGTTGTGAACC,766
ACTTGACAAGCAATGC,766
ATTTACCAAACAAGGA,766
CCACAGAATAAGTCTT,766
CTCCAAGTGCAAAAAT,766
CTTCTTACTCAACACA,766
GAGTAAAAAGCTAAGA,766
GGTTAGAGGTTCTCTG,766
TGGGAGTACCGGACTG,766
ACCATATACGGCAATA,765
ACCCCAAATCATGAAG,765
AGATATAAAACAAGCA,765
AGTTATCCCATCTTGA,765
ATGAGTCTAGTAATCT,765
ATTAATATTGCGAAAA,765
CGTAATTATATAAGAT,765
GCGGTCCAACATGACT,765
AAAAACACAACAGTTA,764
AACGCACCGTAATTAT,764
ATTAGGTTGTAAACTA,764
CAATTGTGGACCACTG,764
CACGCAGAACCCTGAC,764
CAGCACTTCAGGACGC,764
CCTGCGCTTTCTTGCA,764
CGGAAAAACCGAATAT,764
CTAACTGTGTATTTCG,764
GATCAGTGTACCAGAA,764
GTTGACAACGTGAGAA,764
TTGAGACCAATAAAAA,764
ACCTTATTTCTATCGT,763
ATCAACTGCGGTCTGA,763
CAATAGTAACATCGTA,763
TCACCGACCTAAAAAG,763
TCATGCCATAATATTT,763
AATCTTTGAATGAATA,762
CTAAGAAGATCATAGT,762
CTGAAGAAGTCGGGGT,762
CTTAAAATACGTCCCA,762
GAGCGAATCCATAAGT,762
GATTCGAAAAGGACCT,762
TAAGGCATACCCGCCA,762
TTCTCAGATTATCGAC,762
ACCACAGAGTTATCAA,761
AGATGATCACGGTTAC,761
AGTAAGGACACCACAA,761
CTGGCAACTCTGCCAA,761
GACATTACCACCCTTC,761
TAGGCCCTCTACACGT,761
TGACGGCAGCAACCAC,761
TGCCACTTACTTATAC,761
TTAGTCCTAATAACAC,761
TTGCTAATTACTACCA,761
AGAGATAATTTATTAT,760
AGAGTACCTTTCTTAC,760
AGTCTAATAAAACTTT,760
ATAATCCCCCGACAGA,760
CTCTGACAGAATTGCA,760
GAGTCCATTAAAAGCG,760
GCAACCTGTCGACTCT,760
GCATGGTCTCTACATT,760
GTGAATACTTCTTTAA,760
TGAATACGGTTGAATA,760
AAGACTTTACCCTCAA,759
ACGTAAGTCTAAGAAC,759
ACTATCTGGCTGGGAA,759
ATCGTTACAATCGATT,759
CGCGCTATTCTGCTGT,759
GATAATCTAATTGTCC,759
GCAGAAAACTCATAAT,759
GTATAACAACTATGCC,759
TCAAAAGATAAAAGCA,759
TGACAAATCATCGCGA,759
TGAGCACGTGTTCAGC,759
AACTGAGTCCGTAAAT,758
AATACGCTTACTACGC,758
ACCATCGGCATAGGCA,758
ATTACAAGTAGAAAAT,758
CATACGGGCACAACCT,758
CTATAAACCGGGAAAA,758
GTAGAATAATCACTTG,758
GTTAGAATACGCCGTG,758
TAGGGCGCTGGCCCGA,758
TCAGTTACGAAATCAT,758
TGTCCCGGTTACGGCA,758
TTATGTCAGTCAAAAT,758
AAATGGAGCATTTCCA,757
AAGCACGCAACTATGC,757
AATCGCAGCGTCATTG,757
AATGAACAGCAAAAAT,757
AGGACAGAACCAAGGT,757
CGTAACGCGCAGTAAC,757
CTTCCCCTATACGGCC,757
GGTAAAAATAAGAAAC,757
GTCTCCATGGACGATC,757
TTTAACTACAATTAAA,757
AACTCACAGTCGACTT,756
AATAGAATCGATTCTT,756
ACTAGTATCTAGAATT,756
CAAGAAACTGCTATGT,756
CGACTCTATGACTGAC,756
CTCCAAGGACACTTTG,756
GTACTCTACACACATT,756
TAACGTCAACACGATA,756
TCGCAAAATCGACCCA,756
TCTTTGATATGACGCT,756
TGAAACACTCACCATA,756
TTGCAAGCGACTGTTA,756
AAATAGAGCTAGTACT,755
AATACAGGAAAAGAAC,755
AATGAGGAAACGAAAG,755
AGCATATCTAATTAAC,755
ATTCAATAACCTAGTG,755
ATTTTGATTCAGATAA,755
CATATCACTTTCTAAT,755
CGATGAGGATACACAC,755
GAAGCGAGTATTCGGG,755
GCCAACCTGCTTAGCC,755
TAGTCCACTCAAAGAA,755
TCGCTAACAATGAAAC,755
TCTGAGTAACACAACT,755
TGCTGAAAGGAACAGA,755
TGTAAAAATCGCGGGT,755
AGTCTCGATTATTTCA,754
ATAAATAATCCTGCCA,754
CATAGGCGGGTGAAGT,754
GATGTCTCGAGAATCT,754
GATTATTGATCAAGTA,754
TAGAAATCGAAAATCA,754
AAAATTATATATAGAA,753
AACGTAAACAGTGTAA,753
ACAACGTTACATCGAA,753
AGGGGGAACTATATCC,753
CGACTATTAAAACTCG,753
GCACATGGATAACATT,753
GGAATCCCGGTTCATA,753
GGCTCGGCTACTTCAT,753
GTGGCTCATTGCTATA,753
TCACGATGACTTAACC,753
TCTGACACACAACAAT,753
TGTATTCTAACGAAGA,753
TTGAATAAGCTGGATG,753
AACATGGTAAAAGGGA,752
AATAAAAACTGATACA,752
AATTATTAAAGCCCCT,752
ACAACTAATCCCAATA,752
ACTGTCAGTAAATTGA,752
ATAATCGTAGAGAAAG,752
ATCTCAGAGACTGCGA,752
CAATAAGAAACTCAGA,752
CGCACTAAAATTAGCT,752
CTACAAATTCAATCAC,752
CTTTATCAAAGGCTCA,752
GACAACATTAGAGCCA,752
GACTCACGTAACCACT,752
GAGTAAAAAGTGGCCA,752
GGAATGCTATCATCTA,752
TGAAATATAAGAGGTG,752
TTTAGTGAAACGTAAA,752
ACAAGTAAAATATATT,751
ACGGATAAAACATATA,751
ACTGAAACAAGTGATA,751
AGCCATATTATTATCA,751
ATTATCGTAGTGAAAG,751
CCATATGCCTCGAGTT,751
CGTAACATAAGGGCCT,751
CTAGCTACAGCTCCTT,751
GAAAATAACAGCGTAT,751
GATGTTACATGATTTC,751
GCCATTACCTCCGATT,751
GCTTAGCGATATGTAT,751
GGACTATGTGACCCAG,751
GGCTTCAATCCACTAA,751
GGGGTGTCCCGGGCTA,751
TATAAGGTCCTACATA,751
TCGCAGTAAAATTAGT,751
TCTATCACAACACAAA,751
AAATCCTAGCATGAAG,750
AGCTGGTAATTTCTGA,750
AGGGTTATGAATTATT,750
ATGCTGAATGACGAAA,750
CCACCTCCCCTTGTCG,750
CGTAGAAAATAATCTC,750
CTATCTTGGGCAAAAG,750
CTTTTATCGACAAAAA,750
GATCACAACACTATTA,750
GCAGAAACTTATGTAT,750
GCGAAGTAGTCGGGCA,750
GCTTTGCTCGTGTCAA,750
GGACTATGTTATGATA,750
TCAGTCGGATAGCAGA,750
TCATAATGGCCTAGCA,750
TCCGAAGGAACCCTAC,750
TTCTTTTTACAACTAA,750
AACAACATAAGCGAAA,749
AATAATTCAATTTAAT,749
AATGTCACTACACAAC,749
AGAAAGTACGATAGGG,749
CAAGCTGATAACAGCC,749
CACAACCACACACGCA,749
CACTAATAAGGAGATT,749
CAGAATAAAAATTATG,749
ACCACCATTCTGATAG,748
AGTTTCCTTTAAGACA,748
ATCAAAAGAATTAGTC,748
ATCTGTCAGATGTCCT,748
CGCAATGCGCGCCTTA,748
CTAGCGCCAGCTATTA,748
GATATCAGACAGTTAT,748
GCCCTATAAGCATCTG,748
GTTTAAGGTCAGACGC,748
TACTGATTACTTACCC,748
TCACCTCTTATCACTA,748
TGAGAGATGCCACAAT,748
TGATCCTAGACATTTT,748
TTCTAAGCCATACTAG,748
ACATACGAGACAGTTA,747
ACTTACATTAACCTTA,747
CGATCGGAACATCACT,747
GATCACTTAACACCGC,747
TAAAGTATCAATAAGA,747
TCAACGAGGGAGCAAA,747
TCATACACCGCGGGGA,747
TGCCTAGCACCAATAA,747
TTCACTACTACCGCTA,747
TTCAGCGAAACCTAAT,747
TTCATTACTTGATTCC,747
AACCGCCCTACCCCGA,746
AGGTCAAATATGTTCG,746
ATTTCGAACGCGATAT,746
CAGCGAGATTAACGTC,746
CTATGCTTTCGCATTC,746
CTTCGGCACCAACATC,746
TAATAACTTACGATTG,746
TACTACAAAATAAAAC,746
TTATTCATCGGCCCTG,746
AAAAAACCAAAGGACT,745
AACCGATCGGTTTACT,745
AATATAAGAGGCTACC,745
AGAAGACGTTAGACCG,745
ATAGTAGCATATAAAT,745
CCATAAAGTACCCCAC,745
CCATTGATCAACCCTA,745
CGCTATAAAGTTGTGC,745
CGTAAAACGTATTCAA,745
GGATCAATGTAGTTAA,745
TAGGTAAACTTAACTA,745
TCCCACTCCTTGAGAT,745
AAAGCTTTGCAAATAG,744
ACGTTCCAAGTATTAC,744
ATGCTTAAGACTGGGG,744
CTAATAAAATCATTCA,744
CTCTTCGATACTGTGA,744
GACTCCCGTTAAAATA,744
TGCGGTAAGTATATAA,744
AGCGAAGTACAGCTAG,743
ATGTATACGGCCATAC,743
CAAGCTCGGAAAGTCA,743
CATTAATTGAGGCGGT,743
CCATACACACTTGCGT,743
GGCAAGTGGCTGCGTA,743
GGTACCAGTCATAGAA,743
GTGGAGCGCACATAAA,743
TCCGATTGCAAACCAA,743
AAACAACGTACCGGAA,742
AAGATATAAAGACGTC,742
ACATGCCCATAGGCTC,742
ACCATGAAGCAACTAA,742
AGACGGCCAAATCGCC,742
ATACCATGATTTTTAC,742
ATACGGAACTGAGGCT,742
CCTCGTGTAATTTAAT,742
CTGGGCGTGCACAGAG,742
TAAGTGGGTGCAGCCA,742
TACTATACAGCATAAC,742
TATTATATCAGTAAAA,742
TGAATCAAACAGTAAT,742
AAGAAACAACCCAAGG,741
ACCGAACCTCGCCCAC,741
ATAAAGGGCGGTTCGA,741
TAGTACAGCCACCAGA,741
TATGTATGGAAGCAAG,741
TTAACCAGATAAAGCC,741
ACTGCATGAGTATTAA,740
ATAAGCTTTCTAGCAA,740
CTATAACAACAAGATT,740
CTGCATTACATGGCTG,740
GAATTGAAAATCGTCT,740
GAGAATCCAACCAATA,740
GAGGCCAGGAAACTCA,740
TTCATATGGCACCTGA,740
TTCCTGCTCTAACAGC,740
AAACCATACGCACAAC,739
AAATACATAAATCTTT,739
AACTTAGAAGAAATCG,739
AACTTGTCCACCGTTG,739
AAGGAAAGCACAACAA,739
ACACAACCTTCGGACT,739
ACCCTCAATCATTACA,739
ATTAAATAAGCCAGAA,739
CACGCTTGACATAGAA,739
CCGCATACCGTATATC,739
CTACCGTCCCAAATTA,739
GTTTTAATGGGGGTGT,739
TGAACTAGCAACAACC,739
TGCAGACGTTCTGTTC,739
TTAGCATAGATCACCG,739
TTCTGATACGAGCAGA,739
AATAGTATGAAGAACT,738
ACAGTACCATATGGTT,738
AGTCCTATCCATTTAG,738
ATTGTCTGCAAATGTC,738
CCAAACGGAGTTGTCC,738
CCCTGTCATTAAAGTC,738
GATAAGCAGATGTGAA,738
GATTTAAACGGCAGCA,738
GGGTATTCTCACGCAA,738
GTTTGTGAAAATTCTA,738
TGAACAAATACAACCA,738
TTTTTTGAATAACACC,738
AAACTATGCACGTTAC,737
AACCGGCCTCAGTGTA,737
ATAAATATTCAGACCC,737
CAACCCCTATACAATC,737
CACGTCCATAACTGCA,737
CACTCGATACTGACCG,737
CTCAAATCGTACGATA,737
GCAAAGTCATATCTGG,737
GTAACAAGCATCCTGT,737
TATTCAATCCTTGAAG,737
AAAGACAGACAGTCAT,736
ACGTCCGCAGAGCGAA,736
ACTACCAGAAAAAAAC,736
AGGAGATGGGTGAGCG,736
ATAACAGCATTGAAAT,736
ATACCGCAGAAATGCT,736
CACCCAAACACTTTTA,736
CACTATGCAAAGGCAA,736
CCAATCTGATAAGCAA,736
CGAGTAAAATTTAACA,736
CTAGAGCTTTTATCAT,736
GACACATATCAAAACC,736
GACGGAATCTCACATA,736
GAGTAATCTAGTGAAA,736
GATCAGTTAAATAGAC,736
GCGCGGGGATGCTAAT,736
GGTAACCAGATATAGC,736
GTACCCCTTCCCGGGC,736
TGATCGTCGTATATCA,736
AAGGCACAAATTGCAC,735
CACTATATCATCTCGA,735
CAGCGCGCAGATTCCC,735
CTAAGTGCAAGTCGAA,735
GCCCACCTCCCCGTAC,735
GGATAAACAGAAACTT,735
GTATACAGACATATAA,735
TCGAACCATGGCAGGA,735
TTGTATTGGAATGATT,735
AACGTAAGAGTCCCCA,734
AATATACGTCATGTAC,734
AATGATACCAACTCAT,734
ACCGTTTATGATTGTT,734
ACGATTCTTAGAATAC,734
ATGACAAAAGAAGTCA,734
CACTCATTTACATCAA,734
CATTCCGTATCTCTGA,734
CGCGGCAGTATACCAT,734
CTTTTTGCTTATTAAA,734
GAGTACCCCGATGGAT,734
TCATCAAGGGTACAAA,734
TGAACAACAACATCTG,734
TGAGCACGGAGCTAGC,734
TGCTCCTAACTGGATT,734
ACACCAAATGTATACC,733
AGATAATGTCAAATCG,733
ATCCATAGGTATCACT,733
CAATCGTGACGAAACA,733
GGTCGGTTGTATCAAG,733
TCCAGAAGAACACCAC,733
TGCTCAGCAATTTATT,733
AAAAGGAGAATCTGCA,732
AAACAGGTCTGACCAA,732
AAATACAATGCGGGTG,732
AAGAACAACCAAGGAA,732
ACCAACGCAAATAAAG,732
AGGCTTACAACCCTTA,732
CCAATGGCGCCAATTC,732
CGCTTACATCAACATC,732
CGTTATTGTCAAGTGA,732
CTTACTACTATTCATA,732
GAGGCCGGTCCACATA,732
GGATTCGACACTGGGG,732
GTTGACTTATGAAGGA,732
TACCGAAATTGAACGA,732
TATAGCTCTTCAGCCT,732
TGTGTGACAATGCCCA,732
TTAGCTGCAAACCCAG,732
AGCAGCGACTTTAGCA,731
CCACTTAATAAGTAAA,731
GACAGTTAGGCTCCAT,731
GACTTCATAGGAGAAA,731
GATCCATTTAACTTTA,731
TCAGCACTTAAGTGTA,731
ACCTGATTGAAACTTT,730
AGAGCATACACTAGAT,730
TGCACAAGGCCAAGGA,730
TGTCCCTGAAACATCG,730
TTATAGGTCAACTTAA,730
TTATGTCCCCAGTCTA,730
TTTCTGTTAAAACAGA,730
AACATACCTAAACGCG,729
AGGAAGTATTCACAAA,729
ATCTGCACCCTATAAT,729
CAATATATGCCGCCCT,729
CCGGTTCGGCAACGCA,729
CTTTCCAAACCCGCAC,729
GCATCCCTGAAGGGCT,729
GTAGTGGACAAGGAAA,729
TAAGACTCTGAGAACA,729
TCGAATCAAAACACTA,729
TTAACCTGTATACTGA,729
AAATCCGGTTCTACCA,728
AACGCTTCAAAAAGTA,728
ATTGATCACTCACTTA,728
ATTGCCTTGTTGAGCT,728
ATTGTTATCGGACGCA,728
CCATGCTCATTTATGG,728
CCCACTTCGTGAAACA,728
CTAACATTGGTTTCTA,728
GACCACCAAGTCCGAT,728
GGACTGCGGGGTAATA,728
TGCCAGCTTCCAGGAT,728
TGTGCATGTAGATTGT,728
ACAAAAACAATCACTA,727
ACATCCTGGCGTAACA,727
CAGCACTTAAATATTG,727
GAAGCGACTGATAAAC,727
GAATTGAGCCTAAATA,727
GACGGAACAAAAGATT,727
TATGGAACCATTACTA,727
TATGGTATCGAGTTAT,727
TGGAGTAAAGGAAATA,727
TTTTTTCAGGCTTTTA,727
AAACCAAGCAACTCAT,726
AAGTTCGCAAAGTCAC,726
ACTGTTATGCATACAG,726
CGGAGACCATTGGGGA,726
CTGGGACTCTATCCCA,726
CTTTAACTGTAAACGC,726
GACAAATGACACTACA,726
GCATAATAGTCAAATT,726
GCATCCGAATAACCAA,726
TGTTTTTTACAAGATC,726
TTACTACAATTTCGAA,726
GAATGGACCCGTTTCG,725
GCTTCCCATCTCCATT,725
GTATAAATAAATTACT,725
GTCACTTATTACCAAT,725
TGAGGATGGTAGCACT,725
AAAAAAAGTGTAGAAA,724
AAAAGAACAGCAACCC,724
AAGCTGTAGTTCCCAT,724
AAGTACAATACCCTTA,724
AAGTCCTTACAATAAA,724
ATCCCTTAAAGATAAA,724
CAGAGCATAGAAATAA,724
CTCAAGGTCAAATCCA,724
GATAGCACCCAGTGGT,724
GCCACCGAACGTAGAA,724
TAGTGCGCATGCGACA,724
TGGTAATGAAAAGGTA,724
AAATATGTAACTATAA,723
AACCAAACAACCAGAA,723
ACACGTTTACTCATAA,723
ACTAAATCTCAACATT,723
AGACTAATAGCTGAAC,723
ATCGACCATCACCAGA,723
ATGCACGGGAAAAAAT,723
ATTACGTTGAAATACT,723
GCCTAGACTATGACAT,723
GGTTTACGATCTAGGG,723
TAAAAAAGAACGACCC,723
TAATTAGGATTACAAT,723
TATTACAGATAATGCT,723
TCCAAAATTAAACACA,723
TGAAAATGTATGACAA,723
TTTGAAAACTGCATTG,723
AATTAACGTACATCCA,722
CCATTGCATAATATAA,722
CCTTAATATATGCTGA,722
GAAGTCTAATGCTAAT,722
GCACGGTCAAGGATCA,722
GGTCATACTCACTCGG,722
TACTGTAACTCACCAA,722
TGAGACGGAAAACACG,722
TGCACACGAACAAAAT,722
TTCAAAACATTAAAGC,722
AAAACGGTCTCTATGG,721
AAAGGAGCCACCAACA,721
ACTACAGAAGGGGGAA,721
AGATTGTGTAATAAAG,721
ATGATTCTGCACGAGA,721
CCCCGAATGAAAACCG,721
GACAGGTAACCCGTAC,721
TCTCCATAACAAGCCA,721
TGCGCATAAAATCTGA,721
AGCAGAAGCCACATAA,720
ATTTCTGACTATCATC,720
CAACCAAATGCGAGCT,720
CCTTGACAGCACACCG,720
GAACATCGAACACGCT,720
GAGATCCTAGAATGCT,720
TAGTACCGTCACGCGG,720
TTCCTAGACATTATAT,720
AAACACCCCAGTGGTT,719
AACATAATATAATCCA,719
AATGTCGCCATTGCAT,719
ACAATAGATTGTATTC,719
ACTGTAGATTGAAAAT,719
CACTTAAACACGGTCG,719
CCATATAAAACAATGA,719
GGTCCGTTAAGTTTCA,719
TACAAACGGTACACCC,719
TTTTTAATTTAAGACC,719
AACAAATTTTAACCCC,718
AATCAAAAGTGGCAAT,718
ACGTAACTACTAAATA,718
ACTGATTAATCTTCAA,718
AGCCCTCTAACTTCAT,718
ATGAATCTGACCATAC,718
CAATTTACCTAGCTAA,718
CTACATCTCTTAGAAT,718
GAGATATCTACAGAAG,718
GCAAGCAAGAAGAAGA,718
GCGCACCCCGATAATC,718
AACAAGTAAATCTAGT,717
AACCCCGCGCGTCCAA,717
CCCAGAAAATGGTAAT,717
GAAAACCCTGACCCCT,717
GCATGTAACGCTATAT,717
TACCGGCCACGAGAAG,717
TCCAGCCAAAGATAAC,717
TCGCTTCGAAAGTTAA,717
TGCACCAACCGATATG,717
AAAATTAAAATCCCAG,716
ATAAGCGATAGGAAAT,716
ATAGCGAATTTCGAGT,716
CGAGAGGAATTACCGG,716
GACTGTAATAGGATTC,716
GCACGAAAAATAGAAG,716
GTGGATCCGCACAGAA,716
TACTACACGCAAGCGA,716
TGATTTGATAAAATCA,716
TGTCAGCCCACGTAAT,716
TTAGATAATGCCCACT,716
AAATACGAGCATAACC,715
ACACTGGCCGGTGCAC,715
ATAAAACCGTACTATC,715
CACTTAAAAACTTTAT,715
CCAACAAATGCAGATA,715
CCCAGTGCTGAAAACT,715
CCGCAATCATGGATGG,715
CTACAAATATAAATAA,715
GCTATCACTAAACATT,715
TACGATTCATAACCGA,715
TCGGTTATACCAAGCA,715
TGAATCTGTTCAACTT,715
AACAATGGAATCTACA,714
AACGCAGTTCCAATCG,714
AATATCATTTCTTAAT,714
ACACGTTTCTGACAAA,714
AGCCCTCACACATCAC,714
AGGAATCGAAATGACG,714
ATCTGAGAAGCTAGGA,714
ATTCACAGATACCGAC,714
CACCATAAAAACAGGA,714
CAGGAGTTGTTTTATC,714
CCTAAATTATTAAAAG,714
CTACCCTCCAGTCAAT,714
GCTGGAAGTAAGTAAT,714
TAACTGAAAACCCCAC,714
TAATCGCGAATCGTTT,714
AACTCAGGCATACTGT,713
AAGATCTGTTAAAGCG,713
ACTACCTATTGTCTCA,713
ACTTATGATACCTAAG,713
AGAAGTAATGATTCTT,713
ATTATAAGATCATGTT,713
CCATGAACTAACACTA,713
GACTGTCTTAACCGAC,713
GTGACACCTCCGGGTT,713
TAAGTCTAAGTAAACT,713
TTAATTGCATCTGGAC,713
AAAAACGTACGTCCTT,712
AAATCAGACCAGTAAA,712
AAGCAATGAGTTCATA,712
ACTAATCCTATTGTCG,712
ATAATTATAAGGAGAC,712
ATCACTCGTAATTACG,712
CATAATATAGTTCAGA,712
CGATATGTTAAGGTAA,712
GCGTCAGATATATCAG,712
GGGCGATTTACGAATC,712
GGTAAAAACTCGATGA,712
GGTTTAAATTAAATCC,712
GTGTCACCCGTTGCCT,712
TCCTGGATCGACATCA,712
TGTACACCTTCTATAC,712
TTAGTCTCGTACTCGC,712
TTCTATCAAAAAAAAT,712
AACCAAAAAAATACTT,711
ACAAGCGATTTTTAAT,711
ACACCAATAACAGGAG,711
ACGTGTGTGCAATGGC,711
ACTAATATAATTTCCT,711
AGTACATTTACATATC,711
ATTCAATTCATGGTTC,711
ATTCCAAGCCTGGATC,711
CCGATATTTGGAGATA,711
CTGCTGAAGATACCAA,711
GCAGTGCAGTCATGAA,711
GGTCCATAGCTAGTTT,711
GGTTTATTACATCACA,711
GTGGTGTTCGGCCCTG,711
GTTACCAATACGAAAT,711
AAGAGTGGAATTTACG,710
ATATTCAAAAAAAATA,710
CGTCAGAGTAAGTCAA,710
TAGTCGAGTAATACTC,710
TCTTATATGGTAGTAT,710
AATATGTTGATAATCA,709
ATGCTGAGCATTAGAA,709
ATGGCAAAGTTGAAGC,709
CACGAGCCTGTTGTTC,709
CATATAATAGCTGAAT,709
GAAAGGAACATCTAAG,709
GCATGTGCGTTCAATA,709
GTAAAACGTCTTCACC,709
TGAAGACCTCTCGGAT,709
AAGACTAGGAAAACAT,708
AATACCCAGCTTGAGA,708
ACACGCCAACCTCACT,708
AGGTTGGCCGACCCCT,708
CAAACACTTTTTCGCT,708
GACAAATGAAAAAGAT,708
GCACTAAAACCTAAAG,708
GCAGTCATTCATCCAT,708
GGCATATGCCTACTAT,708
TAGCTGTTTACCGAAA,708
TAGCTTTTATACTTAT,708
TTTATGACTCCCTATT,708
ACTAGTTGTTTAGTTA,707
ATCACCCCCCATAACA,707
ATGAAACTAAGATGAA,707
CAGTCTAAGTATAAAA,707
CATAACATATTATCTC,707
CCTCCTGTCCCAGTAT,707
GAAAAACAGACTGACC,707
GTCTTCCTCCGATAGC,707
GTTGACTTATGACAAA,707
TACAACACACGTTAAA,707
TAGGAGAACGGAAAAA,707
ACATAGTGGAAGTTGT,706
ACCCTGAAAGGGAATA,706
ACCTCACCTAAACCAC,706
CAACATTTTTGAGATG,706
CGTTTTCTCTCATGTC,706
GATTCCCTAGCATACC,706
GGCACCGAGCGAGTCA,706
TGACACGTTCAGCTAA,706
AAGAATTTGACGGACG,705
AAGGGACACGAGGACT,705
ACACGACAAGATGCCT,705
ACTGTTTCCAAATACG,705
ATAATCCAGGACCACT,705
ATCTGAATGAGTATCC,705
ATGGCAGAGCTAGGAC,705
CAAGGGACCATGCCAA,705
CCGACAGACTACCTAT,705
CCGCCTGCACACACGT,705
CGCACAAAAAGGGTCA,705
TCACCAGCTGAGCATA,705
TCATGTCATGATAGTC,705
TCTAAGATTCACAGAA,705
TGCGTAATCGCGCATG,705
TTAATGCATATCACCG,705
TTTCGAACCTTCTAAA,705
AATGTGAAAACTCACA,704
ACAGGTATAGCTAAGT,704
ACGCTCCCCAATTATT,704
AGACTCCGACACATAT,704
ATTAGCAATGCCCAGC,704
CCTACGTCGTGATAAA,704
GATGCTATGCACATAT,704
GTTATTAATCCATGTA,704
TAATAATAAACCTCCC,704
TCTAACCAAACGCTGA,704
TGGATGTAGCTAAAAT,704
AAACTTTTGTACACCT,703
AACAGCACGGAAGGCG,703
ACTACTAAATTTAAAA,703
AGAAGTCCCTTGCAAA,703
CGAGATGCTCAAAAAT,703
CGGCAATATAAAACTG,703
CTTACAGTATGATCAT,703
GATTAGACATTAAGAC,703
GGCCTACTCACCAAAC,703
TAGAATTGCCCTACTG,703
TGACCTGTTAGACACA,703
AATGTAATAAAGATAT,702
AGTTAGCGTACCGTTG,702
CCTAATTATAAAGGAG,702
GACCCAAAAATTAATT,702
GAGGTCTAGATGAATA,702
TAAGCATGTCTTATGG,702
TCTGAATACAACAATT,702
TGGACATAAAGCACAA,702
TGTAAAACGAGTTAAA,702
TTACGTTTATTTCCCA,702
TTGGCGAATAAGGAAG,702
AGAATAGTCTGTCCAA,701
ATATTTGTTCACTTTA,701
CAACGGAAGTCAGAAG,701
CAAGGCCGAATACCCA,701
CACCAGCGGATGAAAT,701
CCTTAACACCGATTTT,701
GCATCCCTCACCTACG,701
GCGAGGAACTGACTAC,701
TTTATGCAGCACTAAA,701
TTTGTACAGCTACTTG,701
AACTAGATGCACATCA,700
AACTTCGAATACCGAG,700
ACAATCAAAATAGTAA,700
ACGGACCATCTAAATG,700
ACGGCAAAAATGTATA,700
CTCCGAATCTTGCAAA,700
CTGGTCGAGATACAAC,700
GCGCAACGTTACTTGC,700
GTTGAAACACCATACG,700
TACTTCAACAGGGTCG,700
TCGATCATGGAACCAG,700
TCTACCTACAGAAAAC,700
AAGCGTCGACGCACCA,699
ACGTGCTTTCACGAAT,699
CACCGAAAGAACCCGC,699
CAGTCAAATGAAAGCG,699
CCATATAAAGAAGCCA,699
GAAGGCGGTACCATCG,699
TACAATCGGAACCCGA,699
TTTAGGCAATCAATCA,699
AACAATGCTAAACGGG,698
ACCTTCTTTCAACTAG,698
AGGCGGAATGAACCAG,698
CAACCAGGACGAATGA,698
CCTTATGTAGTGATGC,698
GAAAATATTCACCTTT,698
GGCGTCGCTACCCATT,698
TAGTACCAAGGCTAAC,698
TGCCGGGGCTACGACG,698
AACTATGAGGATAGTC,697
ATAGATAGAGAGCCTA,697
ATATGGTGTGTACACA,697
ATTATATCCCAATGTG,697
CATTAAACTGATCAAT,697
CTATTGCATCGAATAA,697
GAAACACTTACCCCGA,697
GATGCAGAAGTTCTGC,697
GGTTAATAAACAACTT,697
GTGACCGACCTAATAT,697
TTAGCACATAGATTCG,697
AACTCCTTTACTCTTT,696
AGAGCCATCATCCCGT,696
ATATAAATCTTTACTG,696
ATCCATCAAGCCCTTT,696
CATTTACATTCTAAGG,696
CTCATTGTGCTCGGAG,696
GAATGATAGACTTCTG,696
GTTTTTAAGCGAATTT,696
TTTAATAACTCAGAGT,696
ATAACAGAAATGATTA,695
CCTCATCGTAAACTAC,695
CTACGACATCGGTCAG,695
CTGCCCGCATTCAAAA,695
GAGGGCCCGCCTCCCA,695
GATGCTATCCCCTTTT,695
GTATTGGAGTATGCTA,695
TAAGACAATGTGTATT,695
TAGGTATAACACTATC,695
TCTAATTATTCCAATA,695
AAACACCCCGTGTGAA,694
ATCCAGTACGGAAACA,694
CCCAGATCCCCATATA,694
GATGAAGCCCGATTAT,694
GTCACTTAAGCGAAAA,694
TAAAGAAGTCCTAGAG,694
TAATATTTGACTGTGT,694
TCATCGAAGCGCGCTC,694
TCCCTACACACAACAG,694
AACATTCCACGAGCAT,693
AACTTCCTAGATAATT,693
AAGATGTCACACTCTA,693
ACGCTGCTTAAAAGCC,693
AGAGCGCACGATGATC,693
GATTATTGTGCAGTTG,693
GCGATTTATTATGGGA,693
GTAGGTATCAGGATGA,693
TTTTAACAATCGCTAA,693
AATCGAATCCAATCTT,692
AGCCTTTCTTAAAAAC,692
ATGATATATCAAAAAC,692
ATTCCCGTCCCTCGGC,692
CATCGAAACGTAAATA,692
CCCGCCAAGTGGTTAC,692
GGTTGTTAACACATAA,692
GTAAACTAATTAGTTG,692
AAGCGCTTCGTTAACG,691
ACCCGGAACAAGTAGA,691
ATACTATTGTCTTTAT,691
ATGGAAGAAACAATTT,691
CTATACGATGGAACAT,691
GACAAGAGAACAGAAG,691
TATTGTACATAAGGCT,691
TGTCCAGTGGTCCTTA,691
AAAGAATAGCATTCAT,690
AATACATGTAATATTT,690
ACAATCTAACCGTAAA,690
ACCCCTCTCTCGTAAA,690
AGACCTTTTGATTCTG,690
ATATTTATCACGTATA,690
CCATTAAACGATACGC,690
CTGCATTATTGTATTA,690
GAAAAAAGAATACGCC,690
GGGAAAATAAGACGCC,690
GTCGTCTCTTTCGATG,690
TACCAAAAGTAGGGCA,690
TGTTTCAGAGAGAGCA,690
AACTTGGGATGTGCAA,689
AAGTACGGAGAATCAT,689
AATGACAGGTGTGGTA,689
ACCAAACATCAACTTG,689
ACCTGAGACATTTAAA,689
AGAGATGCTAAGCCAC,689
CACCTATAATCAGTAA,689
CGGATATTATAGGTTT,689
GACGGCTAAAACTAAA,689
GCCATACTTGTCGCCA,689
TTAATCTGCTGAGCAA,689
AACGTAAGAGTAAGCT,688
AATAATCTACACGCAT,688
ACTAACTTTAGGCTTA,688
AGGCACAAAAATCAGG,688
AGGCACTCGTTGGCAG,688
ATCAGCCATGCAAGAG,688
CCAATCTAACGCTTTC,688
GATACATTATGAGGCT,688
GTGGAATACGTAATAA,688
TGCCGTTATTTTCCAA,688
AACATAATTCTCAGCT,687
AACGTTCCTATACTTC,687
ACCCTGTCTCACCCCA,687
ACTCTCAAGAGACCTG,687
AGAGTTGTCGGTGAGG,687
CAGATGCTATCGGATT,687
CGAAGTAGGAGCGATG,687
CGTGTAAATAAGGACT,687
GGCAGCCATTTCACCC,687
GTACAAGTCAACCGTA,687
TAGCCCGTAATTCTCT,687
TGAAGTTCAACTAAAA,687
TGCTGACATTAGATTG,687
AACAAAGAACCAACTC,686
AACTTCTCCCACTCAT,686
ACGTATTTTTCAATGA,686
AGTACCGCAGCTCAAC,686
AGTTCATATTCCAATA,686
ATAACTAGAACTGAAA,686
ATGATCAATAAGTCAA,686
ATTCCTCACTGTGGCG,686
CAAATATTTCGACCGT,686
CCTTATTGAAGACCTC,686
CTATTTGCTAGCTATC,686
CTGTCCACTGCATACC,686
GAGAAAGACTAAGCAC,686
GTTCATCTGGGATAAT,686
TAACTAACAGTGCATT,686
TCATGCAACATGTCTA,686
ATACACGCGTCAGAGG,685
CAATCTACCAGTTCAC,685
CACCTTAAGCGGCTGA,685
CCTACACTTATACCAT,685
CTAACAAACAAGACTA,685
CTATTACCAGGTATTG,685
GACACTTTAGCAAAAC,685
GCTGGGAGATAGTAAA,685
GGTAAGCACTATAACT,685
TCAACAATCAAACAAA,685
TCAACGAACGCAGAAA,685
AAATAAAACCCAATAC,684
AGACATCTACATTCAT,684
ATACTATTTACAGGCC,684
ATGCTGCCCTCTTTAA,684
ATTATAAATTAGGACT,684
CAGCAATGATATCGAT,684
CCATGCACTATATCAC,684
CTACGAAAGCTGGAGC,684
GAGTCAGCATGAAGCC,684
TAACAAAACCTAAGCT,684
TTACACTCCTTCATAA,684
AAACCGTCTTTTAATC,683
ACTAAAATCGGACAAA,683
AGCTAAAAAGCACAGA,683
ATCCATGCCGACACTA,683
CTGTACAGTAATCAAT,683
GGACTCTAATAATATT,683
GGTCGCATCACAAAAT,683
TAGTGCACACTCTTCA,683
TCCTTCCATGATTTTA,683
AAACGAGCGATGCTCA,682
AATGAACTGGGAGATT,682
ACCATAACTACATGGG,682
AGTATCTCATAGAACG,682
ATAGCAATTAGCAATC,682
GCCCTAGATTCTCCTA,682
GTTGATCTACCCGCGA,682
TACTACTTGTCATTCT,682
TACTATGATTCTAATG,682
TCCGCATAAGGCCCCC,682
TTGGCCACGCATAAAG,682
AGTGGACTGCAACGGG,681
CAATTAACCTAAAAGC,681
CTAAACGAGTGTCAAA,681
GATTATCTACTAGGAA,681
GGGCCCAACTAAGCAT,681
GTGATGATTTGAACAC,681
TCTTAAGAAATACCAA,681
AACCATATAGATAATG,680
AACGTCAACCAACTCC,680
AATCAATTTGTGAATT,680
ACATATAAATTATTAT,680
GGCGACGCATCAAAGA,680
TACCAATTAACAAGAA,680
AAGAGACAATTAGCAC,679
CGAACCCGTTCAAAAC,679
CTAATTAATGCAAGCA,679
CTATAAAGCATAGATA,679
GCGGTGCCCAAAAAGA,679
GGCACTATGGGCAACG,679
TCGATGATCTCAAGAT,679
TCTCCGTAAGCTGAAT,679
TGAAGAATTTCCGAAC,679
TTTCCAAAACAACGGG,679
ACGTGAATATGCATAA,678
AGCTTTGCATAACGTC,678
ATACACTGATTTAGTA,678
ATGAAACCTTAACCAG,678
CAAAGTACAGCCGACA,678
CAATGTAAGACTGAAG,678
GTAACCTGCCTCGAGA,678
GTGTACAAAAATGGAC,678
TAAATCATTTTGTCAT,678
TCAAGTTCCTTCTATT,678
TGCCGGAGTCTAGTTA,678
TGTAAAAACATGATAA,678
TTAGATAGAGTGCCGG,678
AACCTAACGAAAAAAA,677
AGAAACCACTATCTAT,677
CGAAATGCCTTATGTG,677
TACCCAAAATCCAGAA,677
AAGATAACCAACTAAC,676
ACTACCTTGTACCGTG,676
CCGCTTCTTTCTATAC,676
GAGAGTAGCACTACAG,676
GGACAAGATATATGAA,676
AAACGTTGATTAGAAT,675
AAATCAACCCGTAAAC,675
ATATTTCCCATGTTAA,675
CCGCTGAATCGCTATA,675
CGGTCATGATTGAGCT,675
CTACACACAATTAATG,675
GAATGTTCTAACATTA,675
TGTCACAGTTAATTGC,675
TTACGCAACACTAAAA,675
AAGGCAGGTTTAAATG,674
ACGCTTGACCCTTAAT,674
ATAAGACGGTTTACCA,674
CATTACAAGGATTCAG,674
CCTGAATGTCCGTGCT,674
CGGTTGCACGAGAGCG,674
CTATAGACGCTCAACA,674
GCTTGTCAGTGGAGTG,674
GTAGGAAGATAAAACT,674
TCAAAACGATATACGA,674
TCAATAGGACCGCAGA,674
TGAGTTATTATTCGTC,674
TTGAAATTATTAATCA,674
AAGTTATTGTCTATAA,673
ATACCATCGGACTAGC,673
CAGACCGTCCTACCCT,673
CAGGAGGCCCACCCAT,673
CCGCTCTCGACGCCAT,673
GAAAGAATAGAACATT,673
GAATCTAGTATCCTCC,673
GGAGGGGAATGATACC,673
TTAGTTTTTCACATAA,673
AAAAGAGACAAGCATT,672
AAGATCCATAGTTGAT,672
AGGCTCACGCACCAAT,672
CGGCTACTATACAGAA,672
CTGCCAGTATTTGACG,672
GAAAAAGACCGGAGAA,672
GACAACATCGGAGTCT,672
GATAGCCAGTTTCATA,672
GTCGCCCCGCACCTAC,672
TACCATCACTACTCAA,672
TATACAAATCTAATTC,672
TATACTCTTATCCATA,672
AACACATCAGTTATAA,671
AAGCGCACTCATAGGA,671
AGAGTCAATACTCATC,671
AGGTGTCGCAAGTCCA,671
ATATATCTCAACCCGA,671
ATCGGCTTTCGTGAAG,671
ATGACGACTAATCAAA,671
CAAGCAGTCGATTATT,671
CACAAGGCACTCAATT,671
CCAATAATACCACACT,671
CTGCTGTACAGAGGTT,671
GAACATTAAGAATTTT,671
GCTATAAAAACACGAA,671
GGCCGAGAACCAACAT,671
GGTCCGAACCCAATCA,671
TACCCCCGAGCATTTT,671
TAGCCTGGTTTATGAG,671
TGGCGCGTCATCAATG,671
TGTTAGATCTCAGCAT,671
TTGACAAAATAGTGGG,671
AAAAAACGAATATTCA,670
AGAACCGATCTAGCCT,670
ATTACCAAAATATCTT,670
CACCATCACAGGCGAG,670
CCACGTATAGTAGATT,670
CCGATATTGAAAGTAA,670
CTCTACTACAGCTCCC,670
TCTACTGGAGCTCAGA,670
TGTATGAGAATCTCTG,670
AAAATGGTACAAAAAG,669
AAACTTATAGAACCAC,669
AAATATAGATCAACCA,669
ACATTACTAGCCACAA,669
ACTACAAAGCTAAACA,669
ATAGTCCTACCTATAA,669
CATAAAGAGACCTATG,669
TAGGAAGAATGTGTTA,669
TGAACCCAGATTATAG,669
AAACGCGCTTTCACGG,668
AAATAGAAAAAGTATG,668
ACATGATTTGAATTAA,668
ACCCCATATTGGGAAT,668
AGCAAGTGAGAAAGTA,668
AGTCACTACTTGGCCA,668
AGTTTTAATTATCGGA,668
ATAAACCAGCTCGTAC,668
ATCGGAAGTCGCGCTG,668
CAGGCGCATCACTGAC,668
CTAGCCACATATTGCT,668
GAGAGTGAAAAGTATG,668
GCAACGAATCTACAAT,668
TACATCCCATACCAGT,668
TACCTATATCGGATTG,668
TAGTGCCCGGGGGTAT,668
TTAAAGTGAGAGATCA,668
AAAACGAATAAGCGGT,667
AACATCACAGAACAAC,667
ACTGATTCTCGAGGAG,667
AGGAAGTGACCAAAGC,667
ATGATTAATCAACAAA,667
ATTTATTTATGGCTAA,667
CCATCGACATAATTAA,667
CCCCGTGTTGAACGTA,667
GAAACATTATTGTTGG,667
GCGCAATTCTCGTAAG,667
GTTAGAATAAATGTAA,667
TGAAAAAATTCTTCCA,667
TGAAAGCAAACTCTTT,667
TGGCGCGTATAACAGC,667
TGTAACTAAAAAGCAG,667
AACTATATAACCAAAA,666
AATTTATATGAACCTG,666
ACCTCGAAATACACAG,666
CAAGATCTGGAAGGGG,666
CATCAAAATTCGATAG,666
CGACGGGAGCAGCGTC,666
CTGACAAGACCTTTAA,666
GAAAGATAGAGTGTGG,666
GAAATTTAAATTGCCT,666
GACTAAGAGAAGGCTT,666
TTATAGGTAAAAATGC,666
ATGTCTCAGTTGACAT,665
ATTTGAGAAGAACGAA,665
CAGGATGGGACACTAA,665
CCCCTAAAACAAAATG,665
CTATAAACCATGCTAC,665
CTGACCAGATCAATGC,665
GCCCAAACTACCTTTC,665
GGATTCATGATGACCG,665
GGCTAACGGCCACTAA,665
TATTACTGTTCAGGTC,665
AAATCGTAACAAGATA,664
AAATTCACCTGACGAA,664
AACCAACATCCTATTA,664
ACAACAATGCATGATA,664
AGACTAGCAGTATAGA,664
ATACCATTGGAAATAT,664
ATCGCCCATACAATCT,664
ATGACGTCACGATTGA,664
CGCGCATCTTGTTCCT,664
GAATCCGTAAAATTTA,664
GGGTGACCTAATCTCG,664
GTATCTGACGACGCAG,664
GTATTAACATATGAAG,664
AAAGTCGAGCAAACTG,663
AAATAAAGCACCATTA,663
ACATAGATGATTACTA,663
AGACGGGATAAAAAAT,663
CACTTTAATATTGATA,663
GAATACGTATCAAATG,663
GAGTAATATTATCATT,663
GAGTTATTTTTAAGCG,663
TAAAACTGAAACATAA,663
AAAATCAAGAAGTCTG,662
AAATTGCGGAAATCCG,662
AACAATACAGGACTCC,662
AATACGTGATTCTATG,662
TAACCCCCACTGGAAA,662
TACTTCAAAAAACGCC,662
TATATAAAGGTTTTCC,662
AAATTGTAAGTATGTA,661
AACGACTCAGAACGGT,661
ATAACAGATGTGTCCC,661
ATTAAGGCACAAGAAC,661
GATAAAGACAATCAAA,661
GCATTGCCATTTTCCT,661
GGGAAGAACAACTTGT,661
TAGATACTACAATGAC,661
TTCAGTGTCCCCACAG,661
AAACTTAAAAATCCAC,660
AAATTAAGGACCCCCT,660
AACAAATGAATCAACC,660
AATTGACTTAGCCAGG,660
AGCGGTGGGTGACCGA,660
CCCTGACCCACTATAA,660
GCCTAGCACTTCCCTC,660
GGACTGCTAATGAGAA,660
GTCTGCCGGGCGTCCA,660
TAATACCACCGTAAAA,660
TTAGCCCCTTTAGTGG,660
AATGCTCACACCCATA,659
ACGGTCGACACATGTA,659
AGAGGCTTCCCCTAAA,659
ATAACTCTTAGACAAA,659
ATTTTGGTGGTGATTT,659
CCAAATTCCCAAGGAA,659
CCACGCGTCATGACAT,659
CCCATAAACAACCTAG,659
CTCACCACGAATTCCG,659
GATGACCAGGCTTCGT,659
GCGACGCTGATCATGA,659
GGAGATGATACTCTTG,659
TAATGCGAACACGCTG,659
TCGGGCAATATTATAC,659
TTATCAATAGTGATAG,659
AAAAAATATCAAAACA,658
AACAACATACGATTAA,658
CCAGTTCCGAATCTCT,658
CGCCGACTGAGCACCT,658
CGCCTCCTATATAGAC,658
CGTAAGACTACACTTC,658
TCCCCGCTATGTTCAG,658
TCGCCGAACCGCTCAT,658
TTTTAATTCTATTTAA,658
ACTACTAGACATGACC,657
AGGGGTTTAAGATACC,657
ATTAGGTCCCGCTATG,657
CACCGAGAATTCTTAG,657
CACGTACAAATCCGCC,657
CCACCCGATATAGAAC,657
CCAGTCCTTATACACC,657
GCTAACTTTTTTAAAA,657
GGCGTCGTCGGTAATA,657
GTCTGTTTTAAAAAAC,657
TCAGTAGCGGTATAAC,657
TTGGGGGCGTACATGT,657
AAAACCGCTCTTCGTT,656
ACCGACTAAGCCAGTT,656
AGCGAGCGCTTCTGTG,656
CTAAAATCTTAAGAAG,656
CTCATATAGTAAAGAA,656
GATCTTCTATTAACAT,656
GATTACTTGAGATATA,656
GCGCAATCTCTTATCG,656
TAGCAAAAATAATTTG,656
TGAGTTTTTGACTATA,656
AGCATGCTTTCATTTT,655
ATGAAAGGCTTTCGCC,655
ATTTAGTTTTATGACT,655
CATGACCGACTCAAAT,655
CCCGTCCCGTTTTCGC,655
GACACTTCTAATAGAA,655
GCGCAAATCAGACACC,655
TGGAATACGGTCGTGA,655
TTGCGCAGCCTAAACA,655
AAATAAACAATGGCTC,654
AAATTCGAAACCCGCG,654
AATGACGTACTCAATA,654
ACACAATTGCGATTGT,654
CAATAATCAGAACATT,654
CCGGAGTAACAGTCTG,654
CTCATGAATGTATAAT,654
CTCCCTATCATCGTAA,654
CTTAACAAGCGCAATG,654
GCAACTGTTACAATAA,654
GGCAAATCGACATAAC,654
TAAGCTCCTGTATTCT,654
TCGGGCCTAAATAATC,654
TTAACAAAGAACACCA,654
TTCAGTCAACGGGAAT,654
TTTGCTTGATAAAGAA,654
AATCACATTTGCACCT,653
ACTTAATCAGAAACTT,653
AGAAGTATAACGCCAT,653
ATGCGATTGATATAAC,653
ATTACAACCATGTTTA,653
CGAAACGCTATATTCA,653
GATCCACTACAACAAT,653
GCACACTGGAACCATG,653
GTAACCTGATGGCTAT,653
GTTCCATTCGAGGGAC,653
TAGACATTTTTTATTC,653
TAGCCGAGGTAGACTC,653
TGGCTGATTTAGGCTA,653
TTACCCTTAGTACCAC,653
AACTGGCGTAAACACA,652
AATGCTAACTCAAGTT,652
CATAGAAAAAATATTT,652
CATCGCTAAGAGACAG,652
GGTTAGTTACACATCA,652
GGTTGAAACCCCGAAA,652
GTGAGATCCAAATTGC,652
GTTGATGGCATTATGA,652
TGTACCGACGCAGTTC,652
AAAACTTGGTGTGCCC,651
AGGAGATGTTGATAAA,651
CCGCGAAGACCAATGT,651
CCTAATCTGGAATAAT,651
CTAGTCATACAGACGA,651
GCCAATTCTTTAGATC,651
GGGCCCGTATGCTAAC,651
TAACAACTATGTCAAG,651
TAGATAAGATCTGAGA,651
TGTCGTGCCTTCTACA,651
TTGGATAGGGTCGTGT,651
AATTTAACCATAATAG,650
AGAAAGAAAAAAATAT,650
AGAGTTCTTGTGACCT,650
ATACAGCCTATCGTCT,650
ATAGACAATTCGGTTG,650
CATAGGAGTAAATGCA,650
CCATTTCCACAACAGC,650
CCCAAGATAAGACAGA,650
CCCATACCAATACTTT,650
CCGGACGTAATTATGT,650
GGCACCAATAACAAAT,650
TAAGCAGTTAAGTACA,650
TTTACTAAATTGTGCC,650
TTTATACAAATAACAA,650
AAAGAATAATACCAAC,649
ACAGATCGAAAAACCA,649
AGGTTTAGCCCTGGCG,649
CAAAAAACTAATTCAT,649
CAAATTGTGGAAAATA,649
CAGAGACACTAACGCG,649
GAAAGCAGTGAAGAGC,649
TAACACCAATAACAGT,649
TGGCGAGAGCTCCGCC,649
AACCTCATCAGGAGGA,648
AATCAGACTTAAGATT,648
ACTTAACACTATATAC,648
CAACTACCTGACTTAG,648
GTTTAATATAAGAATA,648
TAGAAATACTACATGA,648
TATTCAAGCGACAAAC,648
AAACTATATCCGGCAT,647
AAAGACTATTACACAT,647
ACCATTTATCTTAAGC,647
ATAGCAGTTAACCAAC,647
ATTTACACAGCTAGTA,647
CCAACCGTAAAGTGAG,647
GAAACAAAATATTTTA,647
GGAGTTGAGGCCCGCA,647
GGCTAAGCTATGTGGT,647
TAAAACAGCCAAATTA,647
TCCTAAAAAGTACACA,647
AAGAATCTGATATAAC,646
AATCATAGCGAGTCTT,646
ACAAAGAGGAAAATCG,646
ATGACTGGAAATACAA,646
GAAAATTACTTTGATC,646
GCCTCTAATATCATTT,646
GGATATGTAAAATCTA,646
GTATTGTAAAAAATGT,646
TGAAAATACCCTCATA,646
TTCAAAGAAAATAATA,646
TTGGTGGTGAGAAACA,646
AAATTCCATCATGAGT,645
AACAAAACAGCTACTA,645
ACGGAAGGTAACAAAA,645
ATAAATAAGGTTAAAA,645
CGAAAACGAAATACTG,645
GGCCAACGCAAATCAT,645
TTCCACCATCTGAAAG,645
TTCTAACCACTTCATG,645
AACAATGTTGTAAACA,644
AACCTACCTCTTAGTT,644
AAGTATTTAGTAACTT,644
CGAAAAAGTCTAGCCA,644
GGGATAGTTAACGTAT,644
GTAAGAAACAAATCAA,644
GTGGGATGCAAAAGCA,644
TGCGCAAACAAGGCCT,644
AAAATCTTTTAGAACT,643
AAAGCAAGTATAGCCT,643
AGATCCAAGTTTTAGA,643
ATACTAAACAATTAAA,643
ATCACGATTCAAAAGC,643
ATTTTACTATTACGAA,643
CAACATTAAATGCCAT,643
CAATCCAGAAAACGAG,643
CTTTATTTCAATAGAG,643
GGCCAAACTGATGCTC,643
TAGTCTTAGCACAATC,643
TCTAATCTAAGTTTAC,643
AAGCGAGCCGGTCGAT,642
ACCGAAACTCCGTATG,642
ACGCAACTGCAATAAT,642
AGCCCCTCAAAACACA,642
CACAACAGATTATCAT,642
GCAGGAAAATCTATGC,642
GCCACTCTTAAACTAA,642
TGGAAGCATAAAGCTA,642
TTGGTTAGCAACAAAA,642
AACCGACTGAAGCAAA,641
AATCACTGAATCTGCC,641
ACAAAGTATAACTTGA,641
ACACAGAAACTGATTC,641
AGCACGAAAACGATGC,641
CAACATTGCATTTTGG,641
CAGGATTAGAATCCAG,641
CCACAATACCTCTAAA,641
CCTTGTAGATCTAACC,641
GAGCACAGCCCGGCTC,641
GCTTAGCACAGACGGC,641
GTAGTAAACCTCAACA,641
GTGGTTACGCACACCT,641
GTTATAAATATGAAAA,641
TCAGTATCTTATGACC,641
TTTAAATCTTACTCTA,641
TTTATCCCAAGGCGAA,641
TTTTTAATGGGTATCT,641
AAAAAACCTGATAGTG,640
AAAACATTAATAGAAC,640
AAACAGTGGATTTCTA,640
AAACCAAACGCGCACA,640
AACAATATTTCTACAA,640
ATGAAGATAAATCAGT,640
CAGAACAAATATTTAA,640
CATACACAACTAAAAC,640
CCAATCTAAACCCACT,640
CGAATCACATTCAACA,640
CTCATTGAAAAGGCTC,640
GATATACACCGTTGTT,640
GCGACCAACTTACAAT,640
GGCGTACAGGATACGG,640
TAAAACACTGATACTT,640
TTTCAGAGGAGAAACA,640
AAAATTCTCCGAATTA,639
AAAGAATAAATTCCCG,639
ATTAGTCAAAACAGCT,639
CGCATTCGCACGTCAA,639
CTGACCTAATAAGTCT,639
GGAAAGCATTCAAAGG,639
GTAGATGCAAAATGAA,639
GTAGGATGGTTATAAC,639
TCTTTAGAATGAGTGT,639
TGGGTCATGCATTAAA,639
AAAGTCAACTTAAACG,638
ACAGACAGAATCTAAC,638
AGACTATAGCGAAGAA,638
ATAAACACAGAACACA,638
ATCACGGAACGATCTA,638
CACGACAATCTTATAA,638
CATAAGCGTCATTATA,638
GATACGAGAGTATCCG,638
GGTTCTCTCATCAAAT,638
GTCGGAGCAGTATAAA,638
TCAAACTTGAACAAGA,638
TGCTGGAAATTATTCC,638
TTACACATATTAAAGC,638
AAATATAATGAAGAGC,637
AAATTACTAGTCTTAC,637
AATAATTATAGAATAA,637
AATCAACCTACATGCA,637
ACTCAAAAGCTTCGCC,637
CACTACGAACAAAACA,637
GAAATTGCGCCGAGAG,637
GAACAGTCATACAAGG,637
GAACGTAAGCTCATAC,637
GATTGACATAAGGAAG,637
GTATAACATAAAAATA,637
TAGCTTGTTTGATCAA,637
TCACTATCTCAGCTAA,637
ATGACAACCACGGCGA,636
CCACCCCAAATCAATA,636
CCGCGCTGTATTATAA,636
GGACTTATGAACAATA,636
GTAGGTTCGCGTATGT,636
TATATTGGTCCGAATG,636
TCGCATCCAAGTTAAG,636
TGCGTATGTGTTATAA,636
AAAGGCGACGAATAAG,635
ATAGTAAACAGTGAGG,635
CAATGAATGCGCGATT,635
CTATTTAGATTGTACA,635
GTCAGTGAATTGAAGG,635
TAATTTATAATGAATC,635
TTTCCGATATATACTC,635
ACTCGAACTCATGCTC,634
ATAATAAAGAGCAAGC,634
CATTACTAAATAACAA,634
CTGCGTCGTACAGTAC,634
GAATTACGGCCCAAGA,634
GAGATCGAATCAAATA,634
GATATAAAACAATAGT,634
GGAATGAATTTATAAA,634
TTCTGACTCTTTTAGC,634
AACTAATAAAAACTGT,633
AAGATCTATCAACCAA,633
AATCAGCCATAAATCG,633
ACTAATGAATTTTTAA,633
ACTTTTCAGTTAATAA,633
CAAACACAACTAAAAA,633
CCTGGCCTTCAACTTC,633
GAATGTAAATACATAT,633
GCCAAAAGGACCTTGT,633
TACGATAACAGAGGCG,633
TCCATGATATGAATCT,633
TTTAACACGACCTTAA,633
AATACCCATCTCCAAC,632
AGACCCAATTCATCTT,632
AGAGCACCTTTTCGAC,632
AGGTCGACTAGCACAT,632
CTCACGAGAAATCCGA,632
CTGCTCGTGACGTCAA,632
GCTAACACTCCCGACG,632
GGTGATTAAGAAAACT,632
TAAATTTGTAGTTAAA,632
TGAATCATATATGCTA,632
AACAGATTTAACAACA,631
AGGGTACAGAAGAACA,631
CAGGAATAAGTTGTTT,631
CTACAGTGGAATAAAC,631
CTAGCACAAATGCGAT,631
TTAGGTTTACGGGCCA,631
TTCCACAGCAAATATT,631
AAACATCCGAACAGTA,630
AAAGAGACTTACTAGG,630
AAGACTCTGTCAGACT,630
ATCCGAGCAAACAAAA,630
CAGCTTTGTCGTTCCA,630
CTCGCGATTATGGTGC,630
TTAAATTTTATGATTA,630
AACACATCAAAGTATA,629
AGCTTACCCACCTAAC,629
TTCAAACACCGCTTTA,629
TTTGCCACAAAGTCAC,629
TTTTAAGGAGACGAGC,629
AAAATCATATCACCAT,628
ACCCGCGCATCGATTA,628
CCCTTCGTAGTTAATT,628
CGCTTTAAATGTCTAA,628
GAAAGAAAAATACCAA,628
GAGGTACGGTTTTACA,628
GCTTCAAACATGCTCG,628
TCAATTGATTAACCAG,628
TTTACATATCTATCTT,628
AAACTTGACTTATCAA,627
AACCGGCATGAATCGA,627
AAGACGCAAGGTGTAG,627
ATAAACCTACCTGTAT,627
ATGCACTCCTGACTTT,627
ATTAAGTTTTGGAAAG,627
ATTCTATATTATGATT,627
CTAATGCCTGTGGTTG,627
GATCTTTTCAAGTTCC,627
GGATAGATAACCAGTC,627
GTTCCCGGGGGCCAAT,627
TAGATAAGACAATAAA,627
AACACAACATATAAAG,626
AAGAAATTCATATAGA,626
AATACCAAAAGTATTA,626
ATCCAACTAAAACATT,626
ATGTTGTTCCGCACGA,626
ATTGGCCAGACAAAGG,626
CTGTGTCCCAGGAATT,626
CTTGGCGATCGGAAGA,626
GCTGCCGTAACAGTAA,626
GTAACAGACTCATAAA,626
GTATGTCACAGATATA,626
TAGTAGGACGAGAAAA,626
TATGTTATGTCATAAG,626
TTAAGTACTGAAGCTA,626
TTTACACAACCTGTTT,626
AATTCGACCCATCTAG,625
AGCTTCACACAGAGAA,625
AGTACTAGTCAAATTC,625
ATAAAATATTCCATCC,625
ATCAAATTCGAACAAA,625
CAGAACACATACTTCT,625
CCTAGCTATTTATATC,625
CTAGCAAACCATTTAC,625
CTATTTTGGACGCACG,625
CTTTTAAAAAAAATAA,625
GAATCTACAACTTTTT,625
GATAAAAACGATGAAC,625
GTAGGATAATCAAGAT,625
TATATATTGTCATTGA,625
TTATAGAATTAGAACC,625
AAAAGAGAATAAAAAC,624
AATAAGAAAGAACCTA,624
AGGTTATGTAAAGTAC,624
CATAACAGCTCTTGAG,624
CTCGCAACACACTTAG,624
CTGAATATTTCAACGA,624
GCCCAAAGGGTCCTCA,624
GTGGTGAAACCAGAGA,624
GTTGCTTTCAATAGTA,624
TGCCTTGCCCGCAAAA,624
TTAATTCTGACAAACA,624
TTTACTTACATATTGC,624
AATTGGTGGGCACGGT,623
ACTAAGACAGAAGCAA,623
AGTAACAAATGAAAAT,623
AGTGAGTAAATAAAGT,623
CAGTGATGATCAACTC,623
CCCAATGAAGCACGCT,623
CGGCAAAGGAATTGAA,623
GGTAGACAAAATCTCT,623
TAATACAGATCGTCCA,623
TAGACGCATAATTACA,623
TATGCTAACCCCTGGC,623
TGATAGAAGCAACGAC,623
TGCAATAACCCATCAT,623
AAAAATAACAAAAATT,622
AACAAAAAAGAGTGAA,622
AGTAACATAATATGTA,622
CACTATGCACTCAGCT,622
CTCAAGATCATAAACC,622
GAACACGCGAGAGAAC,622
TAATATTACAATAAAT,622
TGTAGGTTGAACGTAG,622
AACCACCGAGCACACT,621
ACCGAATTCTCTAAGA,621
CATAAACAGGAATACA,621
CATAAGACCTTGCTCA,621
CCACCGACATGGGATT,621
GACGTACGGTGAACAC,621
GCTCCAATGTGTTACC,621
GTATCACTCATATAAA,621
TATGGAACACAAATCA,621
TGCACGCAAACTTACG,621
AAAAAATGTAATATTC,620
AACAACGCATTAAAGA,620
AATAAACGACAAATTC,620
ATAAGTCTTGTGGAAG,620
ATATGAACCAATTTCA,620
CAAGCCACACAAAACT,620
CACTAACTCTGCGACA,620
GCTCGAATGATATCTG,620
TAAGAACCCTACGACA,620
ACACAGGTACAAACCA,619
ACGAGATTTACAGAGT,619
ATTTGATCATGAGAAA,619
CGCACCTTACCAGGAC,619
GCGAAAGTTATAAGGG,619
TCTACAATGTACCAAC,619
TGGGCAAAGAAATCAC,619
AATAAACCTAAAGGAA,618
ACAAGAATCCCTCACA,618
ACAATAAATCTTAAAT,618
AGACTAAAAAGAATAA,618
CTAATTCATAAATCTC,618
GCCCATTACAAACTCA,618
GTCTAACAAGATACAC,618
TATATCATTCTGAAAA,618
TCTAAATGACCCAGCT,618
TTATAATAGCAACAGA,618
AACACAAAGGTTGTCC,617
ACATATAATGAAAGAA,617
ATCACTCACTCAGACG,617
ATTAATCTAGAGGAGA,617
CGCAGCTGCTTATCCC,617
CTATCAGTGCGCGCAC,617
GACGACACGGTTTTCG,617
GTCCTCAGCTCCACTA,617
TAAATCCTAAAGGCCA,617
TAAATTATTCACGATC,617
TATAAGATAATTAAGC,617
ACAACGGACTTTGATT,616
CCCTGTATCTACACGA,616
GAAATAACCTAAATCA,616
GGGGTGACAAACGAAG,616
GGTACACGAGAAAAGA,616
TCGTGGCTCAGAGAAG,616
TGTAAAAGAAACAAGA,616
TTCGCATTATCTTAAA,616
AGTTATTTGAGTAGCA,615
ATTCGCTTTTGCTAGT,615
CAATAATTACGCACCC,615
CCGATTCCCTGAGCCC,615
CGGTAGAATATACGAA,615
GGCGAGCCAATTTTCA,615
TCAACCAAGTTTACCT,615
TTCCATACCCTCTGAG,615
TTGCTAGAGGGAGAAG,615
AACAATACTGTAAACA,614
AGGAAACGATGTATCA,614
CAAAACTTAACCATTC,614
CCCCACGTTGATCTTA,614
CGGAGTTCAAGGATCA,614
GCTTACCTCATAAGAA,614
TGTGAGTGAACTAAAA,614
ACCTACAATAATCAAT,613
AGATTACCAACATATC,613
ATACGCAATTACATTA,613
ATTTAACACCAAAGCC,613
CCACGTGTGAGGCTAT,613
CCCAACGCTGTCAGAC,613
CCGGCAATGCATAATG,613
GAATACGATAGGTGTG,613
GACGAAAGGACGGATG,613
GCTTGAACATAAAGGC,613
GGCATGCCCAGAATAA,613
GTTAAGTGATCATAAT,613
TACGAAACACCAGGAC,613
TACGGCGTCTGACCAT,613
TAGAATAACTGGAAAA,613
TAGGCATCAGACCATG,613
TAGTATTGTAGTCAAA,613
AATCAAGAAAGTCCAA,612
ACCATCCTTTCCAAAT,612
ATCCGCCATCCATTAA,612
ATGGAATTGTTCCATA,612
ATGTGAGCATGTCCGC,612
ATTGTACCCAGCGAAG,612
CACGAGACACGGTTAA,612
CGCAAGGTCACCAACT,612
GCCTGTGTATTTAATT,612
TAAGCCGGTAAAATTT,612
TCAAGCGACATCACTG,612
TTCACTGAACAAAAGA,612
AAAGCCTGACATCATT,611
AAAGGAATAGTTATAG,611
AGTCGGTCAACCTCAG,611
CAACAAATTTTATCAG,611
CAATCTAATATGTGGA,611
CTGTGGTCATAACAAA,611
GTCGCCCGAATATATT,611
GTGTACCTGCATTGCG,611
GTTAGAATAACAAAAC,611
GTTGGCACCGGGTTAA,611
TAACTAGGCTACATAG,611
AACTAACTAAGAACGG,610
AGAAAAAAATCTACAC,610
CAATAAACTTCGACAC,610
CGACGATGTTACAGCT,610
CTACCCCTCGAAGACA,610
CTGAAAGAGTCTATAT,610
GAGCGCCAGAATAAGA,610
GATATATGAAGACAAA,610
GATGGCCTTAAGATCA,610
GCACGATCATATTAAC,610
TCGATATAACCCGTTT,610
TGGCCTCATGTTTTTA,610
ATGATATCCGACTCTT,609
ATGGTAAAATCATAGT,609
CCACCCGCCCTACGAG,609
CCTACGAGACAGCGCA,609
CCTATCATGAAGTATC,609
GACAAACAAAATCTCG,609
GATCAATTTCTCAAAG,609
TATCCTACTTTGATAC,609
TTAGGTACATATAAAA,609
TTTTATAAAGTCTAAA,609
ACTCAGCTGCCTCCTT,608
ATAAAAGTCACTGTAC,608
ATACCCAACCAAGTAG,608
ATATCGTGGGACTAGA,608
CGCCAAACCGCTCATA,608
GATAAACCCATGATTG,608
TCAAGGGATCCAGTAA,608
TCCGCCACGCGAACAT,608
TTTATTTTTCCGCCCG,608
AACCAAAACATCGCTT,607
AAGCACTCGCATTCAA,607
AGCTTGATATCAAAAT,607
AGGTGGAAAATAAATG,607
ATAATAGGATTAATAC,607
CCCTGCACTAGACGTA,607
GACAAGTTTAATGTCT,607
TTTTTGACATATCTAG,607
AACTGTGCATATACCG,606
ACCATAACACATACTT,606
ATAAAGGGGTGACTAA,606
ATCCTTTAACTACCAG,606
CCCATTGTTCCGTCTA,606
CTCCACAACCAGATTA,606
GCCCCATGACCTAACA,606
TTTTATACGTACACGG,606
AAGCAACCTAGGACGC,605
AAGGTTACTAACGCCA,605
AATTCAAATAGAAATC,605
ATACCTGCCTAGAATA,605
ATTAATGTTATACAAC,605
CAAACAAAAAATTTCC,605
CCTCTAAAACATTAAT,605
CGGTGGAAATTGAAAC,605
CTAAACCGATCGCAAA,605
GCTGTGAATTTTCCAC,605
GTGCCGAAACTTTCAA,605
TTAGACGATATAAATA,605
AAAACACAAAACAAAT,604
CAAGTGTATTGTTACC,604
CGACTTGTTGGCAAGT,604
CGGAATATAGTGAGAA,604
GACTACAACCTCACCG,604
GCAATATGAATGAGTG,604
GCGCCGATCATTGAAA,604
GGCAGTCATAGATCGC,604
GTCCATACATGTTCTA,604
TACGATTGAGAATAAT,604
TCAAAAGGTGGTAGAG,604
AATCAAACAACAAAAC,603
ATAAAGCAACATTCTT,603
ATCCAAAATTAACATA,603
CAACAACCAACTCCCC,603
CCCGATGTGAACTAAA,603
GACTCTATGAGTAATA,603
GGTCCTTGTAAAGGCC,603
GTCGGAAATCATGGCT,603
TAGATCATTGCTGATC,603
TAGCAGGAATCTAATA,603
TGAAACTCAGTAAACA,603
TTAAGGGCAGGTATAA,603
AAAGACCTCAAATTTC,602
AAAGATATTCCAATGG,602
AACAATACTCGTGAGA,602
AATGCACCGTAGTTAC,602
AGCTCAAACTCTAGTA,602
ATATTCCGTAACAAAG,602
CATTATTGTGACTGCA,602
CCCAACGGAAATAAAT,602
CTGACACAATGTTCAA,602
GAAAATATACAGAAAC,602
TACATAGATATGCACA,602
TGTAAGAAGAACTCTC,602
ACAGAACATGGAAAAG,601
ACTATTTAGAAAAAAT,601
CGACTATCAACCCCCA,601
CTAATGAGAGAACGAA,601
CTTACGCTGCGAGCAC,601
GAAGGAAAACTAGAAC,601
GCCTATGGACTTGACT,601
AACTCGAGCGAACATC,600
AGACTTAGGAAAATCT,600
ATATTACGAGGGGAAC,600
CAATTAGGGAATCGGC,600
CATAAGAGAATAGCAT,600
CGATAAACCGCCAATA,600
CTACCCTAAGCGAAGA,600
CTTACGTACATCCGGA,600
GCCCCGACAAGTATAT,600
GTAATTGTAATCGAAG,600
GTATATATAAACCCCC,600
TAGAATCGCCCCTCTT,600
TTAACTTCTAGTTAAT,600
TTACTTAAACACATAT,600
TTTGAAAGGCTTATTA,600
ACTGGAGGATGCGTAA,599
ATGTTTTGTTTACTCG,599
ATTGTAAATCTATCTC,599
CAAAACTATAACCCCT,599
CAATCGACGAACGAGA,599
CATCAAGAATGGAATT,599
CTTGGCCTAAAACGTA,599
GCATTAACTATGATCT,599
TAGAAAATTAGCTTAT,599
TCGCAGCCATTTCCTT,599
TTCCATAGCCTAAGTA,599
TTCTTTAAAATCTCCA,599
AAATATCCACACATAC,598
ACCAGCTTATACATGC,598
ACGGAATTGGGCGATT,598
ATCGGTGAAATCCGTG,598
ATTGCAAACAAACGCT,598
CACATTAATTTGGAAT,598
CACCGGTCAAATGTCT,598
CTACAATGGCAAATTG,598
CTTGACTCTTACATGT,598
GAAATAACTGCTTACA,598
GGAGATGGCTTCAAAA,598
TACAAGAACTAATAAA,598
ACAATACCGAACCCTC,597
ATAGCTTTGCAGGCCA,597
ATCCACATAAAATCCT,597
CAACCAAGAATGTACA,597
CATGTTTATAAAACTC,597
CTTGTTGTGCTCCGAC,597
GACAAGCACAAAAACA,597
GGATAACTGGCCATGC,597
GTTGAGTAGGCAGCAC,597
TGAATAATGAAATAAT,597
TGATTCACACGTTCAA,597
TGGATATATATGATGC,597
TTTCCCACAAAGAAAA,597
AAAATTATTGCTATGA,596
GACCCCAGGAGAATTA,596
GGCAAACAAAATGAAC,596
TAATTACTGAGAGATC,596
TAGAAAATTAAATAAC,596
TCATATGGGCACACTT,596
AAAGGAAAAAGCTACC,595
AGTCTAGGTCTTCCGG,595
CCATGTATAACCTTAG,595
CTCAAACACCGAAGTC,595
CTTCGGGCGATTGATA,595
CTTTTATATAACAGCT,595
GGATAGCATGAGGCAT,595
TAAATCTAGCAGACTA,595
TGACGTGTAGATGCTA,595
TTGGGGCTACTAATGT,595
ACTGAGTTTTAGCCAC,594
ATCCGCCGCCATTGAA,594
GAGAAATAATCATCTC,594
TTCCATATATGCTGAA,594
TTGGATGGCTCGAGTC,594
ACCAAAGTCATCTAAA,593
AGAAGATAAAACCCCA,593
ATTAAAATGTAGATCC,593
ATTTCTCTTGCCCCCG,593
CATAAATGTACCACAT,593
CTGATCAAATGAAACA,593
CTTGTTTGGGAATTAC,593
GCACAAATAACAGCAA,593
GGGTCAGTGTCACCTA,593
GTACTGTCAAATGTTT,593
TCAGATTAAGCCCACG,593
TCCGATGCTTGCATTT,593
TGTAATATAAAAACCG,593
AACATAGCAAGATGCC,592
ACACAACGCGATTGTC,592
AGTAATTTACATAACG,592
CAAACATCAACATGCC,592
CAACCAAAATACGATA,592
CTGTCCACGGGCCCAG,592
GAAAGAAACAGAACGT,592
GTCCTAGAAAAATAAC,592
TACGCAAATCCCGCTA,592
TATTTGGTCACAAGTT,592
AAAGGCTGCAGACAAG,591
AACATTTACACTAGAA,591
TGGCCGCCCGGCTGAT,591
AACGTGTCACATGGCA,590
ACAATGACGTATAAAT,590
AGGACCAATTGAATTG,590
CAAATTGTAGAAGTGT,590
CGCACGTCGCAAGAAT,590
GAGAGTACCTCACACA,590
GCAAAGAAAGATGATT,590
GCTTACATAAGAGAGA,590
GTAAATCAAATACAAA,590
GTAATGGATTGAAAAC,590
GTCCTTAGATGCTGGG,590
TGAAAGTTAATTCAGA,590
TGATTTAGAATAGATA,590
AAAAAATTGTCCCAGA,589
ACAGCGTCACATGGCC,589
AGCAAAAGGGTGTTTC,589
ATACAGAGGGTGCTTA,589
ATATAAGGCACAAATA,589
ATGTCGCCGAAGACTC,589
CATCACTTTAGTATAG,589
CCCAATAAAGGCTAGA,589
CTGCTCGTAAATACCA,589
GTCAGCCATAAACCCA,589
GTCCAAGAAAACAAAA,589
TACTAAGTAACCAAGA,589
TCTATTCAACTCATGG,589
TGACGGGCTAATGCTA,589
TGAGATTTACATTCAA,589
TGGTGCCTTAGTAAAC,589
AAGTTCCTAAGGCTAA,588
AATTATTCTCGTTGTG,588
ACATGGATTTATTTGT,588
ATAAAACCACATAAGA,588
ATCACTCACCCATAGT,588
CAAGAAGTAGTCCAAA,588
TTCTGACATCTGCGCG,588
AAATATTTCCTCTATT,587
AAATTGATATCCGGAA,587
AACAATGTCAAATTAG,587
AGTCGAGCTGAATAAA,587
AGTTGATAAGAAGCTA,587
ATTCAGATAGCCTAAC,587
CACATTATACTAAACA,587
CGACGTCTGGTTAGAT,587
GCATCTTAAATCAACT,587
GCTGGAACAGTAAGCC,587
GTAACGACGAAAAGCA,587
GTATAAGAGATTAGCC,587
TAATTCGACCTTAACA,587
TACATCGAACAAACGT,587
TACTAAAATCCACGGG,587
TATTAGGCATAGACCA,587
AAAACAACCGTACCCA,586
ACTTATTGTTAACAAT,586
ATGTAAACAACGATCA,586
ATTAACAAACAATTGT,586
CACCACCTCTTCTCAA,586
CCCTAATACAGCTAAA,586
GGCACATCTCTACAGT,586
TGTACAGCCGCCAATG,586
AAAACAAGATACTAAG,585
AAGGCTGTACGAAGAA,585
ATCTAGTTCCGAGCAT,585
CAACCCAAGGCTTCGG,585
GAACTATATAAAGCCA,585
GACCGCAATGGCGGAA,585
GCACGGTGGGACCAAT,585
GCCTTGAACGCCTTAT,585
GTAAAAGGATGAACGG,585
TTTGTACGCCATGTAC,585
AACTCGTCGGTTTGAA,584
AAGGGATCCCCAAAGA,584
CACCTAGAGACCTTGC,584
CCTACAAACATACCAC,584
CGTGGAAGAATGCGAC,584
GAAACGCGGTATGTAT,584
GACACAAGTTTGGCTT,584
GTTAAGAACTTAATCG,584
TACGTCGTTTACCTGT,584
AACACATCAACACAAT,583
ATGGGGAATCTGTACG,583
GAGATAATAACCTAAC,583
GCACGGCGGATGAATT,583
TAGTCCACTCAAAGAG,583
TGTAAATAATATTAAA,583
AAAGACTGATCAGACT,582
AATTTTAGTGAAAATT,582
AGAACCCGGCATCCCG,582
ATTTGTAAAGTATATT,582
CCAAACATACATATCA,582
CGCCAATAAGAAATAC,582
CTTGAAAGCATTTAAA,582
GACATAACGCATAACT,582
GACGAGAAATCTCACA,582
GTTGTTGCAGAGTTGC,582
TAATAGGAGGAGGAAG,582
TACGAATCGTTTCGAT,582
TCAATAAATTCCGCCA,582
TTTTTTATTGATAATA,582
ACGAGAAAACAGCGAT,581
AGATAGGGTAAAAAAC,581
CAGATAGTTTCATGCT,581
CCCAAGATATTTAATC,581
GAACCGAGAACTCAAA,581
GACATTACGTTTAAGA,581
TCACTTACGAGTAAGC,581
TCCAGATTCTAAAAGT,581
TTCTTTAAAGGTTAAT,581
ATAGGCAGACTTAAGA,580
ATTTATCTATTGACCC,580
CGGTCGGCGCGCTAAA,580
GGGTATGCCGGTACGT,580
TAGAATGGCCCGAACG,580
AACTCCACCAAAAAAA,579
ACGCTTTATTCACAAT,579
ATTACCTTTGACAAAG,579
ATTAGCAATACAAAAA,579
CCGTAACGTTCCACTA,579
GCCTTACCCGAAACCG,579
GCTCAGTAGGATAGTA,579
GCTTCCTATGCAAACT,579
TACCCACATCCGCCAG,579
TTTTTCCAAGAAAACC,579
ACCGATACGTTCTGCA,578
AGAATAACCTCGATAA,578
CGCGAATCAGATTAAC,578
GACCACATTCATAAAA,578
GTTTATTTCAATAAAG,578
TATCTATGCCAAGGAC,578
TTATTGTGGAATTCTT,578
CACAGTGAATCTGCAA,577
GCAAAGCATGTTAATT,577
TACCTCCTAGTATAAA,577
AAAATCCCAAAACTAT,576
ACTCCTCTCAGTTCTA,576
AGATAGAACTAGGGAA,576
CAAAGAATCAAATAGT,576
GAAGAGGATCCTCAAA,576
GCCCATACTAACCAGT,576
GCCGGAGCCACAAAAT,576
GCTTCCACAAATCGCG,576
TAAAAAAGCCCCCGAT,576
AGAAACTCAAAAAACA,575
ATTTTCATAGGGAGGA,575
CCACAATATTCGCTGA,575
CTCGACCTTGAAAAGC,575
GATTACCAACACATCG,575
GCCGACATTAGCATTT,575
TATTAACTCCCACGTC,575
TCAGCTTAATAACAAA,575
AACGCTGAACGCAACA,574
AGATCAGTAACAACAC,574
ATGTGACCCAGACCGA,574
CCAGGAGAGGGACAGC,574
CCGACTCTTAAACCCA,574
GATTCCCAATGTTAAC,574
GTTATATGTACAAAAG,574
TGAAACTACTGCTGGA,574
TGTACATACAGTAAAA,574
AAAATCATGTTCAGCT,573
ATCGTAATCTGTTTTC,573
CCATTCACAAATAAAT,573
CGTAAACATGAGTTTA,573
GAATTTCTAAGGTGAT,573
TCGACAGCCAACCGTT,573
TCTAAACGCCAACACT,573
TTAGAGTAAAACCCAT,573
TTGAGATTCAAAGACA,573
AAACTTTAGTGGGATT,572
AAAGTTCTAATTCCAT,572
AACGTACTATCTCAGA,572
AGAGCTCAAAACCTTC,572
CAAAAAATTGAAATAT,572
CATTATGATGCAATAA,572
CGAAACACCCTAACTC,572
GCATTGGAAAAATAAC,572
GGTAAATGGAGTCAAA,572
GTATTACTAGAGCGCC,572
TAAATATGAGATCGGA,572
TCTACCGGCTTATTCA,572
AAAAAATTACAAACCA,571
AACACAGAAAGTACCC,571
ACAGGCCCTGGCCTAT,571
ACCCAAATCATTGAGT,571
AGCCCAGAATTTCAAC,571
AGTGTGAAATAAAGAA,571
CACCTTGTCTCTGCCT,571
CAGAGCCCAGTGGATG,571
CGATTTGTAGATATAT,571
CTTTGACGCTCCCTAA,571
TATTATAAACATCACG,571
AAAATAAAGCAACCAA,570
AAACTAATCATTTTAA,570
AACAAAGTATTATATT,570
AACCACCATAGCTAAA,570
AAGGAATCGCACAGGC,570
CAAATAATTGGAACCT,570
CGGTCCACACTATTGC,570
CTCTAGCAGAACAAAG,570
GGTCTTATTCTACTAT,570
TAAGACGTGATGAAGT,570
TATAAATCCTAAATAT,570
TTCATGAAAAACCGAA,570
TTTCAAGGTTATAAGG,570
AAAAAAATCATTAATG,569
AAAGACGAAGAAGGAA,569
AGGTAGTAAACCTCCA,569
GCGGACGGTTCAGACA,569
GCTATTCAGCTGGGTC,569
TATGGATTATAGACCT,569
TTATCTGGAGAGCCAT,569
AGAATTTACCTTAACG,568
ATGCTGACACACAAAA,568
ATGTATGCAAATGGCC,568
ATTACATATTCCAAGA,568
CAGACCATTGAATTCA,568
CCCGAACTTCATGAGA,568
GAAGACTTTGGTAAGA,568
GTGTTATGGTGCCAAG,568
AAAACAGTTAGTGAGA,567
CAAATGGTGCCTATCA,567
CATCACTCAAAAAGAT,567
GGTCTTTATGTCTACT,567
GTACCATCCAAGCTAT,567
GTTTCAAAAGGAAAAC,567
TAGCAAGGCGCCGGTG,567
TAGTAAATAATAGCAA,567
TGCTCAAGAAGCATTG,567
TTAATTGCACTCGATA,567
AACCGCAAATCCATTG,566
ACACAAATCATAGATT,566
CAAATTTTTTTATAAA,566
CAGAGACGAATAACAC,566
GCCCCGACCACTAAAC,566
GCCGGTAAACGTAGGG,566
GTCTACAGTAATTTAT,566
TAACCTGTTATGGCAA,566
AAAAGCAAAGCAAATA,565
AAATAGCGTTAAAAAT,565
ACGAACGTCCATTATA,565
ATCGTTCCACCAGAAT,565
ATTAGTAATGAATCAT,565
CTTAGATCTCTGATGA,565
GCAATTAACACATTCA,565
GCCACGAAAATACTAA,565
TACCTTTGTCAGCGAG,565
TCGCATAACAAAACCC,565
TGGCAATCTAAGTGGC,565
TGTAAATAGGCTTCGC,565
AATAGAGCTTAGAATC,564
ACCTAGATATTTTAAA,564
ACTCCCTTAAGCTCCT,564
ATAATATTGTGTATAC,564
CGCTATACTGAAAGCT,564
GAGACTAAAAACACCC,564
TACAAATTAAAAATCG,564
TCTAAATTATCATTTC,564
TCTGGGTTTATATTGA,564
AACATGCGATTTACTG,563
AAGTTCCCAGAACTGC,563
AATTTCCTAACCCTTA,563
AGTAAAAATATCAACT,563
CGGAAATGAATATAAA,563
TCTATGGATTCGTAAG,563
TGAAGACAAACAACCA,563
TTCATGCGTGACATAT,563
AAAGTTCCTATCCGCA,562
AATCATGAACTATTAC,562
AGTACAGGTACGCAAC,562
ATACGGGACATGCAAA,562
CACATCCATTGCGCTA,562
CGCAGTAAGAAAACAA,562
GCTAAAGCACAAATGC,562
TAGCAAAATCTCGTAA,562
TGAGATCTACCTGGAA,562
AGGTGAAGCCTACAAG,561
ATCTGATGATGGGGTC,561
CGCTAGAATGGTAAAT,561
TCAAAACAACATCATG,561
AAATACAAGGGGAGAA,560
AACTGTACATATACAA,560
ACGGGAAATTGTCTCC,560
AGGATGAATAGGCACT,560
ATAAACAATTTTATAA,560
ATTCCCGAGAGGTCCA,560
ATTTGAAAAAACTTAA,560
CCACGAGAACTAACAA,560
CCCTGCTCTGTTAGGT,560
CCGACTAAATCTCATC,560
CCTATGGTGCTAATTG,560
GAGAAACTTTCCATTG,560
GGTCATAAATCTGGGC,560
TCTGTATAGACTCTGA,560
ACAAAATACGGATTGC,559
ACACCCTCCGTTTGAG,559
GAAAGAATCATAATTT,559
GCAAATAAAAGCTGAG,559
GCTTTTGTTATGAGAC,559
GTGTGAACAAAATGCA,559
TAAGCTCGCACGTTAA,559
TAGGGCTTATGAAAGA,559
TATTGACAATATACAT,559
TTCAAGCTCGAAAGTG,559
ACACTGCATGAGAAGT,558
ACTAACCGCCAGACTT,558
ACTAGTCATCCAACTT,558
ATTAGAACTATATATG,558
CAAAGATTTATGAACG,558
CGAAGAGAACCCAGAA,558
TAATGCCTGTTAGATC,558
TGACAATATGAATAAA,558
TTATTCCCATAAACTA,558
AAAATAGCGGATCACA,557
AAATTCTTTAGAAGAA,557
AATGGTCGTGCCTACA,557
AGCAACAAAGGGAAAC,557
GTCAATAAGGAATCAG,557
TCTCCACATATGAATC,557
AAAATACTGAAGGAAG,556
CTTTTCTATTAACAGA,556
GTGAACTGATAAACAT,556
TAAAAATGAGGTGGAA,556
TAAAACCAAACAACTA,556
TAATAACTCCAGTAAC,556
TGCGCTAAGTTACATG,556
TTATAAAGGCCTCGCG,556
AAACCGGGAAGAGCGT,555
ACTGCTACATAAGCTC,555
GAAAAACGAGGACTAA,555
GAATACACACAAGCTG,555
GTATATTCGGTAATAC,555
AAACATTATGCTTAGA,554
ACCACACCTCGTGAAA,554
CACATATTCCACGGAT,554
CATATTGCCAACCTGA,554
CTAGTCACAAACCGCA,554
GTAGTGTACGAGTATC,554
TAAAACCCCGTCTGGA,554
TCTATAGAAAAAGACG,554
TTTAAAACCGAGAATA,554
ACCTAGTAATCGGAAG,553
CAAAATAAGAATAACT,553
TAAAATTGTAAAGTCC,553
AAAAGACACAGAGAAG,552
AAGATCCAAACTTACC,552
AATCATTACACAACAA,552
ACTGCAAACATACTAC,552
AGTCATAGTAGGCGAC,552
ATATCCGATGTGATAA,552
ATCGATCCTCACAAAG,552
ATCTTAAAAATTACTA,552
CTGATAGGAGATTGAA,552
GCAAAACATCAGGCGT,552
GTATAAACAGCGTCAT,552
TAAAGTTGACTAATAA,552
TCACTAGAGTTTGTAA,552
TCTAACATCTTATCAA,552
TTGTAAAAGAAACCGC,552
GAAATTGGTATAGAGG,551
GAAGAGTATGCCGACT,551
GTAACATTTCAAGACC,551
TATACCCGAACCGAGG,551
TCGAAATCAGCTCAAC,551
ACACAGGTTTAACTGG,550
ACATACGTAAGCTATA,550
ACGGAGAGTAATTTCA,550
AGAATACCTGCAAGGT,550
ATTTATACATAAATTA,550
CTAAAACTATTACCCT,550
GTGAAGACACAATCCA,550
TGCATATGCAAGACGC,550
TGTCCGTACCTCTCAC,550
TTATCATATGAAACGT,550
AAACCAAACAGACCCC,549
ACATAAGGTAACTTAA,549
ACGAAAAATCAAAATC,549
AGGATATCTTTTGCAT,549
ATTTTCAATGTTTTTT,549
CCGAAGAACAATCGGC,549
CGACGATTACTGTAAA,549
CGGTCGATAAAAAAAT,549
GGCACTCTACAAAATG,549
TAGAAACCTTCACTAC,549
AAAACACCTGACCTAT,548
AAAACTTGGCTGTTAT,548
ACAAGTGTCAACAGGG,548
CCAACGAGAGAAAAAC,548
CTACTGACTAGACGAT,548
GGAGCCAAAGCCCCTT,548
TAAGAAAATCGCTGAT,548
TAATGTTACATTATAA,548
AAAATCCTCATTCAAA,547
AACCGTTAATTTAAAT,547
AATCTAAAAAATAAAA,547
ACAAATACAACCTCTC,547
ACTAAAATCCAGGCTT,547
ATCGTTGTCAGTAAGA,547
CAGCAGACCAGGTCGC,547
CCAAACACTCGGGAGA,547
CGGTCGTACTTTAGAA,547
CTCGCTAGACCCTTAT,547
GCACTACAAAGAACAA,547
AAAAGATGGCGAACCT,546
AAACGTTCAGACGTCT,546
CGGATAAGAGCGAAGG,546
CTAATTGAATTTAATA,546
GAACCATGTTAACCGT,546
TAATTACCCCTTTAGT,546
TCGCTGCAACATCGAA,546
TCTAGCGAACCGTTCG,546
TGCACGAATTATTTAC,546
AGCACAAAAAACCAAT,545
CAAACCCATGCTTAAA,545
GTATGTAACCACGGTT,545
GTCCCGCCCCCAACCA,545
TATCAAACCCAGGTTA,545
AACCGCTAAACCCTCG,544
ACGGAACCAATCTGTA,544
CAAAAATTTCCTAACA,544
TAAATCTTCTACTAAC,544
AAAAAGCCCAAACATA,543
AGCAAAAAATTAACTT,543
ATATGGATTAAAAAAA,543
ATCACTTCTAACAACC,543
GCAAATCAGACCACTC,543
TAGAAATACACACTGA,543
TCTATTTTTCATCAAA,543
TGACTATGCCTAAAAA,543
AAAAGTAAAGCAATTG,542
AACGGCTCACTACCAT,542
AATTATCTGCACGTAC,542
AGAATTAAGTCCGGGC,542
ATACCTGTTGCATCAT,542
TAAAGAGCATAATGAA,542
TCAATCCAAAAACAGC,542
TGTCACGCCCCAACCA,542
TTATCACAGAGTGCAA,542
AAACCCTTTCATCTAC,541
AAATGTCAGTAGCCAC,541
AATTAATCTAAATATG,541
CAAAACTTATCCTGGA,541
CTCAATTTATCTAGGT,541
GTAAACCTACGATCGC,541
TCCTAGTATTCTGTAA,541
TGGCATTCAGACGACA,541
AGAGGATTATACTTTC,540
ATCGTCAGAAATAACA,540
CAAAGGCAAAAATATT,540
GCGAACCCGTATTACT,540
GTTCCCAACTCAAGTT,540
TTTAGACCCACTAGAT,540
AAAGGCTGGGAGCACT,539
AAATGGATAATTCATG,539
GATCGTACAGAAGAGA,539
TAAATCCATAAGCCTT,539
TAGATATTTACCAATT,539
TATTAGGACAAACTAC,539
TTAAAAAAAGGCTACG,539
AAACAGGCACAATTAT,538
AGTCACCAACCCACAA,538
ATAAAAGAATACTGCA,538
GACAAAGACACTATGG,538
TACATTAGCCGTACAT,538
TAGTATTATGTTGAGA,538
TCAACAACCTCTATTT,538
TCTGTGGGCTTGAGAA,538
TGGATAAGGAAAATGA,538
AAATATGTTTGCTGAA,537
AGAGAAAAAATAATTT,537
CACTTCTCACACCTAA,537
GAATCACAAATCCCGA,537
GATACGAACTGCCAAT,537
GCACGAACATCGCTCC,537
TACAGATATGTCTATT,537
TCAACAAACATGTAGA,537
ACGACTCGAACTTGAG,536
ATAGCAAACCGATTAT,536
ATGCTCTGCAAAATGA,536
CGCGTCGATAGACACT,536
GAAAAAGCGCCTACAT,536
GAGTAAACTTTGCCAA,536
GTTATCAGCCAGATGA,536
TACTCATGAAGCACTG,536
TGAAACCGTATATCTT,536
TGAATAAAGAGATGTA,536
AAACAATCGTTGTCAT,535
AAACATCTACATCGAA,535
AGAAACCACCAGAAAT,535
AGGATACCAAGTTCTA,535
ATAGAAGAGGAGGATT,535
ATGGACCGTTTAGACA,535
GCGGCCGGGGCCCTCT,535
AGACACACGGTTAAGC,534
AGCCGCTAAGATGTGT,534
AGGCGTCCTACATAAA,534
CAACAATTATAGCTCA,534
CCACAGAACTTCCAGG,534
CTAAGATTGAAGTGAC,534
TAAAACGTCAGTCAAT,534
TAGGAGAGCATTGCCG,534
TTAATGATATGTGTCT,534
TTGTATTTACGTAATT,534
ATCATTAAATAATAAT,533
CGGGACTACAACAACC,533
GATCAAAGGCTGGAGT,533
TAAAACTATACTCTAA,533
TGATATATAAAAGGCA,533
AATGAACTTTAGAAAA,532
ACATACAAATATGGGC,532
ACTATGTGCACAACTC,532
ACTCTAGTTTACCCAA,532
AGCAGACAATACACTG,532
AGGCAGAATTACAGAC,532
ATATATGATAACACAT,532
ATTATGCTCACCTGTG,532
CAATAATATCAATTCC,532
CAGATGGTAAGGTTCA,532
CTACCTTGCAATATAT,532
GAGAAGATACCATACC,532
TTAAGGTGTAAGCCTC,532
TTCGAACATCTAAAAA,532
TTTCACCTACTTATCA,532
AACTTGAAAAGCCAAT,531
AAGCCTAAGACAGGGC,531
AATGGACAGATTCAGG,531
ACTAAGAATCAAAGTC,531
AGTATAGACAACTACC,531
ATAGCGCGACATACAT,531
CCCGTGACTGAGAAGT,531
CGCCGTATGTGCCTGC,531
CTTAGTGTCAGAAACA,531
GAATAGAATGTACAAT,531
TAATCCATTCCATGAG,531
TGGTAACATGTGCAGT,531
TTTGGGTTCTGGAATT,531
AAGTACGATAACGAAT,530
ATTAGTAAATTTCGAG,530
CAACAGATCTGCCCAC,530
CACGGCTACGATCTAA,530
CTCATCTAATTGCGTG,530
CTTATTGTTTTAAAAC,530
CTTTGTCATATGATGA,530
GAAAAAAAAACAAAGC,530
GATTCTTCTACTTAAT,530
GTCCACTTCCGGAATC,530
GTTTACATCTAACTAA,530
TCTTGCTACTGTTCCC,530
AACCTATCCATCTGTA,529
AACTGAAATGTAGAAT,529
GAATGCCCGCAAACGA,529
GAGAAAATGGGTTAAC,529
GTTACATAAGTTCAAA,529
TAGTGTCAAAGAGAGA,529
AACATAGAGCGTTAAA,528
ACTATATATCTACCCC,528
AGACATGTCGTTTCAA,528
AGGAGACCCAGAGCAC,528
ATCTTATCGAGCGCTA,528
CTCGCTAAGCACCTCC,528
AAGGTGGAAATAAATT,527
CGCCAGTTTAAGAAAT,527
CTGAAATGATAAGTAC,527
GATATGAGACACTATT,527
GATGCCACCATGTACA,527
TAACACACGGTTCACG,527
TTACCTATAAACAAAC,527
TTAGGTAGCTGCAAAT,527
AATATGAACGATTCCG,526
ACGCAAACAAGTTTGC,526
AGACCTCATTATCAAC,526
CGAGTGTATGACTTGT,526
TAGGGGTAATCCGAAT,526
TCACACTATGCACATC,526
TGTTGATTGTCCTAAC,526
AACCACAATCAACGAG,525
AAGTAACTTAAAATAG,525
AATACCAAAAGAAAAA,525
ATAGACCCTAATATGG,525
ATCCAACCCTAGAAGT,525
CTGTCTTAGTCTAAGA,525
GAAGACATATGGATAA,525
GACTGAATAAACATCT,525
GTGCTAGTGGGTAAAT,525
TACAGGATGGCATTAC,525
TCACTATATAGATAAA,525
TGCGAGTAGATCAAGA,525
TTCCCCTAATATAATA,525
TTTGCTCCCCCCATAG,525
AAAACCTCTTCTCACC,524
AGACGCCCGATTTGAC,524
ATAAGCAATTTAAACT,524
ATGCTCGATCGAAATC,524
CTACATTATGCGAAAA,524
AGCGTGAAAGATGACA,523
ATATAAGGGTACGAGC,523
CAAGAAAATCAAACAA,523
CCGACAATAAATTACA,523
CGGCGATACGACCCAT,523
GAGAGCCGGTAACCAT,523
GATGCGCGATCTTTGA,523
GCTTCAACACCGCCAA,523
TGTTTACATGCATATC,523
AAAATCCCAAGACAAA,522
AAACGCGAAAGCGCAT,522
AACACTGCACCAAACT,522
AAGATATTTGAAAACT,522
AATTCTTAATCGACTC,522
CTTTTATGATTGATAT,522
GAGTTAAAACACGCTA,522
GGTACAGGCTATGTTA,522
GTACTACTCTCTCGGA,522
CCACATGTAAGGGAAA,521
CGACATGATAAGCATC,521
CGCGACTAACTAGTTG,521
CGTCAGCAATAAATCT,521
CTTGTAGCGATTCATT,521
GAGCGCAGGGCTGAAG,521
GCTCGAATTGGAAAAC,521
GGAGCAAATGGACGTG,521
GTAAACAATCCCATGG,521
TAGCAGATAGCTCCTT,521
TCACAGCATAGGGCTA,521
ACGGACACAATACTAA,520
AGGTAAACTAGTGGCC,520
ATTTGGACATCTTAAG,520
CCTAAACCTTGTTTAT,520
GATATCGATGAACCCA,520
TAACGTCTTGGCTAGA,520
ACGCCACTTCATTAGG,519
AGAGAATTTATTATCA,519
ATTAATTGCTAAATAC,519
ATTTACACACCACGCG,519
CTAAAAGCAACACTAT,519
TACCTGTAACAAGCTT,519
TACGCAGACTAATTTG,519
AACGCTCACTGACATA,518
ACTCTGCACAAACGTC,518
ATCCATACTAAGCAGT,518
ATCTTTGAACATAGAA,518
CACCTGTCGTTGCTAA,518
CGATGAGGATAAAACC,518
CGGCTACCGCCTAGAA,518
GTTAAACAATTACGAC,518
TAAAATCAGACAACCA,518
TGTATTGTAATACATG,518
ACCAGCTAGTTGATAT,517
AGATACTTAATTAGAG,517
AGATCCCTTAACTTTT,517
GTGCTTTACACGTTTT,517
TAAAATAATCATGACA,517
TAACGAATTGTTATGT,517
ACGGCTAATAAAAAGT,516
CAAACTGCCCAAATCA,516
CACGATGAAATGAAAA,516
CAGGATCGGTAACTAA,516
GCATCCGATGACAAAA,516
TCACAATTACAGGTCT,516
TGCTCTACACCCCATG,516
TTTAACGCAAACCTTC,516
AAACGAATAGTAGTGT,515
AATTAAACAACTCTTT,515
ACATATATGACTAATC,515
CCTATCGAAAACTTTA,515
TAGATATCTATAGTTC,515
TTGATAGCAAACCTAA,515
AGGACCATCCTCCAGA,514
CATCCACTGGCTTTCT,514
CGGAACTATAACGTGG,514
GCGTCAATAGTAAAAC,514
GTTTCGGGCACGAATA,514
TCAGGGCAGAACATTT,514
TGTCCACCTGTACCTA,514
TTCAAGCATAGACAAA,514
ACAATAACGACGAACA,513
CAAAATACATATACGG,513
CACTTATCTGTTAAAA,513
CCAGCAAACAGGTCGC,513
CTAGCATTACTCCCTA,513
GTCAAATCAAGGAGAA,513
TATAGCACTAATCACG,513
TGTTTGGTGGAGAAGG,513
TTCGAAAAGATTGATT,513
TTGAAATCTAGTAATG,513
ATGCTACTAATAAGAC,512
CAACCGAAGAAAGAAA,512
CTCTTTCACGTGACCA,512
TACACTTAAATAAAAT,512
TATGCACACAAGCACA,512
TCCAAGGACTGCGAGT,512
AAAAAAAATTATAGTG,511
AGATCAAGTTCTTAAA,511
GTTTGAGCTAAGACAG,511
TATCATATGACAAAAG,511
TTAACACAATCATTAA,511
ACTTTTCGAATAATTA,510
CATACCAAATCCTACA,510
CTTGTCAAAGTTGGAC,510
GAAACCCGACACATCT,510
GATCCCCATACACAAC,510
GCAGCCGCCCCAAAAG,510
TATTGCGAACGACTAC,510
TTCCCAAAAACAAACC,510
AAAGGACATCTATTGT,509
AGCAAACATAAACAAA,509
AGGCAATATTGACTAC,509
AGTTGTTCCATAAAGG,509
CAAATCGATCTGGTTA,509
GAAACCCCAAATCAGA,509
GATTCCTAATAACAGC,509
GCATAACTTTTGCCAA,509
GGTAGGAACGGAATGA,509
GTCTTGTATCCAGTCC,509
TGATTATAACTACGGA,509
TGTACAAGGATCAAAT,509
AACCATGGAGAACTAT,508
ATAAAATAGTTTAATC,508
ATGTCATTCTCCTAAC,508
CAACCAAACATGACTG,508
CTTACGGATGCAAACC,508
GGATAAAAGCACGTAA,508
GTGAAGATGAAGTTCT,508
GTTTAAATTATAGCGT,508
TATGCAACGCGCACCG,508
TTGACACATCGGTCGA,508
TTTAGGAGATCCATAT,508
AATCATGAATAGGAAA,507
ACAAGTCTCCGCTGAG,507
ACTAACTCCAAACGCA,507
ACTACAACCGCATCCC,507
CAGTCGGTACTCTAAT,507
GACTTTTCACTCCAGA,507
TAAAAAGCCAGCCTCT,507
TCCCTGAGATAGCTAC,507
TCTCCCCGAAATATAA,507
TGCATTATTTCAAAAT,507
TGTGGGTTAGCTCTTA,507
ACAAATAAATAAGGTG,506
ACCGCTTACCTAAGAA,506
ACGTGAAATGATGCGA,506
CAAAGACAACACCAAT,506
CATACTTAATGGTTTT,506
GAATCAAATGCCATAA,506
TAATTAAGTTTATCAC,506
TATCACAGTTAAAACA,506
ATACATTTGAATAAAT,505
ATACCAACACAGGGTG,505
ATGAGGACCAACCGGC,505
CATTGAAGTTAAATTA,505
CTTAGTCGAATCAGAT,505
GAAGTCATAACGGGAA,505
ACCACTCATATAATAG,504
ACCGAAACGAAAAGAG,504
AGATGAATAAATAATG,504
AGTTGCGTTTAATAAG,504
ATAAAATATCTCGAGA,504
ATATTGAGCAGCAGTC,504
GGTGTCATCTTTGACG,504
TAGGGCCATCTAAGAT,504
AACCTGCAAACACAGG,503
AAGACACCTGATGGCT,503
CACGTGAACTTAACTA,503
CATCGGCAGCTGAAAC,503
CGCTCCCTACGAGAAA,503
GAGAGAGAAACGGCCA,503
GAGCACCCGCTTTTAC,503
GCCAACCTAATCACGA,503
GTCGAAGACTGCATCT,503
TAGGCTTTCCTCAAAA,503
TCACAACAACGTGTAA,503
TCGGTATGTACATCTA,503
TCTTACCAGCCGGATA,503
TGTCATAGACCGCTCG,503
AAGTGAAAGCCGTCTA,502
AATAATATGGCTGCGT,502
AATGCATAACCCCACT,502
AATTCTGTAAACTCTT,502
ACTCCTACATCTACTT,502
AGTGAATCCTTTACTC,502
ATTCCACCTATCTTCG,502
CGTTTTATAAGATATT,502
GAAAAATTTACGATAC,502
TACACGAAAAGCCCCG,502
TACATCTTTACATAAC,502
TACCGATGACAGTACG,502
TAGCTCCATGTACCAG,502
TCCTTATCACACTCAC,502
AAATACGGTAACGGGG,501
CAATCATATCTGCCTA,501
CATGTACGTTGCTGAA,501
CCAATTTACGAACCAT,501
GCGATAATAGGAAAGT,501
TAAAGTTTGAGTTCGT,501
TATTACCTTGTAAGAA,501
TCCATTTCCTGTGATA,501
TCCTGTGAGATCGCGA,501
AGTCTAAATAGCTTCG,500
CAAAGCAACCATGAAC,500
CCCACACTTACTTTCA,500
GCAAATTGCCCAATAA,500
TTATCGAAGTACATAT,500
AAAATATAATCATGAT,499
AACACATAGCACTAAG,499
AACCATAAACCGATAA,499
AACCGACTTAGTTGGA,499
AAGGCTGACTAGGCAT,499
ACCTCGATAACAACGG,499
CACGGCAACCGCTAAC,499
CCCTTTCAGAAAACAA,499
GCACTAACGATATTAA,499
GCCGAAAGCCCGTATA,499
GCTATATGAGCATCTA,499
GGTTCAATTACGACCG,499
TACAATAGATATCCGA,499
TACCTTACAAACCGCC,499
TTCTGAACACTGTTAA,499
TTGTACCGAGGCATAC,499
AAAGCTATAAAGGAAC,498
ACTGCCTATTTGTACT,498
GATATTTCAGCTCAAA,498
GGAACAGGAACGCGAT,498
GGGCCACGAAAACATA,498
TCTTATTAATATAAAC,498
TGACCAAAGAATAATA,498
TTTGTATCTGCTACTA,498
ATGGTACACTATTAAA,497
CCATATGACCATAACG,497
GAGGTGAGGATGCTCT,497
TAAGAAATTGATCGCC,497
TACTTAGGAACATTAA,497
TGATTCGATTAAAGAT,497
TTGAGGGGATAGTACT,497
AACCGAGAAAGTATAC,496
ACTTCCCACACAAGAG,496
ATTCACCAAAGCTATA,496
CTGCATGACATCTCTA,496
GCTACGTCCCATCAAA,496
GGATTAAATGAGTCAA,496
GTAAACTGTTAACTAG,496
TCTCACAGCAGCCGTA,496
AAAATAGGTTCCCCGA,495
AAACATTAAATTCGCG,495
AGCTCATCACTACATA,495
AGGGTAAACGTTGCTA,495
AGTTAAATCTCAAAAA,495
ATTAGGATATCGTGTA,495
CACTACATTCTAGTAC,495
CAGGTCAACTTCCGAT,495
CATACGAATTAAGCTC,495
CCGAACACACTCGGTG,495
CTCCTACTACTTACAT,495
GAAATGGGACATAGCA,495
GCAAAAATCAATATTG,495
GTGCCCCACGAAAAAG,495
GTTTTTACGAACACCC,495
TAAGATGAAAGTTAAT,495
TCTCGTAGGAGCAAAA,495
TGAGCTAGAGTTTATT,495
TGTATATTGGCTTGTC,495
TTACCGTCTCACGGAT,495
AACCAATGCGGCTGAA,494
AATGCCACTAATTACA,494
ATGGGTTACATAAAAC,494
CCCAGACTACGAGCTA,494
CCGCTACTTGAATGTA,494
TATTCGACCTTCTGTA,494
TATTTCATAAGGCGCA,494
TGCAACACCAGTTAAC,494
TGGACAAACTCAATTT,494
TTAGAACCAGTGACTG,494
AAATGTATCCCAAATT,493
ATATATACCTAAATCT,493
ATATGATAAAACAACT,493
CAGCTTCTCCTTAGTC,493
CAGTATAAGCCGGACC,493
CGTACAGAAGCATCTA,493
GATAAATGAAACAAAG,493
GGCCTATGAGCTGTTC,493
TTAAGACCAAGCGAAA,493
TTTAATGACTATTAGC,493
AACAAAACTTCAGTAA,492
ACGGTATTTGCTAAAT,492
ACTTTTTTGTAGTTTT,492
AGAACACGAATTTCTT,492
CAAGGACCGCATTCTT,492
GACCTCTTATATTAAA,492
TAAGGCTTTCTCAATC,492
AACTCCGTTCCATGCC,491
AATCACAATGTGTCAA,491
AATGAGACAAGGGGCG,491
ATCTATTTTTTTAAAA,491
CAAAAAAATGCACACT,491
CAAGGCAGGAGAAAGT,491
CACCACAATGAAGAGT,491
GACAAAAAATCCACTC,491
GATGTAAAGACAGTTT,491
GCAATGGAAACTTGAA,491
GCTATTTGAAAGTAAG,491
GCTTGTCTCTACCCAC,491
TTGGCCCAATACATCA,491
AACCAGGAGACTTGGG,490
AGTAAATCAAAATAGA,490
CATTGCGCACTTTAAC,490
CCACGGACTAGCTACA,490
CCATGAGTTTCATAAC,490
CCTGTTTAAGTGAGCC,490
CCTTTACAGAACATAA,490
GCTCGATCGAGAACTG,490
TACGGGTACTGCTCAA,490
AAAAACCGAACTTATT,489
ATGACCGCAAAGATCC,489
CACATATAAATGACTT,489
CCACGTTCTATCTTAC,489
CCCGAGCTGCATAAAT,489
CCCGTTAATAATAAAT,489
CGGTCCAGACGGACAA,489
GAGGTCGGTATAGTAC,489
TAACCAAATCAGCTAT,489
TACTTCAAAAAAGTCG,489
TCACCCAGGCACCTAA,489
AACCGAATTGTTACTA,488
ACACATGAAAACTCAT,488
ATACCGAAGCGTTATA,488
CAATGCACTTCCAATA,488
CTAAGTCGAGATATAA,488
CTACCGCCTTGAAGAA,488
GAAGTTCGAGGTTGTA,488
GCGAAATAGTAAAAAA,488
GGTAAAGTGGCGAGCC,488
TCTGAAACATAGTACT,488
TGGACAACGGAGAGCA,488
TGGATCTATTGTAATT,488
TGGCGTCAACATGAAT,488
TGTAAGGATTGAATTA,488
TTTATGTACCACATCA,488
AATGACGAAAATCACG,487
ACAATTCATCACCACT,487
ACAATTCTCTGTCACG,487
ACACGACAGTGGAGAA,487
AGTGAGCTGCACTCCT,487
ATTACGGACAAATGGC,487
CAACCTTAACACAAAA,487
CAGAAAACGTGGAGCG,487
CATAACAATAGATGGC,487
CCGATATAACAGTTAC,487
CCGCCGCTTTCCCCCG,487
CCGTCTAAAAAGCATC,487
CCTGTTCCTGTAAACG,487
CGAAAGCACAAGGTTA,487
GTCACCATAGCGTGCA,487
TGGCAATATAGTCAAT,487
AAAATTGCTCAATACC,486
AACCATGCAAGAAAAA,486
AATGCCATGACTGACA,486
AATTCATACCGGAGAA,486
ATTACACAATTTGTAA,486
CATTAAAATCTAAAAA,486
CGCCAGCGGACCCTAG,486
CGGGTAACGTGGCAAC,486
CTAACCATAGAAAAAA,486
CTTAATAGCATCTTGA,486
GAATTGCTCGTATCCC,486
GAGCGTCCGCCATATC,486
GCAACTGAAAACTGCT,486
TCACAATAAGCGGTGA,486
AAATTGAAGATAGTTC,485
AGCTGCTCTATCACGC,485
ATACTGCAAATCATAA,485
ATGGCACACCTATGCC,485
ATTAGACCGGTTAGAC,485
CAAATGCACAGAACGA,485
CCAAACCAAAAAGTAC,485
CTAAAGATACCTAAGA,485
GAGCTAACGGATTTTA,485
GCCGACTCGAGCATAC,485
GCGGGAGATAGCCCAA,485
GTCATGAGTTACAAAA,485
GTGTTTGCGAGCGAGC,485
TCTAAACAAGTGTTAC,485
TGGAGAATTCATATTT,485
AATATACGTCGACACA,484
ACAAGGTAATAGGCAA,484
AGAACATAACATTAGT,484
ATACCGGATCTCAACC,484
ATTCGGGAGGTCGAGC,484
CATACAGATGGTCCAA,484
GGACAAGTAGACAAGG,484
TGGATACAGCACAAAG,484
AACAATTATGAGCCCT,483
ACAAAAACCCAGGTGG,483
ACAGAAACAGGTATCA,483
ATAACGTAACAAACAC,483
ATTATACGCTCCAGTT,483
CAAGACAATATAATCC,483
CAGATGTAATATAGTA,483
CTATTAGATGAGTTCA,483
GCACACCCCATTATAG,483
GCCACCAACTTCGTCC,483
GGAGAATACATAGCAC,483
TCTGATTTCTCTGTGA,483
TCTGTCATCTATTACA,483
TCTTTAAATGCGTCCA,483
TGTCCGGATCTGCCGG,483
TTAATACGAGCCTAAA,483
TTGCAAATATTGCCGC,483
TTTATCCCAAACTAAT,483
AAAGTCGAATAAGGAA,482
AAGCGTGACCATAAAA,482
AGCTACGGATTGAAAA,482
AGTCCCATCTACCTTT,482
ATAACCATAAACAAAT,482
CCCGGTAAAACAAAAA,482
CCTTAGCAACCCCAAT,482
CTCTACCAACGTCTGC,482
GTCCATAAGTCTTTTG,482
GTGATTATCAAGCAGA,482
TAGCTCAATTGGCTCA,482
TCTAAAGGAAAAAACG,482
TGCAACCTGAACACTC,482
TGGGTTGATTTATTAA,482
TGTAGGTCGTCAAAGC,482
TTGAAGTACGAGAAAG,482
TTGTAACAGATTATGT,482
AGGGTATGGAATACAC,481
CAAACCCGCGGAAGTT,481
CAACTTAGCTACGAAT,481
CATGATTAATGCGTAA,481
GAAGAGGAGGAATCCT,481
GCAAAAGTGTAGTCGT,481
GGACGTAGTCGCCCTC,481
AAAACATACACGAACC,480
AATGTGGATCATGGAT,480
AGCGATGCAACCTCTA,480
ATAAGTAATCTTTCAG,480
CAACCACCTCATAATA,480
CCAGTCAAACCCCCAT,480
CCTATAACATGATTCC,480
CTGTAAGTCGATGCAA,480
GACATTCTGAACGCGA,480
GCAGGATGCAACAGCA,480
GGCCAACTAGAAAAAA,480
TGCTACATTGTAGTCC,480
TTTCCAATGCTCAACA,480
AACGATAAGTCGAAGA,479
AACTGCGATGAATCAA,479
ATGATTGCGTAACATA,479
ATTTGGAAAACCTCGG,479
CGGCGAGCTAATCAAT,479
GACCAAGAAATTTGGA,479
GACCAATAAAACACGA,479
TGCTTCCCATAGGCTT,479
TGGGCGTTCGAAAAAC,479
AATTTATCTTCAACAT,478
ACGGAATCAAAATAAG,478
ACGGACACGTTGACCA,478
AGGCGCAGACGTAATC,478
ATTACACAGGAGCTAG,478
ATTCTAGTAGAGGCGG,478
CAAAATAAAAACACGA,478
CAATATGTGCTTTAAT,478
CCACTCTGGAATCAAG,478
CGACAGTGATTGCCCC,478
CTACATTTACAGCGAA,478
GATACCATCGATATGA,478
GGGGCGTGCAACAACC,478
GTATACAAATTTGTCT,478
GTCGTGAATCAAAAGT,478
TAAGTATGGAATCGTA,478
TCGGATAGACATACAC,478
AAAGCGATAATAATAA,477
AACCAGTAAAGACCAC,477
AAGATAACATAAAAAC,477
ACAAGCTTCTGGGATT,477
ACACTGCCTGTTAAAC,477
ATTCTCCGCACTCTGT,477
CGATACTAGTCCGCAC,477
GGATGCGCTAGGTAGT,477
TAACCAAAAATAAGAG,477
TAATCGATACAATGTC,477
TAGCATTGCATAAAAA,477
TGTCAGCATACAACAT,477
TGTTACACCACTCACG,477
AAACGGCTTACTCCGA,476
AAAGTCCATGGAGGAA,476
AACTATTACTCTCAAG,476
AAGTTAACATAAACCC,476
ATCGCTGAACCTAAAA,476
ATTCGATAATCATAAA,476
CAACCGTAGACAACGC,476
CCTGCCACCAAATCAG,476
CGTCTTTATGTAAACT,476
CGTGCACGTCACACAC,476
TACTCGTATATCCTAT,476
ACATCTCCGGTACAAC,475
AGACTCAAAAATAATA,475
ATAGTTTAGAGGAACC,475
CATTCTGAACCTCATG,475
CGCTTTACTTTAGATG,475
CTGTGCCACGTCATAG,475
CTTGGGTATGCTCATT,475
GGGCCAAAGTCTGTCA,475
TCCGCGTATTTCAACA,475
TGGACTTTCCGACTTT,475
AACAACTCGAACTTTC,474
AACTGGCCATACGTTC,474
AAGGCGGCACGCCGAC,474
AATCTAAAATCTCACA,474
ATATGAGCAAAATTGT,474
ATGTTCATAAGAAACG,474
CATCCAAGTAAAGCCG,474
CCGTACATGTGTAACA,474
GTAAAATTTACAATGA,474
TAATGCATCAGCAGCC,474
TATAGCTAACATGGAT,474
TCCTGAATTAAATAGG,474
TCTAGGACATCCCATC,474
TGGGCCGGAATGTTTA,474
TTACACAACAGAAGGC,474
TTAGAGTCAACATGTG,474
TTCTTTGGAAATGGAT,474
AAATAAAACTGGCGTA,473
AAATAGCTACACAAAG,473
AAGTTCAATGATGCTT,473
ACATATACCCGAAAAA,473
ACTGGGAAGCTAATAT,473
AGAGGTACGATCAGGA,473
ATAACACGAGCCATGT,473
TAAACTATAAATTTAT,473
TCGTAGGCAGGACGTT,473
TGTAGAATGGACAAGT,473
TTCATCAGCACATATC,473
AAAAACTTTCATCATC,472
AAGTGTAACCATCATA,472
CATGGCTACTCTGTAA,472
CCGAAATCATATAACC,472
CGGCAACAGTATGAAG,472
CTAGACAATTTTATAT,472
CTGGATATTTCTTACT,472
GGCATCCCTTCATGTT,472
GTATAGCGTATTAGAC,472
TATACCGCACCTAGAA,472
TGGGGCGCTAACAGGT,472
TTTTGAAAAACCACTA,472
AAAACAAACACCTTAT,471
AAACTGATTTAAAACG,471
AAGTTACAGAATCTCT,471
AATTAGCAGAAATCAT,471
ACGGACAGGATACCAT,471
ACTAGGATATCGAAAA,471
AGGCGTTTACCATCTA,471
AGTACATAGCAGGACC,471
ATAAAGCAAACACCCT,471
ATATTTGCTGATTTTT,471
CTTATTGAGGTTACAA,471
GAATAAAAAGAACAGC,471
TAGGGTAACCACATTC,471
TCGGCAGTTTACCTTA,471
AATTGCAACACCTATC,470
ACATGAAGAAAGCTGT,470
ACTTACGTTAAATAAC,470
AGCACTAAATATTGAA,470
CAAATTCACAGCCTAC,470
CACAAGACGGTCAAAT,470
CCATAAACATAATGGC,470
CGACACCCACATCACG,470
GAACTGTACACCCACC,470
GCATGTAACTCAAGCA,470
GTAACTAGGCTTTTGT,470
TGGCTCTACCATGCTC,470
TTGCATGGATCGGGGA,470
TTTAGACGACATTAGG,470
AAAACTAAACAAACAG,469
AAAAGGTCTATAAAAA,469
AAGTCTATATCACAAT,469
ACCCATTATAGAATGG,469
ACGGTCTCCTACCCCC,469
ACTAATGAAAGACCTA,469
AGAAGAACAAGAACCT,469
AGGAGCACAATGACTA,469
ATAACGTTACTTAGGG,469
ATTAACATCGGAGAAG,469
ATTGAATACGTAAACT,469
CACTAATGACTTGATG,469
CACTCTGATCCTGCTA,469
CATGTTATACTAGCAA,469
GATTGAAATATAGGAT,469
GCGTCTTGTGTAATAA,469
GTACTGCTGGATCCTA,469
GTGGACTTACAATTAC,469
TACGCTCCACCGCCTC,469
TAGAATCCATTTACCT,469
TTACTGGAAACGTATT,469
TTGGCTGTCTACTGAT,469
TTTGCCCAACATGGAC,469
AAAAAAGATAAGAATT,468
ACTAGTACAGAACTGC,468
AGCACTGCACCCATTC,468
AGGCCACCTGAGATCA,468
AGTGACAATACCCTAG,468
ATGATCGAACAACTTA,468
ATGCAGCTAATTCAAA,468
ATTAGTATAGAATAAC,468
CAATCCAGAACATAAT,468
CAGGTTAATGGAAAAA,468
CATATGAGAATCACTT,468
CCTCTAAAACAAACTT,468
CGATTACGAGTCCATA,468
TAATTGCATACCAAAA,468
TACCCCAGTAGACCCC,468
TGCACTAAATACCTAT,468
TGGACTCACAGTTGTC,468
AAGGCACCGCGGCCAC,467
AATCCGTACATCCTAA,467
AATTACTACCCGGCAT,467
ACATGACCATCCAAAC,467
AGCCCCCACTAACCGA,467
ATTAATGCCACCCTGC,467
CAGCTTGCTCTAGCCG,467
GAGCCGTCCCTTTCAC,467
ACAATATACAGCAGCT,466
ACAGTAACGGCCATAG,466
AGAACAACCCATACCA,466
AGTACTATACGCATCA,466
ATAAAAAAGATGCTGA,466
ATATAGAATCCCTGAG,466
ATGCAAAGAGATCAAT,466
CATTACTGGTAATGAC,466
CCACCTGATCCCTTAT,466
CTCTTCGAAGTGTGGA,466
GTATATATTCTGATAG,466
TAACTCCTCTGGTAAC,466
TACTGAGTATATAGTT,466
TCCCTACCGAATCAGA,466
AAAATAGCTCTTGGAA,465
AATAAGCAAAAATCGA,465
ATATCTAGCTTCTGAA,465
ATGCACTAAACTGCAG,465
ATTTCTACATCGATTA,465
CAACGACCAACCGAAA,465
CTGCTAGTGGATACAC,465
CTTGTAACGTATTCTG,465
GAAACTTTAAACAAGT,465
GAACGTGATCATCGAC,465
GAATTAGAAGTCGCAA,465
GCTACCGACCAAGCAT,465
TCGGACCCATCAATAT,465
TGACGTGCTTCTGTAC,465
AAAATTAAAAGCACAG,464
AATTCCGTCTTGAAGT,464
ACCTAAAAGTGTTCCT,464
ATACAGTTCAAGGATC,464
ATGAAAAACTAAACTT,464
ATGTGAATAGCCATCC,464
CAGCACGTATAACTAA,464
CCTTTAGAACTACTTC,464
CGATTATCATCCCGGA,464
GATAATCATTCTGAGA,464
GCAACCATCCTAATAG,464
GCCGAAGTATAGGACA,464
GGGTAGTACTCTCTCT,464
TCAGACCGCCATGGGA,464
TGGAATACTGATGTAA,464
AAGTTTATACTAAGAC,463
AATTGCAACTGGGTAT,463
ACGTTTTGGTCCATCA,463
AGCCTAACCTGCTTTA,463
AGTGGAAATAGAGCGT,463
ATACAATTTAACGGGC,463
ATGAAATTTCTATGCG,463
ATTTAAAAAGCGGAAA,463
CACCCTTAACTCAGTA,463
CACGGACGCGAATCGT,463
CCATGCAACAAGCAAA,463
CTAAATGGACCATCAC,463
CTAGCGATATGCCCCC,463
GAATAAGAAAAAAAAT,463
GACTCGACCTCAGCGA,463
GAGTATCTTTATACCA,463
TAGCGGATGCGGACCC,463
TCTCTCCAGTAAAGCA,463
TTTCTATTACATTAAT,463
TTTGAATCAGATTTCT,463
ACGAACATAACTTACT,462
ACGAATTAAAGTAACT,462
ACGATAGTCTAACTAC,462
AGTCAGTTCCATTATG,462
ATACAGAACCACAACT,462
ATGCCCTAACACATAT,462
ATGGGAAATGAGAAGA,462
ATTAAACCGTAACAGC,462
CCATAGGATTGGGAGT,462
CCGGAAAAAAAATCCA,462
CGAAGAAATAAGGAAA,462
GCCGTCCAAAGCCGTG,462
TGCTTAGGTGGAATCA,462
TGTCATTGTCTGGTTC,462
AAAAATTAGCGGGCAA,461
AAAGGACGACGTTACA,461
AACCTACCCCTATTGT,461
AACTCTATTAAAGGGT,461
AAGCGTTACCGTACAT,461
ACACCAAAGCAATAGC,461
ACCATCGGTCATTTCT,461
ACCTCGAAAAAAAATA,461
ACTGACGACTCTATAC,461
ATAAAACAAAGGAACT,461
ATGGACGTTACCTCCT,461
CAAGCATGCTTTGTCA,461
CACGGTACGAGGATTT,461
CCAATTATTGTCTAGC,461
CTATTTTGGAGCCCAG,461
CTCATCGACGGGGGAT,461
CTTAGCCCAACTCACT,461
TAAGAACGGTTAATCG,461
TTATAGTAACTTAGGT,461
TTATTCTACAATGAGC,461
TTATTTACCTAGGTTA,461
ACTAACTTTCAGATAC,460
ACTGGAAAAGGAATTT,460
AGCATAGGTGTATAAA,460
AGGATGCGAGGGTGTG,460
ATTCTATTATAGCAGA,460
CGAATACGAGGAACGG,460
GAACAATACGAGGATT,460
GACCATATCATGACAA,460
GAGGGACTTCCCGCCA,460
GCACTACATAACCATC,460
GCTGTTGATACACTCA,460
GTGGTCAGTTCACACT,460
TCACAACTCCACAATG,460
TTATACACTGTCTCGA,460
AAAATATTCATATTGG,459
AACCCTACAATGCATG,459
AATCGAACCGAGGGAT,459
ACAGCTTAATGTATAC,459
AGGTTACGCCCACTGG,459
ATCGCAACAATCAATT,459
ATGCCTCTCCTTTGTC,459
CAGCACCATTTAGAGA,459
CCATCATCTCCATTCA,459
CCGGGCACAACCCTCT,459
CCTAAATAAAAGCACA,459
CTTCGCTACAGGACTG,459
GAAATTTATATGATAC,459
GACGTGATCCGATGCT,459
GATGCCCTTACCAACA,459
GCTATTCGGATTTTAC,459
GGGTATTCGCTATATC,459
TACCAAGCTATAGTTC,459
TCAGACAATACTTGAA,459
TGAAACTACTGACTGC,459
AAAAGTCTATGAGATT,458
ACTACTGAAGGATGAA,458
AGAATCACCGGTAAGA,458
AGGGTCAGATAAGACC,458
ATTAGTTTATGGTTCA,458
CAAAGTATAAGAAAAG,458
CACTAGTTACATAAGT,458
CAGTAGTGAGCCCAGA,458
CGTGTAAATACCATAG,458
GCCATGCAGGCCGGTG,458
TAGCCATGCAATGCAC,458
TCCGACCTCCTGACAC,458
TCCTAACGATACTCTC,458
TTCACAAGGCCACAAG,458
AAAACTTTAATTGCGC,457
CACCCGGTATATCAAC,457
CAGCATGGGCAGATAT,457
CTCGTCGGCTTATCCC,457
CTCGTTACAGGAAGCC,457
CTGACCTGCAGACGGT,457
CTTAGATATACTTAGG,457
GACCATCAGGCTAAAA,457
GGAATCATCAATTCAT,457
GTCAGTGCAGTACCAA,457
TAAATTTGGAGAAATT,457
TACGCCCCAAGATTAC,457
TACGGATAGCGATACA,457
TAGATCTTGGACCGCG,457
TAGCACTCTAACCGAG,457
TAGCTGAAATCAAATA,457
TAGGAACAGATCCCTT,457
TATATACGGGATGTAA,457
TCGTTAATGATGTTAA,457
TGCAAAACTGGAAGTA,457
TTATCAATGAACAATA,457
TTGGAGATAACACCTG,457
AAAGGAGACACATCCT,456
AACTTACATACAGCCA,456
AATACTCTGAATTTAT,456
AATGCCAGACCCAGAC,456
ACGAGCATGATGAATG,456
ACTGGCTTAAAAACAA,456
AGCTGCTACCGAATAG,456
AGTAATATGATGATAC,456
ATCCAAACAGATTTAG,456
CACCTAGCAGTCTCCG,456
CGCAAAAGTACAAACT,456
CTCACGTTCCCAATAC,456
CTGGTCTGCTGGCCAC,456
GAGTATAGACGTTCGA,456
GATTACAAGCCTAGAA,456
GCTTCAATGGTTAGGC,456
GGAACCTGTTACCTCC,456
GTAAGAACCCAACGCT,456
TAGTGTAGGCACTGAC,456
TCACTGTCAAGTTAAG,456
TCATGCTTCTGTATAT,456
TGACAAAGCTTTCTAC,456
TGTGAAATATTTAAGG,456
AACAGCATAGCTCAGA,455
AAGCCCAACAAAGATC,455
ACCCACGAACGAACCA,455
AGGCGGTTCAGATAGT,455
AGTGCCCACGAAAAAA,455
AGTGTATTATCACGCG,455
ATATTATATACAATAG,455
CCATAATCCAGCATCA,455
CTACTATTATGTACAA,455
GAGCGTGAAACACACC,455
GGGATCAACATAGCGT,455
GGTAGTTATTTATACA,455
GTAACATAACATAGCA,455
GTGGTGTACAGATGTA,455
GTTCTTGAATTAGTCT,455
TAGCACCACAACCACA,455
TATCAATCCTTAAGTA,455
TCAACATCAGCGGACA,455
TCCGACAATACTGCGC,455
TCTAAAATCCTTCAAT,455
TTATAACGCTAGAAAC,455
TTATACTTATCCACCA,455
AATTAAAAAAACGGAA,454
ACTGAGCTTAAACGGG,454
ATAAACGGTGAATGAT,454
ATATTACTAGTCAAAA,454
ATCGAGGGTACATAAT,454
ATTGACGATAACCGGA,454
CACCAATCGCATCTGT,454
CCCGACCAGCGCAACT,454
CTTCGATGTAATTTGA,454
CTTGATGTTCACGCTT,454
GAACCAACTTAAATCA,454
GAACCCATAACAAAAC,454
GATCGTCTTCTGATAG,454
GCACATCGAATGTCCA,454
GGCAACCACACCTTAC,454
GTAAAGCGAAGCGAAT,454
GTCTCTAGTAAAATAA,454
TACCGATACTCGTCAG,454
TCCCCCATTTGATAAT,454
TGACAGCTATGAGGAC,454
AACCCAGTTGTGCACT,453
ACAACTAAACGAGAAA,453
ACCGCGTCACCAAAAC,453
AGCCCGCTAGTATTAT,453
ATACCAGAACCTCCTT,453
ATCTGATTGTTGAGGT,453
CAAAAATTACTAAGCT,453
CAAGCAGTAAGCGAGA,453
CCAGACCCGATAAAAG,453
CGACTGGCGGCAATGT,453
CGGCTCAACCCTCTGA,453
GAATTGTAACTTATAG,453
GCCATATAAAAAATGT,453
TCGACTGATCGTCAAT,453
TGTGCAAATTCATCAG,453
AAACCATATACTTAGA,452
AATGACGAATGTAGGA,452
AGAAGTACGTCCTCGT,452
AGCTGAACTCATATAA,452
AGCTTGGTAACAACAA,452
AGTTAGGATTCGAACT,452
ATAGTAGTAGATGCAT,452
CAATCCCCCAACTAAT,452
CAGATTGGTCCAACCG,452
GATAAAGGTACATGCA,452
TAATGGGAAGGGTAAT,452
TCTGATTCCTAGTACG,452
TGCACATCGATACTAT,452
TGCCTAGTCAACCCAA,452
TGGTGTATAATGGTAC,452
TGTCCATAGTTGAAGT,452
TGTCGCTTGAACTATA,452
AAAAAAGTATATTATT,451
ACAACAGCCGTACATA,451
ACTCCAACAAAACAAG,451
ATACGACAGCCTGCCA,451
ATCTGTATGCGCAGAC,451
ATTATACGCCAAACGA,451
CCATGAGTGATCAATG,451
CCGGGCCGGTGCATAA,451
CGATACACGACCTCCA,451
GAAGTTCAAACCAAGG,451
GCACAGAGATCCCCCA,451
GCTAAAAACAAAACTG,451
GTTTGCATTCTCGGTG,451
TACCCCTAGTAGAATC,451
TAGCACTACCGACGTG,451
TAGCCTTTGGCGGGAG,451
TCGATGCAGTAAATCT,451
TGGGCACCATTAAAAG,451
TTGCACAGCCAGTAAT,451
TTTAAACGAAGACGGG,451
AAACCTGGAGTTCAAC,450
AAACGCGAAAGGGATT,450
AAAGCATGCCTTTAGA,450
ACTACTTTCAAAACGC,450
AGTAAACCGTGGTAGT,450
CAATCCGTACACCATT,450
CGATGCATACAGTTCC,450
CTACAGTTCGGCATAG,450
CTTCTGCAGACAAACA,450
GAACTAATCAAAGGAA,450
GATATACACAACTTAC,450
GTTGAGTATCATCAAC,450
TACAGTTCAGGAACTA,450
TCCCACCCAACCAACA,450
TCTATAAGAAATTAAG,450
TTCGAATAAAACATCA,450
AAGCGCGTCTGTCCAC,449
ACCGAGGTCGCATAAA,449
ACGCAGAACTCTACAA,449
AGGCACGTATATCGAT,449
AGTACTCCGACGCTAT,449
ATACATTCTCATATCA,449
CAATTACCTCATGCAC,449
CCGAAAGCGTAGCATG,449
CGCTTATGCGGCACCA,449
CTAAAAGACGCGAACC,449
GCGTACAATGCCGCAC,449
GTACTTCCTATTCGTA,449
TCCGAGAGTTCCTGCA,449
TCGTAAGGGATTTAAT,449
TCTAAATGGAAGTGCC,449
TGCTCACCTAGCAACT,449
TGTTTCAGTCCAACTG,449
TTGATCTACAGACTGG,449
AACACTAGGGCAAATA,448
AAGGAAAGTTAGACCA,448
AAGGGATGTTATAGGG,448
ACAACATCCCGATATC,448
AGATTATTTGCATCTT,448
AGTCCTTTTTAGTACG,448
ATAACAAAGCCTCAAT,448
ATATAAAACTTTACAA,448
ATCCGTGGAAGCCTAA,448
CCCGAAATCTTCTTCC,448
GAAGGATCATAGCGTG,448
GAGGAAGTGTTCACGA,448
GCACCCTAAAAACTTG,448
GGCGTAATAAAGGTTA,448
GTATAATCGGCGGTGA,448
TATAAGCAACCAAGTC,448
TCATAACCAATAATAC,448
TCCTTTTAGATAGAAA,448
TCTGTGACTTACTACT,448
TGCTAGGCGTACGGGA,448
AAAACACGATAACTTA,447
AATATCACACACACTA,447
AGTCTAATTAACTACT,447
ATATGACCACACACAC,447
CCCTAAAATCCGAAAC,447
CCCTTAAAATGCAGCT,447
CGGAGCGAACGGATAA,447
CTATCAACATGCCGAA,447
GCGCGACGATTTTTTA,447
GCGTGCCAGGCCACCT,447
GCTGCCAGGGTACCAG,447
GGCTGAACACTATTCC,447
TCAAAAGGATTTAGAG,447
TGTCGGAACTCGCTAG,447
TTGAAGATTCATTAAC,447
AATAGGCCAAGTTAAA,446
AATTAATACCTAATCT,446
ACAACCGTATGGTAAT,446
ACACGCGCCCAAAGCT,446
ACATAAATTAACAAAC,446
AGAGGTGGACCCAGAC,446
AGTACAACTAGACCAG,446
ATACACGGTGTCATAC,446
CATCACGTCTAGCCTG,446
CATGGCGACAATCACC,446
CCCAAACAGCAGAAAC,446
CCTCATCTTGAAGAAT,446
CGTCTCTGCTCTGAAC,446
CTACATCCTGTTGAAG,446
CTCAGTTCAATGCCAC,446
CTCCCAGGCCATCACA,446
GAAAATAAAGCCTTAA,446
GATTAACCAATTTGTG,446
GCTACATGTTTAAGAA,446
TAACTAACATGAAAAA,446
TATAAACCCTTTCCTT,446
TATCACCCCTGTTACA,446
TATTTTCAGAAAACAA,446
TCTAACATGGCGGTGA,446
TCTAATAACAGAGTAA,446
TGTGGATAAACTCTAA,446
TGTTGACTAATAACAT,446
TTCATTGATTCACTAT,446
TTCCCTACAATCAAAA,446
AAGCGTATTTTAATTC,445
AAGGCCTACATTACAT,445
ACCCTGAACATAAACA,445
ACGCATAAAAATATCG,445
ATACACATGTAAGCCC,445
CTGAAGTGCGATTTAC,445
GAACTAGTCGATGAGG,445
GAATAAAAAACAAGAC,445
GAGGGATAACCCACTT,445
GATTTGAATTGTCCAC,445
GCACTTGCAATACGAG,445
GCTCGTAGAATGTCTG,445
GGGCATATATGCAACA,445
GTAGAGTGTACGCTAT,445
TAACCCCTGGAACTAT,445
TAGCACCAACAATCTA,445
TGATTATGATACCCAC,445
TTAGATAGGATCTTAA,445
AACTTACATTGAGAAT,444
AACTTTACCCATAGAA,444
AAGTAAGCGAAAAATA,444
AATTTCAACTTGCACG,444
ACTCTGTCTATATCCG,444
AGATTTACATTCCCAA,444
AGCATGAACTTGATGT,444
AGGTTCCCGACAGAAC,444
AGTCGACCGTAGATCG,444
ATACATCCTAGGGATA,444
ATTGTATTTGCACTCA,444
CAATAGTTGCAGTGGT,444
CACAATATTATGCAGT,444
CAGAACCTACCACGGC,444
CGGTATGAAATTCGGT,444
CTTATTGCATTCATGT,444
GAAATACCCAGTACGG,444
GCGTCACGGGATCTGT,444
GTAGGCTAGCATATGG,444
GTGATAAGGTATAGAC,444
TAACTACCAGTTGCAA,444
TAAGCCGGAGCAAAAA,444
TAGGGTTATTACCCAA,444
TCGCTAGACCTATAAT,444
TCTTCTGTGTTTTTAA,444
TTATGTCCCCTTAAAA,444
TTTGCGTCTGTATCTA,444
AAAAGACAAAAGACCG,443
AACCATCAAGAACTGT,443
AAGGCTACTTTACTAG,443
AATCCAACCTACACCT,443
ACCCGTAAGCCCGGAC,443
AGACATCAAACACAAC,443
AGTATATATACCCTAA,443
ATGAAATAACAAAATA,443
ATGAAATCAAACTGAA,443
CCCCCTGACCGCCTTA,443
GAACATATACAGTTAA,443
GACAACTTTTAAACAT,443
GACACTTCAGAAACCA,443
GCCACAACTAACAAGA,443
TAAAGTTACCGACAAA,443
TAACAGATCAATTAAC,443
TCAGCCCACCAAGGCC,443
TCTGCGAGGAATAATT,443
TGCTATCTATGAGGAA,443
TTAGAGCGCACCGAAA,443
AAATAAAAATGGGGAC,442
AAATTACCTACGAAAG,442
AACATGGCGAAAGAAA,442
ACAATGCTACATCTCA,442
ACGTTATGAGCACCAA,442
ATCAAGTATGTCTATA,442
ATTATGGATTGCTAGA,442
CAGGATCGCATTGACA,442
CTAAATAATCATACGG,442
CTATAACCTCTCCAAT,442
GAATCCCGTCCGTCAT,442
GGGTCATATAGCCAGT,442
TACATCAAGAAAACAA,442
TAGTACATAGTAATCA,442
TATCCCGATATATCAT,442
TCATCTTAAGGAATCC,442
TGTTGAAAGTAATGAT,442
AAACCAGCTCTAATAC,441
AACGCCGAAACCTTCC,441
AACTAGAGCAGAGATT,441
ACGCGGAAACGCCCCC,441
AGTATAAACCGGGCTA,441
ATAAACGTTACAGAAA,441
CCAAGTTACCAGCATA,441
CCCGAACGCTATAGCT,441
CTATTAACCAGCATAC,441
CTTACTCGTTGAATCG,441
CTTAGATTACATTAGA,441
GAAACCACAGGAATAA,441
GAAGAATACTCTATCA,441
GGTCCCAGGGCGTAGA,441
TATTAAAAAGTGAATT,441
TCCGTTTCAAAGAAAA,441
TTATATAAAAGCTTGT,441
TTATATGGATAAACAA,441
TTCGGACTTAGAAAAC,441
TTTTCTTCTAAAAAAG,441
AAAGCTCACGTCACTG,440
AAATACGACAAGTATT,440
AAGAAGCGATCCGAGT,440
ACAATTTTCACAATTT,440
AGCCGACCCTACACTT,440
ATGGGCGGAATCGACA,440
ATTGGAAACCTCACAC,440
CAAACGATCTAATAAC,440
CACATTAGATACTGGA,440
CGCTTGGCTTAAATTG,440
CTGATCATTAATCGCT,440
CTTGCGTGTCCATAAT,440
GCATTTCAGCATGGCA,440
GCGCTTCTAATGACCT,440
TAATAAAAGTTTTAAC,440
TCCTAAACTAAGCGAT,440
TTGCGTGCACGGAACA,440
AAGTGATCGTACACAT,439
AATAGATGATGGCCAA,439
AATAGGGAAGCAGAAT,439
ACAGAACCAAATAAAA,439
ACATCTCCGTTGTAAT,439
ACCCTAATTCGAGTAG,439
ACGAAGACTACGCATC,439
ACGCTAATGACAAACT,439
ACTGGAGCTCCCGGAC,439
AGTAGTTATAGATGAC,439
ATATAAGTAGTCTAAA,439
CAAAGGTCAAAACTCA,439
CAAGTGCCACCCCGCA,439
CTCGGTCTGAATCGTG,439
CTGCAAAACGTTGCCC,439
GAGGCAGAAGTGGATG,439
GATATACGGAACAAAA,439
GGTCGGCCAATAGTCA,439
GTAATATCTATGCGAG,439
TAAGCATGATTACAGA,439
TAATAACCTTTACGTG,439
TAATGCTGTCTAAGTA,439
TAGTATAATGATTAAT,439
TATTAATAATCACACT,439
TCACGCTTTGCAGTCA,439
TTACGAGGCATATCCC,439
TTTTGCTGCGAGGAAC,439
AACACCACGTCTAACA,438
AAGACTTTTAAAAATG,438
ACATTAACAAAACACA,438
ACCTGTAATCAGGTTG,438
ACTGAAGGCAACTGTA,438
AGGCCGTTTACGAAAT,438
ATAAACCTGGTACCCC,438
ATAAGAGCAATGAAGA,438
ATCGCCAATTTTAAGA,438
ATTAATCATGCCACAA,438
CACATTGACTTTCAGC,438
CCAAGCGACGTAACGG,438
GAAATTGAAAGACTCA,438
GAATCCGCACAAGCCT,438
GAATCTTGAGTTCTAG,438
GCAATTTAACACGCCT,438
GCGGGAAAATGACTTA,438
GGAATCTAATCACCAG,438
GGGGTAGCGAGAAAAC,438
TAGAAACAGATAATAG,438
TCCTACCATACAACTC,438
TCCTCGTAACATGCCA,438
TGCGAATACCAGAGCC,438
TGGCCGTAGCATTGAT,438
TGTAGTTCTATTATCG,438
TTAACATTTTACCTCT,438
TTTTACAGAATCAATG,438
AAATATTATATACATC,437
AATCACCATTTCTTCC,437
AATCGCGCCTGCTTCC,437
ACAAGGAAAGTAGGAT,437
AGCCACCGAAATTCCC,437
AGCTATTTACACGATA,437
ATCCCACTAATACCCC,437
ATGACTATCTTTAGAC,437
ATGATAACATAATACT,437
ATGCTCATAGTGGCAG,437
ATTAAATTACAGTCAC,437
CACCACATGAAATTAA,437
CAGGCCCTAATCAGCT,437
CATATCACGGACGCAC,437
CCAAAATTTTTCTCCG,437
CCCAATCCGCCTACGG,437
CCGCACCGTTAGAAGT,437
CCTGCAATCTACAACA,437
CGAACAAAAGGCATTA,437
CTACGACGTTCGTAAC,437
CTTAGAACTAATTTAC,437
GAGTTAAATATCGCCA,437
GCACACCTTAAAATAC,437
GCCATCTACACACCTG,437
GGCTGATCCACAATAA,437
GTACTGACCGCACTCC,437
GTGAAGTCTGATCAGT,437
TAAAATACAAGAAACA,437
TAACTATCGTCTAACT,437
TACAGGACCAAAATTT,437
TCCCCGGACCGGACAG,437
TCCTTCACGACACACA,437
TGTTCGAACATTACCG,437
AATTTTGCGGTACACC,436
ACCTGGTAATGTCCGT,436
ACTTACTTCGCGCGCG,436
AGAAAAGCACTTTCTA,436
AGACCAAATTCTAGAT,436
ATGGAAAAGATTATTG,436
CAACAGAAAGTGATTA,436
CAACTAGGCTCCCACT,436
CACAAAATTTACTTCG,436
CATATCAATCTAATGA,436
CATCAGATATATCAAA,436
CCCTTTGCCACCCTCG,436
GAACCAAAGAAAAGTT,436
GAAGGCAATTCCCAAC,436
GAATTTAACACAATCA,436
GACGACAAGCCAAATT,436
GCCAGATATCCCGCAA,436
GCCGGCACGTCGGGCT,436
GCCGGGAAGAAAAAGC,436
GTTCTACTGGATACCA,436
TCAACACACCCCAAAC,436
TCCGATTAACTGCCGC,436
TCTATATTGCTTTAAA,436
AACGACATAGATCGAA,435
AAGCGACAATATCCGA,435
AAGTAATCGTGGAAAA,435
AAGTGATTGGCGGTCG,435
AATAGTGACATAAATG,435
ACCGCTATCTTGATAA,435
ACTGTAAATAATGACT,435
AGCTTGCTAATGAAAA,435
ATAATAGTAAGGGATT,435
ATCCAGCATGCCTCAA,435
CAGGATTATTATACAT,435
CCATAACGGTCAATTC,435
CGGTACACAGTTTAGA,435
CGTAACATAGTCCTCA,435
CTATAGCGACATCAGG,435
CTGTGCTGTACTGGAA,435
CTTCGTCGCACCCGAC,435
GTAAATTTACACCCAA,435
TACGCGATTAAAACGA,435
TCAGTCTAAAAATGTT,435
TCATGGCCATTGCTTA,435
TCCCTAAGCTTACGAC,435
TCGTAGTCAAGGAAAC,435
TGACCTCTTCATACCT,435
TGTTTTCTATAAAACA,435
TTTACCATAAAGTACT,435
AAGAACGAAAATCCCA,434
ACAAAACCAGATATAA,434
ACAGATTCAGTTTGAA,434
ACGAAATCACTTTCCC,434
ACTCCATAACACACTA,434
ACTTTCAACGATACAC,434
CACTAACTTCTAATTC,434
CACTTAGCCACATTTG,434
CATAATTTACAATTTA,434
CCCATGAAAATCACTA,434
CTACAGGAAAACAGCA,434
CTGGGCACCATCCGCA,434
CTTTTCTAACGAGGTA,434
GCGATGCCCATAACCG,434
GGTCTCATTAGAACGA,434
GTACACTTAAGTGACC,434
GTTCTGCAGTAACAAG,434
TAAAGTCTTGTCAGGT,434
TAAGTCTACCTATCAC,434
TACTCCTACTTGATAA,434
TAGAAGGCCCAACCAT,434
TCAGCTGACGTCCGGC,434
TCATGGCACCTTAAAA,434
TCTAGAACACCGGACT,434
TGGACGATAGCCTACC,434
TTATGCTGAATCTTCT,434
TTGTAGCATTGAACCA,434
AAAATATTAGTCGATC,433
AACAGAAACTTAAAAC,433
AACATCCATGCAAGAC,433
AACGGACCAAGCTCAA,433
ACAGAGTCAGACCAGT,433
ACAGGAGAGTTGAACA,433
ATACAAGCAATAACAC,433
ATCTGGGAACATTCTA,433
ATTCAACAACATTTAA,433
CGAAACACTCGAACTA,433
GAGCCCAAACCATCAT,433
GCATCAACTGCCGGCA,433
GCCCCTTCAGAACGAA,433
GTACTTTAGAATGATC,433
TAGTCCGACCCCTCGC,433
TCTACCCCCTACACCG,433
TGGCGTGCAATGTTAC,433
TTGACATGTTATCATT,433
TTTATGGAATGAATAT,433
AATCACTCAGTTCAGC,432
ACAATTATAGTCTTAT,432
ACATATCCTTGATGGT,432
ACGGCAGCTGACTCGC,432
ACTAACCAAAGATTCT,432
AGGCCCCTAATAACAA,432
AGGCGTTGACTATGAT,432
AGTTGGGTTCAATACA,432
CAACCGCTCGTATGGA,432
CAAGGCAAGAACTATG,432
CAAGGTTATAATCGCG,432
CAATCATTGACAGCGA,432
CACGTAGAAGTGCAAT,432
CAGGCGCTAACACACA,432
CATTGCCATTATTGAT,432
CTCGCACTTACATTGC,432
CTCTCATGGAATCCAA,432
CTGGGATATACATAGC,432
TAGGAACGACTCACAA,432
TATACAGAATCACACC,432
TATTTGGTGAGGGAGG,432
TGAAATGGTAACGGAT,432
TGAATCGATGAAATAA,432
TGTCGCCCACCTTATT,432
AACCCCTAGGATCAAG,431
AATTTACAGGGAAGCA,431
ACACTGCCTAAGGTAA,431
ACTTTCGAGACATCGC,431
AGCGTGAGTACAATAA,431
AGGAATATGAAGACAA,431
AGTTACACTACAAGCA,431
ATTAAGTACTGTTAGA,431
CAACACGGACATTACA,431
CCGTCCACTTCCAGAT,431
CCTTTCATTACCCAGG,431
CGAGAGCTTGATTTTA,431
CTGGGCAGGACGAGCC,431
CTTACACATGTTCTCG,431
GATAATTCAATATCGA,431
GCCACCTTTTACTTAT,431
TAACCAATTCCAACCC,431
TACCTATATACCTAAA,431
TATAGCTATTAACCCA,431
TCAACGATTCGACACC,431
TGTAGGCTTTAACTTC,431
TTATTTACTGAAAAAA,431
TTTACGACCTATAAAG,431
AAAACTATAACCTAAA,430
AAGACAGGACCTCATT,430
AAGCGGTCGGCTATTG,430
AAGGAGTACAATTGGT,430
AATCATTTCATCCCTT,430
AGACCATTTTGAACCT,430
AGTTGTGGCTCCGTCT,430
ATACAACAGATTTCAG,430
ATACATAGCCACTTAT,430
ATATAGCCATCTGAAG,430
ATGAGAGTGGACACAA,430
ATGTAAGGTACATCAC,430
CAGACAGTAGCATCTG,430
CCACGAAAGGTCTTCA,430
CCCAGCTTGCGCCAAA,430
CCTGCCAAGGTTTACC,430
CTACCCGACTAGTGAT,430
CTTTGCGTACAGTACG,430
CTTTTTAAATGATAAC,430
GACGGATTCATCCCTA,430
GACTAACGAATTATAA,430
GATACTCAGATTTTAC,430
GATCATATAGGACAGC,430
GCAGTCAAAGTATCTC,430
GCCCAAACAGAATCCG,430
GGTTTCGTAATGCTAG,430
GTAAAACCTCCAGCAA,430
TAACCGTCTTACTACC,430
TAACTTCTATAATCCC,430
TCTGACATACACTCCG,430
TGACAGCATAATCACT,430
TGACTGGGACGAATCC,430
TTACATATGAGTAGAA,430
TTTAAATGCCCATTAC,430
AACAATAAGATCCCCC,429
AACAATACATGAATGG,429
ACGAATTCCACGGTAA,429
ACTGACGTCACAGAAT,429
ACTGCCAAAAGCACGA,429
AGGATTTTAATAGATA,429
AGGCAGGCTACAGCAC,429
AGGGATAAATCACACT,429
ATACAGGGATCAACGA,429
ATAGCTTTTTCATCAC,429
CTCCCGAACAAGCACG,429
GGTTTGTCTTGAAATA,429
GTAGGCTCACGTGCAG,429
GTTCCAACTCTACGTT,429
TAAACAAAACATGAAT,429
TAACACAAAAGAAGAC,429
TCACCCGAACGAAAAC,429
AAAGCAAATAGTACAC,428
AATTCGGCCCATACAT,428
AGATAAGGAGCTAGAG,428
AGCTCTTGAACCATTC,428
ATAGTTAACACCGCTT,428
CAGACAGATGAAGCCG,428
CCACAACGTTATTTAT,428
CCGTGCGCCAGCAATT,428
CGAGTCGCACAGTATG,428
CGGATCATCATACTCA,428
CGTCGCACGATTCTGA,428
GAAGCCCATCTAAGAG,428
GACAACAATACTTAGC,428
GGCTGAAAGTACAATT,428
GGGATCTACTAGATAT,428
GTAGGACCACCATAGC,428
TAAATGAATACATACC,428
TAGAATCTGACTCAAC,428
TAGCTACCAATGAAGT,428
TATCAATTTGAGGAAA,428
TCCTTACGACGAAATT,428
TCTGATTGCTACGTTC,428
TGAATCGGATGCACGC,428
TTAACCAGTCAAAACA,428
TTAGGACTCACAAGGT,428
TTCCGACAAGTCAAAA,428
AACCGCGAGCGTCAAC,427
AACGTTTAGCCGTTAA,427
AAGTACCTAATATTCT,427
ACAGAAGGAGAAGGGT,427
ACCGAAACCATCATGT,427
ACGAAAAACAGTGACC,427
AGAAGGCCTCAACCCG,427
AGTTAAAAAAGGTGCG,427
ATAAGGGTTAAACGGA,427
ATAGCACGACTTCGCA,427
ATATCCATTACACAAC,427
ATCATTGAAATTTGCT,427
ATGATTAGAGAAGAGT,427
ATGTAGAAGGACAGAA,427
ATTCATAAGATACCCT,427
CCGGAATAACAGTCAG,427
CGAAAATGTAAAACCT,427
CGTCCAACCTTTAAGG,427
CGTTCATCATGCTATA,427
CTACTAAAGCTAGATT,427
CTTGATAGCCATACAT,427
GATTAGCTCTCTCAAG,427
GGCCGTCAAGGACACT,427
TAAGCAGTTTCCCGAA,427
TACGTAGCGTCTAATG,427
TACTTGCGTCAAGCAT,427
TAGTGTCTTATAAGCT,427
TCTTACTCTTAACAAC,427
TGCACCATGAGAGCGA,427
TGTTAAAATGATAGTT,427
TTGAATACACAACCGC,427
TTGCGTCGCACTAAAA,427
AAAATGAAAAAAGGCA,426
ACATTTACTATTGAAT,426
AGCCTGAGGATCAATT,426
AGGGCAGACTTTGCAT,426
AGTTAAACTTCCAGAG,426
CCACCAGCAATGGAAC,426
CCCCACGGAAAAGCCC,426
CCCCCTACGAGACATC,426
CCCTGTCCTATCGTAA,426
CCGCGATAATTATCCG,426
CCTACGTTTACATTAA,426
CCTATCGATTAAACCG,426
CGATCGCACCTAAGGA,426
CTACGAGGAGAAAGAA,426
CTTCTAATTTGCTACA,426
GAATAAGGAAAATTGG,426
GGACGGAAACACCTTT,426
GGCACTAGCTAACAAA,426
GGCGTTTACTAAACGT,426
GGTATGAATGGTATTT,426
TACGTAGTAGTGAATT,426
TCATATTAAGATTAAA,426
TCGAGGCATAAACCCT,426
TGAGCGAGGACTATGA,426
TGGGCGATGCAGCATT,426
TTACGTTTCAATTATG,426
TTTTTGCATGACATAG,426
AAAATTCAGTACTGAC,425
AATCCGAATGGACTTT,425
ACAAGGGAAGGCATCG,425
ATATACACCTGACCAA,425
ATCAACGGATTAGAAG,425
CAAGGAGCAATACGGC,425
CACGACATCATTAGTC,425
CCCTTTCTAATGATAT,425
CCGCCTATCCAAACCA,425
CGAATCTACCCTCACG,425
CGACTAATCATAGCGC,425
CTCTAGACAGATTAAG,425
CTGTCTTCATTGTCAC,425
CTTCAAAATAATTCCG,425
GAAATTTTCACTATAA,425
GAATCCAAAAAGTAAC,425
GAGTCCGAAGCAGGTG,425
GATAGGATAGCGCATA,425
GCTGTATATCGGCATA,425
GGAACAGACATCGTAA,425
GGTGTACCGGGTAGCC,425
TAGATCCGCTTCGACC,425
TATATGAAGCGCACAT,425
TCCAATAACGGTTCGA,425
TGCGGCTAACCTTCAG,425
TGGTGTCAAAAATCAT,425
TTAGTTCCAGGCGGTT,425
TTCCGACCGCCCCCGT,425
TTGATCGTATCCAGCA,425
TTGTCGCACAGATAAT,425
AAATTTTAACCTCTCC,424
AAGCAACGTCTTCATT,424
AAGGAGACTATAACTC,424
AATAATGATTACGATA,424
AATCTCGTTTAATATA,424
AGAATGACAATGTAAC,424
AGACAACCTCTACCTG,424
CAAATTGTCAAAGCTT,424
CAAGAAACGAGAAATC,424
CCGACATAGAGAGGAG,424
CCGTTCAAAAGATTAT,424
CTAGTGCAAGATGACA,424
CTCAACCTTTAAGCCA,424
CTGTAAGCGTGCACCC,424
CTTAGATGAAACGGAT,424
CTTATCACCAATCAAA,424
GATTATTCGGCTATCA,424
GCAATTCGATTTTGCA,424
GGTCGTACCTACTATC,424
TAAGAAAAAGCACTCA,424
TACTATTAGACCGCAA,424
TACTCAGTACAAGTAC,424
TCAGATATTCAGCCTG,424
TCAGCATTGATTCGGG,424
TGACCATCACCCATGG,424
TTCTATCCTATACTAA,424
TTGAGACATCTGAATC,424
AAGATGCCATTTGCGT,423
AAGCGGTAACGGTCCA,423
AATACCCGCTGGGGAT,423
AATATGCGGTAACGTT,423
ACACTCAATCGTCCCA,423
ACCTCACGAGCAATCA,423
ACGCCCCAGGACATAA,423
AGAATCACAATCGCCA,423
AGAATGGCAACAAAGC,423
AGGACCCACCAAGGAC,423
AGGGGACGTTCCGTAC,423
ATATGCCTACACTCAG,423
ATATGGGCACGAGCTC,423
ATATTCACTAACAAAA,423
ATGTTAATATTGAACA,423
ATTAGGTCCCACCAGA,423
ATTATCCCAATGGACT,423
CACTTGACAATTTTTT,423
CCTATCAATAAGATCC,423
CGACGACTTACTAATA,423
CGATTTTAACAAGTGC,423
CGGGCCGATCCCGTGA,423
GAAAGGGAAATAACCG,423
GCGAATAGGCAGAAGT,423
GTGCTACAGGGGATTT,423
GTTTCCTATTAATCCC,423
TAGCGCGAGATAAAAA,423
TATACCCAAGAGACCA,423
TCTGATGAATCGAACG,423
TCTTTTAGTAGCATCC,423
TGCTCGTGCTGCCGAA,423
TTCCAAGGCTGATCAA,423
AAAGGCTCCCTATAGA,422
AACCGAATGGGTGAAT,422
AATTTATGTCCCTAAA,422
ACAGCTGGAGGGTGAT,422
ACGCAATAACAAAATT,422
ACGCTAAGCAGATACA,422
ACTTGCACTAGTATCA,422
ATAATCCCACACTGCT,422
ATAATTATCTTACAAC,422
ATCCACGATCGATAAG,422
ATGCATTAAACCCAGA,422
ATGTCAAGCTGATGGG,422
ATTCCTGATTATCTGA,422
ATTCTGGATATAGTGA,422
CAAGCCGCACAACCCA,422
CATCAGGATCTGAGAA,422
CCTAATCTTGTCGTAC,422
CTCATTGAAAACAACA,422
CTGGAAAAACACGAAG,422
GAGTACCACATGTAAC,422
GATCCATAATATAAGA,422
GCATTACAAATCTAAC,422
GTAGACGTTCCTACGC,422
GTAGGATCTATCCACA,422
GTGACATTACGACCAT,422
TAGCATCTCATTATAC,422
TATACTGACTTTGAAT,422
TCCGTAGTTATGATAT,422
TCGCAATTATTCACGT,422
TGAAATGAGCCGATAC,422
TGAAGCGCTTAGATCT,422
AACTTTAGTCTGACGC,421
AAGCCAATCTTGAACT,421
ACAGTTAACAACACTA,421
ACATTTGTCTCCCAAT,421
ACCCCGATCTTGCACC,421
ACCCCTCGGACTGCCC,421
ACCCTGTGAAGAAACT,421
ACCTAGCTAATAGTAC,421
ACTTCAAACCACAATA,421
AGGTGAATGAAAACGA,421
AGTAGTCTACATACTA,421
AGTTAAGACCGACACT,421
ATAAGAACAAGGGAAA,421
ATGGCCGAGGATTGAG,421
CAAGGGACACATTTTA,421
CACGCTAAAAAGCACA,421
CAGCTGTGGAACCTCA,421
CATAAATGCATACACT,421
CATCACCTTGCGTCAG,421
CCGCACAGACTAGAGA,421
CCTTGAAGATCTAAAT,421
CGGAAATTAACGAAAA,421
CTACCCTTGGTCAAAA,421
CTTTTTGTCTGACAAG,421
GATTGCATCGTACGAC,421
GCATACCGCCTCGCCA,421
GGATAAATGCAAGATA,421
GGGCAGTGTATATGAA,421
TAACAGTGTCGTATCC,421
TAAGCGGAATTGCTGC,421
TAATTGGCTATAGTAG,421
TAGCGAATGTGATAGT,421
TCAACACCAGATATGC,421
TCACTTGGAGCCAAGG,421
TGAAACAAAATGCTAA,421
AACACTACATAGGGTT,420
AATAAATCTACCTTTC,420
AATCCAGGTGAAACTG,420
ACTCGATTGTCACTCA,420
ATCTTACGAGTACTCA,420
CACCATCCTCTATAAT,420
CACGGTAAACAGTATA,420
CATGATCACGTAGGAT,420
CGCACTACAAGTAGTA,420
CTGTTTCTATGAATAA,420
GAATATCCCCCTAGCC,420
GGTATATACAGTATCC,420
TAACCAGACCATGTCA,420
TCAAAAAAAAGATAAA,420
TCGCGGGAATCACAAA,420
TGAGATCATGCGTATA,420
TGAGTAAAGTTGCTGT,420
TGTGACTCCTGTCAAG,420
TGTTAAAACAATCCCA,420
TTATAGATTTATCCTC,420
TTCGGCCAATAACACT,420
TTGAATAAAATTGTGT,420
ACAATTGAGGTGACAT,419
ACACAAACTTACTTTC,419
ACAGGGTGAAATTCAA,419
ACATTAGCTATGGAGA,419
ACCCTGACCTCGCTTT,419
ACTACAAGGAGACTGT,419
ACTGGTAAAACACGGT,419
AGATATGGATAATATA,419
ATCCAACTCAACTAAC,419
ATTTCCCCAGCTGACT,419
CAAAATTTTGATTCAC,419
CAGGAGGGGTGGCATG,419
CGAATACTATCCTTAG,419
CGCAATATCTGGCTTC,419
CGGGCTACAGCCTGCT,419
CTAAAATTAAATTATC,419
GAAATACCAGACGTTA,419
GAACTTTAAAACGGCA,419
GACAACCCCGACCAGA,419
GACTGAAGAGCACAAT,419
GACTTGTCCCTTCAAC,419
GGACACGATTGTATAA,419
TACACTAATCTTACCT,419
TAGGAACTAAACTATT,419
TATTCACTGACTGGTC,419
TCACTTTCGGACTACG,419
TTTACAGAACAAAACT,419
AAAGACAGTCCTGTGT,418
AAATTAATACCATTCA,418
AACCGTTAACGACAAG,418
AACTTCTATACCCTTA,418
AAGACTAACATATCTT,418
AAGTTCTATCGACAGA,418
AATCCAAGGATTAATG,418
AATTGTATTGGAGGGA,418
ACCCCCTGACACAACT,418
ACGACTTCCCTAATGA,418
ACTATATAAGAACGAT,418
AGAGATTATAGCCTTA,418
ATGTCAAAAAATATAA,418
ATTACCCACACATGAT,418
CATATCAACTTACCCC,418
CATGAACGTTTCCAGG,418
CCAGTATTCTGATGAA,418
CCGGAATTATGGTAAC,418
CGCGGTAAACGAAACC,418
CGCTGAACTAACCTGA,418
CGGCACATCAAATATT,418
CGTATCCTCGGAACAC,418
CTAGCCTAAGCTCACT,418
CTTATACCAAATCTAA,418
GAATACATATAAATAA,418
GCATACTAAGTTTCCC,418
GCGACACCAGAACGAA,418
GCGGAAAAACGTCTGA,418
GCTTACTCATATATCC,418
GGCTTATAGTTTGCGT,418
GGGCCATACAACGTGA,418
TAAATCCGGCTAGCCA,418
TAGCCTCTAGAATTAC,418
TCAGGACAAGAATCCA,418
TGCGGACTAAACGACA,418
TTACCAAGTGATGGCA,418
TTATCGATAAGGCACT,418
AAACACTTTACCCTGC,417
AAACTAGGTTGGACAC,417
AACACAGTAAAGATCG,417
AAGAGTGAATCAATAT,417
AATAAATACCCACTCA,417
ACCTCATGAAAGAAAA,417
ACGTGCAAAAACTTAG,417
AGTTAACACTTCCCTT,417
AGTTATGGGCATATCG,417
ATCGCAGTAGACAGAT,417
CAGTAGTACCACAGCC,417
CATAACACCCATAGAA,417
CGAAATGGAGTACGGA,417
CTAACAATACTGAATT,417
GATAATCCAATCAGAC,417
GATAATTCATTTAATC,417
GATGATAAGAATCAAT,417
GCCAAGCTATGTAACT,417
GCGAAGAACGACGCAT,417
GCTATCGATTTTACCA,417
GCTGATTAACTGAATT,417
TACTCCTAAAATTTCA,417
TAGTAATCGTCGTTCC,417
TTGTAAACCATATCAA,417
TTTAGCATGCGTAACG,417
AAAAAGCAAATCTTAC,416
ACCCGTGTCCAAACAC,416
ACGAAGCCCCGTCATA,416
AGATTTACACTGTAGT,416
ATAGTCCGTAGAAACC,416
ATGACCTAATATGAAT,416
CACTAACGGTGCACCG,416
CAGAACTTTCGTGCGT,416
CAGTGCCCAGAATGAC,416
CCCCGAACTGCGTACG,416
CCCCTAAAACAACGGT,416
CGATCAAACATCAACT,416
CGGACCGTCCGCTGAA,416
CGTAACAGCCACACTC,416
CTACTTTTAGTTGTAG,416
CTGCAATATAGACCTC,416
GAAATTTTCGATCAAA,416
GACAGATTTACAGTGA,416
GAGTCCCCACTCGGAG,416
GCGTTGAAAACAAGCG,416
GTAGCGACTAAGGAAG,416
TAAATCTTAAGACAGC,416
TAACCTCGGCATCCAA,416
TAACTTGACATGATTT,416
TAGACCGGCGAGAAAA,416
TAGTCGATTTCATGTG,416
TATAACCCGTCGTACT,416
TGCCGCATAAGAGCTG,416
TGGACTGTCCCTTACG,416
TGGTAATAACACTCAA,416
AAACGAAAGTATAGAA,415
AACATTCAGCCAATTC,415
AACCCTTAATGAACAG,415
AATGAGCAAGGATCGA,415
ACAAATGCTCATCAAA,415
ACGACAGTACAAGTTC,415
AGACAACAATCTGTAC,415
AGATATAAAGACCAAA,415
AGGAACTCTGGGAATT,415
ATGAATACCCGGCTGG,415
ATGTCGGCTATCGTAT,415
CAACCTCCAAAACTGA,415
CAGAACATTTTAATCC,415
CATGTCTTAAAGACCT,415
CCATTCCAGGACTCAT,415
CCGGGCGCCTCCAATA,415
CCTAAGTTCTACATGA,415
CTACGATACTTCTATG,415
CTATAATGCTGCAAAC,415
CTTCCTTTAATATGGG,415
GAAATCATTGCATTAT,415
GAATACCCACCAGACC,415
GAATACTCCTTGAACC,415
GCCACATCTTCGATAC,415
GCGAAATCCGTTCAGT,415
GGGGTCCTAAAAATAA,415
GGTATAAAAACGTAAT,415
GTAACGACGGGAACAC,415
GTATACAACATACAGT,415
GTGGACAAATCACCAA,415
TACATGTGAATGTGCA,415
TAGGTGACCATACTAT,415
TATCCTCCCCCATGCC,415
TGAAACAGCACGCAGA,415
TGTTCTCTTACATATC,415
TTGCTTAAAGCTGTTA,415
TTGGAAACACTGAAGG,415
AAAGCACAAAGCTATA,414
AACTCATGACCCCGTA,414
ACAACGGGACATAACA,414
ACACACATACACAAAA,414
ACAGTAAAGCTCATCA,414
ACCCAGTTAAAATTAT,414
ACTATTATACCAGATT,414
AGAGTAACGACTGAGT,414
AGATTTAAGCAGAGCC,414
ATAGTTCAGGGAAGCA,414
CAAGCAAAAAGTTCAC,414
CACCGAACTAATCGCA,414
CAGCACCATGCATTGT,414
CAGTGAAAACTGACGA,414
CCAAAAACAGTGATCT,414
CTGTAACGCGAAACGT,414
GACATTTTAAGAATCC,414
GATGCATCGCAGATCG,414
GCGAAATTTCCTTTCA,414
GGGAAATAAAGCAATT,414
GGTCATACGACGAAAA,414
GTTGTCATCGACGTAG,414
GTTTTAGGAATCATGA,414
TACAAGCCGACAGATA,414
TACCTATGGCCAATAT,414
TATGCCACCCAGACAC,414
TGAGCCCTTTCAAGGA,414
TGTGATGCGCTGTAGT,414
TTACGTAATACATCAA,414
TTTGACAATAACTTAT,414
AAACTACGACGATAAA,413
AAAGCATGACTTGAGC,413
AAATTTTCAAATTCCG,413
AACCTAGCGTAACTGT,413
AATGACGACCAACTTA,413
ACAGAGCACAAGTACA,413
ACCGAAGTCAAAACCA,413
ACCTCCACATAGCCAT,413
ACTCCTCCAACTAACA,413
AGAGTGAAACAAGTGA,413
AGGCAAGTTCCAACGC,413
ATAAACCAATATGAAC,413
ATGCCGTGACAGTTAA,413
ATTAGTTAGTCCATAC,413
CATTTTAACGAATCAA,413
CCCTTAACATCAGAAT,413
CCGCTGCAGTAATCTA,413
CCTCACTTAGTCACGC,413
CCTGAGGCAGTGACCA,413
CGAGACTGAGGACAAT,413
CGTCCTCGATACTCAT,413
CTAAATCGCGTGAAAT,413
CTCATATCTATATACA,413
CTGCAATCACATAGAA,413
CTGTGCCTTAAAGACT,413
GAAAACCTTCGTACCG,413
GCGCGGCATAAGAAAT,413
GGCATTTATCTACAGT,413
TAAGCACAGGAGTGCC,413
TATCAATGACAAAGGA,413
TATCGATCCATGACGG,413
TCGGTCCCTAAAAACT,413
TCTTGTCCGGTCAAAA,413
TGCCCGCACAAGAATC,413
TTGATTGACCGCCAGG,413
TTTTGCACCAATCATT,413
AATTGGACAAGGACTT,412
ACCCAAATCCGGTCGA,412
ACTCTTGCGCCGTAAC,412
AGAATATATTAGGAAT,412
AGCCTCAGTTTCGTCA,412
AGCGTACATCTTGATC,412
AGTCACCTATGGATGC,412
ATATTTAGGCGACTCC,412
ATCCGTGATGATACCA,412
ATCGAAACTATCACAA,412
ATTCCCTGGACAGTCC,412
ATTGCATTACTCCCTA,412
ATTTAATTCTAAAACT,412
CATCAAGCAAAGGACT,412
CATCCTGAATAAGAGT,412
CATTATAGACTTAGGG,412
CCACCAATGAAAATGA,412
CTCGATAAGCCCTACA,412
CTGCTTATACACATAG,412
CTTACTTAAAAGCAAT,412
GCCCAAAGCGGCCAAA,412
TATTAAGGTAAGACTT,412
TCATTCCGTTAGCACA,412
TGAAATGGTCAATAAT,412
TGATCAAAAATCAGAA,412
TGGCGATGGATTAATT,412
TTAGAAACCCAGAAAA,412
TTAGCCGAACGATCAG,412
TTGCCCAAGCGTAGCA,412
TTGTGCAACATATGTA,412
AAAAACAAAACACTTC,411
AAAATATTGATATGGC,411
AACGAGCATTATGCCC,411
AATTGATATCTGGGAA,411
AATTTCTCATACGAGG,411
ACCACCATAACTAGTT,411
ACTCGTACAATACTAA,411
ACTTGCAATATACCGA,411
AGAGATATACGTGATA,411
AGCGGTTAGGCTGGAA,411
AGGCTGTTTGACGAGA,411
ATAAAAGTAAAGTGAA,411
ATCTCTTGGACACTTG,411
CAACACAGATCGGTCC,411
CAGAGCTCATTAGGAA,411
CAGCAGTATGTGCCCC,411
CAGCCGGTCAGTTAAC,411
CCAGTAGAAATTCATT,411
CCCCAACGCCATCAGT,411
CCCTGCGGTCTGTTAA,411
CCTTAGAACATTGACA,411
CGATCAAGAAGTTAGG,411
CGCTATTAACAAAGCA,411
CTAGAAAATACTTGAT,411
CTAGGCGACGCACACA,411
CTTACTAACAGAGTGT,411
GAAACATTGTAACCTT,411
GAACCTCTCGCTACCT,411
GACATAACGCTCATGT,411
GACATGTCCTCATAAT,411
GACGAAAAAGGCGTAC,411
TAATTGCGCATCGCAT,411
TATAATCAAAGTTAAA,411
TCATTACCATCTATAT,411
TGATACTGTCATCGCA,411
TGGATAGGCGTTCAAA,411
TTCATGGCGAGTAGCC,411
AAAGTGTAGGACATAA,410
AAGGAACACTGAGCAA,410
AATAACCAGTCCAGAG,410
AATACTAAAATGCCTC,410
AATATTAACAAGCTTA,410
AATTACTCGTCAGACC,410
ACACAGCATTTTACAT,410
ACGCACCGAGTTGGCT,410
AGCACAACCTAAAATA,410
AGGGGGAAAATAACTT,410
ATTCTTGCAGCATACA,410
CAATAATTCCACGTCT,410
CAGAATTCGCAACCGA,410
CCAGTCAATTATTCAT,410
CGTAACGTTACACTAC,410
CGTACCCATCCAACCC,410
CTACGAAGAACTTTAT,410
CTGCTCGCTGAAATTT,410
GAACGTCGTTGATTAG,410
GACACTCATAGCTGTA,410
GCGGTATGAAGGTGCA,410
GGGATCTGGTCTTGAA,410
TAAACATTTCAAGAGT,410
TAGGCCAGCTAAGGCC,410
TATATAGCAGAAAATC,410
TATGCGAAATCATTTA,410
TCCTACCGAGGCCACA,410
TCTCGACTCGAATACG,410
TGGCAACTGGACTGAT,410
TTATCTATGCCTAAAC,410
TTCACCAGCGTGACCC,410
TTTGCTATAAGCGGGA,410
AACAAAACATCTACCC,409
AACATGTTTTAGTCAT,409
AACTCGACCCGCATAC,409
AACTTGTATTATGGTC,409
AATTATAACATTAAGC,409
AATTATGCCCACGAAG,409
ACATCTAGTAACATCG,409
ACATTTTCAATGCCAC,409
ACGATAGAGAGGCTAA,409
AGAGGTTGTATAAGAG,409
AGATTACAATTATAAG,409
AGGCTTTGCAACAAGC,409
AGTAACCATTGCAACA,409
ATAAAAGTCGTTCATA,409
ATCCATCCGAAATGAC,409
ATCTGAGCTTAGTCGT,409
CAACATGGACGATACC,409
CAGACGTGTCGAATCT,409
CAGTTAGAGCCCATGC,409
CAGTTTAGTAATCATC,409
CATTGCCAAGCCTTTT,409
CCACGTATGGAATGTG,409
CCAGCGCAACATCCTA,409
CCAGGACGTAACCGAA,409
CCATCTCCCAAGGTGG,409
CGAATAACAAGGTTTT,409
CGGACACTCCGGGTCT,409
CGTCACGCTCGAATAC,409
CTACTGTCATAGCCGA,409
GACCTACTAAAACGAA,409
GGATTCAGTGGATTCA,409
GGGAGGAACCCCACAT,409
TAAGTACGTCAAGAAA,409
TACGGGTAATATTTGA,409
TATAAACTTCGACTAT,409
TATCCATCACTCTCAA,409
TATTTAACCTAAAAGC,409
TCAAACAGGATCCGAT,409
TCGCCTGAATACGTTC,409
TGACGAGAATTGAACT,409
TGTCCTAAGAACATCC,409
TTACAACTACAGCCTC,409
TTATTCATTCTGTACC,409
TTGTGCAACCAGAAGC,409
AAAACATATTTACAAT,408
AAGCTTATACCCGAAT,408
ACTATAGTATCAGATT,408
ACTCGGTACTCATGTT,408
CACCACAACTACATAC,408
CGCTAATAGACCGCTA,408
CTACAAAAACTTTTAA,408
GAAGAGGTCCATCGAA,408
GATTCTACCTCAGTAT,408
GCAGTTATTATAAAAA,408
GCGGAGTTTGCGTAAC,408
GGAGGCACACAAGACT,408
GGCAACCAAATGCAAC,408
TACTAAAACACATAAT,408
TATTTGGAAAGGGCCT,408
TTAATATTTACTCCTC,408
TTGAGTCAGGACCTAG,408
TTGGCCACTTGCAACT,408
AACCAAGTTTAGATAA,407
AACGCTTGGACCGAGT,407
AACTAGGTCTAGCACC,407
AATCATCTCCCCTTTT,407
AATTAAAAAAGAGTAG,407
ACAGCAAATGATATAT,407
ACTCCATAATTCACCC,407
AGAAAACCAGGCCATA,407
AGATTGACGGAAGCCC,407
AGGCTCCGGCACAGCG,407
ATAGCATAGGGAGCAA,407
ATATTATATACAGAAT,407
ATTAGCATTACTATAC,407
CACGCCTTTCGAAATA,407
CACGCTTAAGTCTTAA,407
CACGTACAAACTTACC,407
CATCTATTGGGAGGGA,407
CCCTATCATGATAAAC,407
CCTCCATTTCCGAACG,407
CGAGTTTGAACACTCC,407
CGCTACCATGAAATAG,407
CGTCACATAACAAAGG,407
GCCGACCTGAAATTCG,407
GGTTTAAACTACTTAA,407
TATCCTATACAGAGAC,407
TATGGTTGAGCCATTC,407
TCCAACTGTTACGATC,407
TCTCCCAAAGCTTGCG,407
TCTCTAGCGTTTTACA,407
TGAGTAGACTTCACTA,407
TGTACATGAAGGACTG,407
TTAGACGTTAGACGAT,407
AAATGTCCTCGGTTCT,406
AATAAAAAGAATGTCG,406
AATACTACAAAATAAA,406
ACAACATAGACATAAA,406
AGAAAAAATAAATAAC,406
AGATACAACCTAGATC,406
AGCAAGACACCTGAAA,406
AGCGCAGGCCCTCGCA,406
ATACAAATCTGTAAAC,406
ATCTGAGCTGAAGGTG,406
ATGGAAATTCACACCT,406
CACTCCCAGTGGGAAC,406
CATAGAGATCTATAAC,406
CATCAGCATGAAGCCC,406
CCTCAAATCTAGACTC,406
CGATACGCGTATGACC,406
CTGAAAGTGACGTCGC,406
CTGTGTGACCTCTCAT,406
CTTTGTCTCGTTAGGA,406
GAACCAGGGGGATTCG,406
GCCTCATCACGCTCAA,406
GCTAATCACTGAGAAC,406
GCTTAAAATCTATAAC,406
GCTTAACCAGCGATCG,406
GGTCGTATGAGTAAGA,406
GTACACAAGCTGACTA,406
GTACGATTGCGGTTGG,406
TAAGGCCGCTCCAATG,406
TAATCACTTATCTAAT,406
TATGAGCCGGACATCA,406
TCAGGCTTCGATAGAG,406
TCAGTAAAATGATGAT,406
TCCCTCATAATTCTGA,406
TCGCCACGATAATCTT,406
TCGTAACGCAACATCA,406
TGACTCTCGGCCCTGA,406
TGAGTAAAAAAAACTC,406
TGATGTAACGCTGAAA,406
TTACTAAGGGTGGGCC,406
TTATTTGTGATACGGC,406
TTTACCGATTGATAGA,406
AATAAAGCTGGACGAT,405
AATACCAACCTCCAAA,405
AATTCAATGAAACTAA,405
AGACTCCAATCTTGGT,405
AGCGACAACATATTGC,405
AGGACAGGGTGAATAG,405
ATTCATCACAGAATGA,405
CCATTCCTAAGCCCTG,405
CCCAACAATTACAGAA,405
CCGGAGGACTACCTAA,405
CCGTTAAGCTGTTACT,405
CGCAAGTATACTCCGA,405
CGCCAATTATACCTCG,405
CTGCGAGTATAGTTGT,405
GAAAACCGAATCCGTT,405
GAGAAAAGCGTTTGTA,405
GCCCACAAGTAAATCG,405
GCGTTTCAAATGTTCA,405
GGCCATTCTTGGCCGT,405
GTAAATTCGCTACCTT,405
GTAAGTTAGTCGGTGC,405
GTATAACCCTGCAGAT,405
GTATTGTAACCAAGCC,405
GTGACTTGCCGTAGAC,405
GTTACCCGATCAATCG,405
GTTCTCAGGCTGACAT,405
TAAGGTGGAGCATACG,405
TAGAGACAATACATGC,405
TATTTGGTTACTGTAA,405
TGAGTACGGTCGCCCA,405
TGTCCTATGTACATTA,405
TTCCCAAAAAGACATG,405
AACTGGCAGTCATAAT,404
AAGTGAGACTCCCAGG,404
AAGTTACCCGACTTGC,404
AATAACATCAGTTAGA,404
ACAACTTATGCCTTTA,404
ACACAGCAGTTAATAT,404
ACTCCTCAAGGTTCTA,404
ACTTTTTTATAAGAAT,404
AGGAAAAACCGTAGGA,404
ATAACGAGCCTTTATA,404
ATCGCACCCGAAACTA,404
CACAGACCGGTATCCG,404
CATCATACGTCCCTAG,404
CCAGGGGTTAACTGTA,404
CCCCGTAACGCCTCTT,404
CCGGAACATTGTAACT,404
CGCATAAATATTGAAC,404
CGCCCTTCATTTTGCA,404
CGGTTCTTGCAATCGA,404
CGTGATCGCTATAACG,404
CTAAATCAGTGATAAG,404
GAATAATTAATTTGAA,404
GAGGGAACCACTACCG,404
GATTTGCTAAGGGATA,404
GCAATGGTTTCGAGCT,404
GCCAACAGGAAGAATA,404
GGATCACCCGAACATA,404
GTCCAATCCTTCATTT,404
TACACTGCTGAAAGGC,404
TCCAGACCTCTCATAG,404
TCGTTGGACCTCTACC,404
TGAAACGTCCCATCGG,404
TGAGAACTAAACAAAC,404
TTACCTTAACCAGGCG,404
TTGATAATACAAACTT,404
AAAAACTCGCGTCCTC,403
AACATCAATAATACGA,403
AAGCGATGATAGACCA,403
AATGCAATACCAACGT,403
AATGCGTCAAATCTCG,403
ACAGAACTAAAAGTAA,403
ACCCGGCAACGTAACA,403
ACTGCATTACTTGTAA,403
AGCCTAAGGCGTTCCG,403
AGCGATGGCATACAAG,403
AGCTCCTTCGAAATAG,403
AGTATACACGTCACCA,403
AGTTAATACTAGGAAG,403
ATATATTCCACAACTC,403
CAACGATTTTATTTCA,403
CAGAAATTAGGTATAA,403
CCTACCTAATCTCGTT,403
CGACAGGATGGACACC,403
CGCTTGCTAATATTTG,403
CTCAAGAAAGCCCATG,403
GAAAAACAAAAGCGAA,403
GACCATCCCAGTAAAC,403
GATCGGGATATGTAGA,403
GCGGAGGTACACAAAA,403
GCTTTGTAGAATTAAG,403
TACAACGAATGTCAAC,403
TACGAGTCACATATGC,403
TACTTCTCTCAAACAG,403
TAGAGTGGCCCGGATG,403
TCATCCCTTCCCCGGC,403
TCATTAACCGAACTAA,403
TCTACACATGATGGAA,403
TGAATACTCGCAACCC,403
TGTCTGCCCCTTTGAG,403
TGTGAGAGATTACACA,403
TTAGGACCTGTATTGA,403
AAAACTAAAACATCGG,402
AAAATCACGCATATCT,402
AAACACTAAAACAAGA,402
AAAGGCCCTAAAATAG,402
AAGAAAAGTAAATTTA,402
AATCTGCAAGCCATTA,402
ACATATAATAACCCTA,402
ACCTTCCCCAACGCTA,402
ACGACGTAAGTCACCT,402
AGCAAAGGGTTAGAAA,402
AGTTCACAAAGGGTAA,402
ATCAACTGACCCGGAC,402
ATCCTGAAAGTTACAC,402
ATGCAATCCAAACTAC,402
ATTTGAGATAAAAAAA,402
ATTTTAAAAGGACTAA,402
CACTATTCTCTAGATG,402
CATGAAACAACAACCT,402
CCTTCCCTACCCCTAA,402
CTATTATCCAGATACC,402
CTCCATAGCAAGAACA,402
CTTACAAAAAAGGATT,402
CTTCCCTGTCCCAAAT,402
GAAATTAACAAAACAC,402
GAACAACTAAATACGG,402
GACAACAACTAACAAC,402
GCAGCTTCACACGACG,402
GCGGTGCCTATAGCAA,402
GGCAGTACATTGGACT,402
GTAGAATCGATCCCTA,402
TCATAAAACAAGACCA,402
TCATTCTATATTACCG,402
TCTAAAAATATGTGCA,402
TCTCCGACCTTATAAT,402
TGATACGACTGGATTC,402
TGCCTAATGTCTACTT,402
TGGCAATGTTAATTCC,402
TTGAGAACGTCTCTTC,402
TTGCTCATAGCTCTCT,402
AAGCCGCCTAACCAGT,401
AAGCGGTGCGCTTACT,401
AGACCCTGTAGTACCA,401
AGGACACTTCGTATAC,401
ATACCTAGAGCATAAA,401
ATAGTAATGCAACATG,401
ATCATGACATACGAAT,401
ATTAACATTATCTACT,401
CAACAGATTCGATTCT,401
CAACCAAGCAGAAAAA,401
CACTATATAATATCCG,401
CAGGACCATAACTAAG,401
CCAAGTTAGTTTAATA,401
CCGCACATCCCCATTA,401
CTCAATCAAACAATTA,401
CTGGCGCCACGACTTA,401
GAATATCGAATAGGTA,401
GAATTATTATACACTT,401
GGAGCAACCATTGTGT,401
GGGGCAACGAACGCAA,401
TAACGCAGTCGAGGAA,401
TAGCATACCGAGTCCC,401
TCCAAGAAATGTCAAT,401
TCCTCACAACCTTTTA,401
TGAACACAATGATATA,401
TGCAAAGCTGAAATCT,401
TGCAGAGCAATACTAC,401
TTGTGACACATCCACC,401
TTTAAATGAAAGAACA,401
AACTTATATAATTCAT,400
AATTTGACAATCGGGT,400
ACAATTAATGGTAAGG,400
ACAGATGAAAAATTAG,400
ACAGGACACAACAGCC,400
ACGGTATGTGGAAGAT,400
ACTTGAATAATGGGAG,400
ACTTGCTTATGGGAAG,400
AGAACGGTAGATAGGG,400
AGATTAAAATTTACAC,400
AGCCCATTCATGGAAT,400
AGTCCACTGTCGAGAA,400
ATAAAGTTGAGCAGTA,400
ATATTAAAATACACGG,400
ATCATACTCGCCTCAA,400
ATGTAATGATCGGTAG,400
ATTTAGAAAGTCAGTT,400
CACTATTGGTCGCCTG,400
CAGCCTGGACCCGTAT,400
CAGCGTTGAAACCCCC,400
CCCCAAATGCCTAGAC,400
CTATCAAAACAAAGCT,400
CTCAATGCTTCAAACC,400
GAAGTAAAATCTAGCA,400
GTCGATGCAATCGTTT,400
GTCGCATCCGGTGATT,400
TACAGAACTATCTCAA,400
TACGGGATATAGGCTA,400
TATCGCACAACTCGCG,400
TCGTAGGGGTAAACAA,400
TCTTTTTAATACCAAC,400
TGCAAGGCCCAAACCA,400
TGGTTGAACGTGGTTT,400
TGTATTGACTTTTTTC,400
TTGTTACATTCGATAA,400
AAAACCTCGTACCCAA,399
AAATCACGACTACACA,399
AAATCTTCTCATTCAA,399
AACAACAGTTGGCCCT,399
AACAAGGGTGCTGAGG,399
AACCCCTATAATTAGT,399
AATTAAAAATGAGAAA,399
ACGACCGGCTTACGTT,399
ACGACTAAGCCTTACT,399
ACTTAATAAATGAACA,399
AGACCGCCGTATGATT,399
AGCTAAAGCGGGAACG,399
AGCTTCAATCATTACA,399
ATAGTCCTGGTATTAA,399
ATTTTTTGAAAGTGTG,399
CAGCCATAACACTTAT,399
CCTCTTTGGTCGGCTA,399
CGACACATTACCTGTT,399
CTTTAATAGTCTCGGG,399
GAAGTGCTACATACTT,399
GAATCACATGGCTTAA,399
GCTTACGCAATAAGAT,399
GGATATCTTCTTCATC,399
GGCTCGCAAGACAAGT,399
GTCACTTGATGCTCTA,399
TATTCCTGAACGCACA,399
TATTGACCCATTAATT,399
TCCCTTGGCACTTGGC,399
TGTTAGCAGGCAAGGC,399
TTCAAGCCAAAATCGC,399
TTCCGCTCACAGTTTA,399
TTGTCGCAGGATTATG,399
AAACTGGAATACGCAC,398
AACCACGCTTTCCTCC,398
AAGACTGCGAGATCCA,398
AAGATTGCCTGCGATA,398
AATATCTGCCTGCGCT,398
AATCGAAGGATTAGAG,398
ACAGTGACCATTCTAA,398
ACCCATTAATTCCTGG,398
ACCGACTAGAACAGAG,398
ACTCTGAGAACAAAGA,398
AGCATCTCATGATATG,398
ATAAATTATCACGTGT,398
ATAGTCAATGGTGGAC,398
ATCAACTCCTACTCAC,398
ATCCGATAAGTCCTAC,398
CAGAAATCTCCCTGCG,398
CAGCCTCCCACCGGTC,398
CCCCTACAGCCCGGGA,398
CCCCTCATCTGCTTTA,398
CGAAGCACGGCATTAA,398
CGCCAAGTCATACAGT,398
CTCACTAACTGCGGAG,398
CTGGGACAGAAGATCC,398
CTGTTTGCCGCATAAT,398
CTTGAGCGTATTTACT,398
GAAAACTATCAGAGTG,398
GAGGTGACGTCCTAAA,398
GATTTTCCACCCGATT,398
GCGGAGTTACCCAGAC,398
GCGTATTGGAAACACA,398
GCTTGAATGAGTAGTA,398
GTTCTCAGGCCCGAAT,398
TAGAACGGTGATTACA,398
TATCACTATGAAAAGC,398
TATCAGGAGTTGCCCT,398
TATGTACTGGAACGAG,398
TCTCACCAAACAACAA,398
TGAATGACGAGCACAT,398
TGAATGATATGGTGGT,398
TGCATGAAGACCAACC,398
TGTACCTATACTAAAT,398
TTAAATATACACAAAT,398
TTACTCTATGCTAGCA,398
TTGTTAATACGTACAC,398
AATCTACACCGAACCG,397
ACAAACAAATAGAAAG,397
ACAAATCATCGTAGCT,397
ACACACGAAGGGTACA,397
ACGCGATCGAGCACAC,397
ACGTGACTTAAGCACG,397
CATTATCAATACAGCT,397
CCATCAAGACGTAACG,397
GACCCATGCGGATGAA,397
GCGCTGAACAAGCCGT,397
GCGGAAAAGACAGCAT,397
GGAAAAAATAAAACCC,397
TACAAAGCTTCAATGA,397
TACTCAACACCCCCCT,397
TCACACAAATGTGAAG,397
TCAGAAAACTTATAAG,397
TCATAATACATCAGAT,397
TCCTACAACCGGCGAG,397
TCGACCTGCATCTGTA,397
TCGCGCATATTTTATT,397
TCTAGGATACCTACCG,397
TCTGACAGCTTAACCG,397
TGAATCGTTATCAGAG,397
TGCACCAAACCCAGAG,397
TGCTATAAGCTCTGCA,397
TTCTGGAAAAGTACGG,397
TTTCTCACAATTACCG,397
TTTGCGATACTTCAGC,397
ACATATGACAGCTAAC,396
ACATCCGGTTAAGTCA,396
ACTAATCAATACATAT,396
ATAAAACGATGGACAC,396
ATACGAATTACCCGAA,396
ATACGGTAATTACCAG,396
ATCTCGCCTCGCTTTA,396
CAGAGCGTTACCAAGT,396
CAGCCTGATTACATCC,396
CATGAACAAAGTCACG,396
CCTATGTAACTGCAAA,396
CGACCCGAATAGCCAA,396
CGAGACTGCCTTTACC,396
CTCACTTTGATAACCG,396
CTCGAAAAGACAAGCG,396
CTGACGAAACTGCGAA,396
CTTAGACGAAGTTCTA,396
GAAATATGATCAGAAA,396
GCGGAAACGCACTAGT,396
GCTGATAAATATACTA,396
GGAAAAACAATCTTGG,396
GGACCACTAGACACGT,396
GTCTAACCACAAGCAA,396
GTGTCGTCGAGGAAGA,396
TATGCAATTACTAAAT,396
TGCAGCAACCAAGTAG,396
TGGTAATCGATAGAAG,396
TTAATTTGGTACATTA,396
TTCCATTAAGAACTGA,396
AACGCTCACAAGGCCT,395
AACTGCCAATTAAAGC,395
ACAGAGTTGAATCACG,395
ACGGAGACATATGCAA,395
ACTATTCAGTGAAAAC,395
AGCAAGAACATACTGA,395
ATATCACCTTCTGCAA,395
ATCTTCGTCGACACAA,395
ATTAAATCGGCGAGAC,395
CAATCGAAAGCCTATC,395
CAGTGTCAAAAGCGTT,395
CGAAAAACACAGAATA,395
CGACAGCATACAAGAA,395
CGGTAAACACCACCTA,395
CTACGAACCATTTACA,395
CTAGCACTCAACTGAA,395
CTCCAATACTAGTTCT,395
GCCCCGACCATAATTA,395
GCTACGCTAATTTACG,395
GTGCACTTAGGGTATC,395
TAATAAATTAGGCCAT,395
TAATTAACTAGCCAAT,395
TACCTGTAAGGTACAA,395
TAGGACAATTCCTTAT,395
TAGTTAAACTCCTTCG,395
TATACCTTACTCCGTT,395
TCAGGAGAGAACTGGG,395
TCCATACACAAAGGTT,395
TCCTAAATAACTCTAT,395
TCTAAAGAGAAGGAGT,395
TGTCATCCCGCCGTAT,395
TGTTGAGAATGGCGAC,395
TTAAAATGGAACTTGA,395
TTACGAGGGAAACCTA,395
AAACGTGTTAACACAC,394
AACTACATGCCAAAAG,394
AATGACCAGGAAAAAT,394
ACCCATAAAGCTTGAC,394
AGACAGATATGAGGAT,394
AGCGGAAGAAAATAAT,394
ATGCCTTTCCCCACTC,394
ATTCATAAAGCAAAAA,394
ATTGGATGCTGTAGCT,394
CCAGTGAGCATAAAGG,394
CCCGGGTTCAACATAT,394
CTCATACATGCAAACA,394
CTCCGGTTAGGGAGAT,394
GAAAATGTAAAAGAAT,394
GCTAGTCTCCTGACAT,394
GGCCCTTAGTTAGCCA,394
GGCTAATGACGGCCTC,394
GTTCAAAATATAACTG,394
TAAGACTAACACCCAG,394
TAAGATGACGCTTCTG,394
TCATAGTTTACCTCAT,394
TCATCGCGTACCTTCT,394
TCCAAGAATCAACACG,394
TCTTATGTAAGAGGCT,394
TGTCCAGCAACATTTC,394
TTTCAACTTGATACGT,394
AAAACCCTACGGGGGA,393
AATCTTATTGCCTGAG,393
AATGAGAAAGTTGAGC,393
AATTATCATTTGACTT,393
ACAGGCGAACATTACG,393
ACCAGTCTACTAAAAG,393
AGAAGCATTTTTATCG,393
ATACATTTAATGAACC,393
CACTTCAGAGCGAACA,393
CAGCAGACTAACTCCC,393
CAGCTAAAGAAACTGG,393
CCCAGAATGGCGTGCA,393
CCTGTAACAATACTAC,393
CGACATAGCGATGTGC,393
CTAATAGTTCTGGATA,393
CTCTTCGGAACGATAC,393
CTGTATATATAGGACG,393
GACCAGAGGCAGAATT,393
GACCCATGGTCACACA,393
GAGGTAAAAATTAGGA,393
GATATTACGGCGTCCA,393
GATTTTCATCGTTGGG,393
GGAGCGGAAAAGCCAG,393
GTCCATATATGCGGAT,393
GTCGCCGGCTATATTT,393
GTTATTACGCTATGCG,393
TAAGAGACAACTAGAC,393
TAATCCTCGAAACTAT,393
TACTCGGCTTTCAACC,393
TAGAAAATTTATACAG,393
TAGCGGCTTAAATTAA,393
TCATCGTAGCGTAGCC,393
TCCTATGGATCCTCGC,393
TGAAGGCAATTCAGAT,393
TTGCTCCGTGCGAATG,393
AACCACACAGTTACTA,392
AACTTCGACTCTCGAG,392
AATACATGAGGCTTAA,392
ACAATTTGAACAATTT,392
ACTTGAGTGGACCGCT,392
AGTCTAATTACCTTCA,392
ATAGATATCACAGTAA,392
ATCTTGATGACCCACA,392
ATGATGGGAGGACCTA,392
ATTAAGTGGGCTTGAA,392
ATTCGACGAAAAGGAT,392
CAATGTACTAACTGGT,392
CAGTAATTAGAGAATC,392
CCATGAACTGACCCTT,392
CCGATCTAACCGCTAT,392
CCTCCTAAAACATGAG,392
CCTTAATAGCGGATGC,392
CGGACCGTACCAGTAG,392
CTTATTTCTCCACGGT,392
GAAAATATTAAAACGC,392
GAATGAAAAACTAATG,392
GAGATCCACTATAGAA,392
GGTAAACCAAGGCTTT,392
GTCGCTTTAAAAAAGA,392
TATCCCTGAGTTTCAT,392
TATTCCTAAACATCAT,392
TCAAAAGTTTATATAT,392
TCCGGCTACAACTAAC,392
TCGCCCGGAAAAACAT,392
TCTCATTAATCTCGTC,392
TGAACTCAGACAAAAG,392
TGAAGCCCGCGGGGGC,392
TGAAGTAAAGCTTCCA,392
TGCAAATCGCTAGGGC,392
TGCTCTCCGAGGTGTA,392
TGTGTATATCTTTCTT,392
TTACAAGCAGCTATTC,392
TTCGTCTTAATGGGTT,392
AAAAACTTAAACACGA,391
AACAAAAATGTTTCGC,391
AAGAGAGTACATTCAT,391
ACAGACGTACGTTCGA,391
ACATCAGGCTAAAAAT,391
ACCAATCCCTGTGCAC,391
ACCAGTGGGCAAGCAG,391
ACCGCTAAAAACACGC,391
ACTATGGCTCTAAATG,391
ACTTATAAATGTAATT,391
AGATGAAATTATGAGT,391
AGCAAGGATAACCTCC,391
AGTCTTAATTAAAGCA,391
ATAGATTCTGTTGGAA,391
ATAGCAACGCAGACAA,391
ATAGTGATACAATCAA,391
ATCGTAGACTAAGAAG,391
ATGTAGCATATCTTAC,391
CCCACTTTGGTACAAT,391
CCTTATATACTTCAAA,391
CCTTTGGGGTCTGAAT,391
CTCTGATCATAATCAT,391
GACTAGCAATTCAGCG,391
GCATATTAAATTAATT,391
GCGTTATGCCTACGCT,391
GGATTATAATAACTTC,391
GGCGAAAATCATCATC,391
GGGTAACACTGGTATC,391
GTATGTCCTGACCGCA,391
GTCGAATCAGTAGCGG,391
TAATCCTTGATTGTGA,391
TCCACACAATGTCAGA,391
TCCACCTGGCACTATA,391
TCCTTGCTGAAAATCT,391
TCGCTGACGTTAACGA,391
TGTGTACAGGGCGTAT,391
ACAATACGCTGGTGCA,390
AGAATAGATGAGCAGT,390
AGCCTCAAATAAGCCT,390
ATAACTGCCCAACAAT,390
ATATCCCCCGTGACAG,390
ATCAATGAACGCATAC,390
CAACAAGAAGTAAATA,390
CAAGCGATAACTAAGT,390
CACAATCAAGAGGAAT,390
CCAGCCTGAAACTAAC,390
CCTCGAAAGAGTGAAG,390
CGACCATTCATGACGA,390
CGAGATCATCTGAAAA,390
CTCATACTCGTCATTG,390
GAACAAATATTAAAGT,390
GACCGAGCAAAAAATC,390
GCACTCAGACCTGTTA,390
GCGAATTAACACATCT,390
GCTATAGATAGCGAAA,390
GCTATTATCGAGTACG,390
GTTAATGGGGAGTTAT,390
TAAGTGTGCTACAATA,390
TACCCATTAAACAATG,390
TAGACAGTCGGCCAAA,390
TAGGATAGTAGTTAAA,390
TATGGAGTAAAAACTG,390
TCAACGAGCTCAACGT,390
TCAGGACTCATCCACT,390
TCGACAGTCAACCAAA,390
TGACTATGATTAACCA,390
TGGAGTATTACTTGTC,390
TGTACAGATCAGATTA,390
TGTCAATAATGATGTG,390
TGTGAATCTAATAACA,390
TTCATGTTTGGTTATA,390
TTCCATTGGCAACCTT,390
TTCCCGAAACAGATAA,390
AACTCATAAGGCGACG,389
AAGTCCAATGTACTCA,389
AAGTGATAGTAACTTG,389
ACAGATTCACTCTTGC,389
ACCACGTGAGATTATA,389
ACGCACCGGTGTACAT,389
ACGGATATCTTGAAAA,389
AGAGACGTTATAATCA,389
AGAGTTTGGTAACGAA,389
AGCCGCGCGGAATTAA,389
AGTAGACCATCCAGAG,389
AGTCCATTATTAAAAT,389
ATACCACATTTACCCT,389
ATTAATTCACTAGAGG,389
CAAACAGGAGGTGACG,389
CACAGACCTCTAACAA,389
CCCAGTTATTTTGATC,389
CCCTCAAAAGTTGTAA,389
CTAAACAGCCTAACAT,389
CTTAGGTATTGCTTGT,389
GATAGAGTAACAAAAA,389
GCGCTTATTTATAAAG,389
GGAAATAGCGAATTTT,389
GGTGCTAAAATATAGA,389
GTTGATTGAAGTTACC,389
TATGAAAGAACTACTA,389
TCCTGCCCCAAAACAA,389
TCGAAGGGATATACTG,389
TCGGGACCCAAAACAA,389
TGACGATAACTGAAGG,389
TGTTTTACCCTCCTAG,389
TGTTTTGCCTGTTAAG,389
TTACATTCAGTTTACC,389
TTGAATGAGCCCAGAT,389
AAAGAATCACTTAAAG,388
AAAGAGCACTCACGAC,388
AACAAATTGGCGTATT,388
AACAGAATACTATCGG,388
AACGAAAACCGCACCA,388
AACGTACTATTATGGT,388
AAGAACATCTTTGGGA,388
AATCGTCAGCCCGACT,388
AATTGATTCCAGGCGA,388
ACAATCCCTATACTTA,388
ACAGATGTACACCCAC,388
ACATATAATGTAACTA,388
ACTCCTCGTCATACCT,388
ATACATTATATTATTT,388
ATCCATGAAATTAAAG,388
ATTCACAATTAGTATC,388
CAGGGCAATGACAATA,388
CATACCTTAATATACA,388
CATACTCCCGCCCTCA,388
CCACATACTTTTCAAA,388
CCCTAACATTTTCAAA,388
CCTGAAGTAAAAGGTT,388
CGCTCTTCTTAGGAAA,388
CGTAAGACCAAAATCG,388
CTAAGGAAGGTACCAT,388
CTCTCTTTCAAATAAG,388
CTTCTTGTCATGATCG,388
CTTGGCAAAAAACAAA,388
GAACAAAAACTTAATG,388
GACTAAATTCTAAAAG,388
GAGCCATACAGTATTT,388
GATGAGTTCCATGAAC,388
GCCGAAAGGCCAACAG,388
GTGATGATAAATACAA,388
GTTGTTTAAAGTGGCG,388
TATATCATCAAGACCA,388
TCCTCGTCTCAACATG,388
TCGAAAGTTCTGGTTA,388
TCGAGTTTCAGATAAT,388
TGGATGACCTATCCTA,388
TGGCAAGAACATCATC,388
TTGAATTTCGATACAA,388
AAATAGCTACGGACTC,387
AACATATGATGCATAG,387
AACGATCAATTCGTAT,387
AATACGAGTGCGCTGC,387
AATACTCATAGAATCA,387
AATTAAGAAACGTTAA,387
ACCTTGGAGATTGTAT,387
ACTATTAAAAAGCGGC,387
AGCTGTTAGGTAAACA,387
AGTCGCAATCACCTAT,387
ATCCGAATCGCGCTTA,387
ATGATTCAATTAAGTA,387
CATATGGGCAATTCCC,387
CCCAGAATTCATCGCA,387
CCTGAAAATCCAGATT,387
CGATTTAGCCCGTGAT,387
GAAATGCATAATATAC,387
GAACTCAGGGGAATGA,387
GACGACCCCCACAAAA,387
GGGTTTCCTGAAAGTT,387
TACTGCAATACCCGGT,387
TATAACCCAACAATCC,387
TATGCCAAAAGATTAG,387
TGCAGAAAATGAATTT,387
TGGACTGAACGTTACA,387
TGTTGTTAACATATAA,387
TTAATGGATTGCTCGT,387
AACAAATCAAATTCCT,386
AACTCTGCACGAACAA,386
AAGAACTCTAAGATTA,386
AAGTAACCAATTTACT,386
AATAAGAGAAGTATAG,386
AATACCCACGAAAAAA,386
AATCACATCTCCTTAT,386
AATCCTCCGCAAGCCT,386
AATGAAATCGTGAACT,386
AATTCTAACGACACGA,386
ACATCCTTTGTTCAGT,386
ACCCGTTCTATGCGAG,386
ACCTGGTCAACAGCCA,386
ACGACAGCTTTGAATA,386
ACTCTGTCTCCATAGC,386
AGAAAACCTTCACCTG,386
AGAATTATAGCGATGT,386
AGTGTAGAATCTGGAG,386
AGTTGTTAATCTGCAT,386
ATATAGACTGTGGATA,386
ATGCTACTGTTACATC,386
ATTAAGGATTGGCACA,386
CAGCAGGTTGACGCAA,386
CCGTCGGTGAAATGAT,386
CGGTCACAGCCTAAAC,386
CTCAATATCAAATCAA,386
CTTACCCTCCAGCCAC,386
CTTTGCCACCACTACA,386
GAAGTAAAAATAACAA,386
GCATACCAATCATCAC,386
GGTCAAACTAGCCTTG,386
GTCACAGAGGTTGAAT,386
GTCTCGAGATCTTAAT,386
TAATATCTATGATTAT,386
TAGGTAAACACCCACC,386
TAGTAAGGGCAGAGCC,386
TAGTACATATTCTATT,386
TATAATACACCATTGT,386
TATCGAATAAGTAACA,386
TATCTGACAAACCGCA,386
TCACAACGTACTAACA,386
TCATAATAACACCGAA,386
TCCGAACACCTAATAA,386
TCTCCAGTCCCCGTTC,386
TGGGACTCGCGTCAGC,386
TTAAAACCAAGGGACT,386
TTAAGATGGTGTTTTA,386
TTATAGGCATTAGATA,386
TTCCGTAACTGTGAAT,386
TTCTGCCACTATTTAC,386
AAGTGCAACACCCGAT,385
ACCCAATAGTACCAAT,385
ACTATCTCGTAAAATA,385
ACTGACAACCTTAATA,385
AGTAGAGACAGCAGAT,385
ATTACCAGAGTAGCTT,385
CCAAGCCGTTCACCAC,385
CCCATAAATAATTATC,385
CCGCCCGACAACCATA,385
CGACCCGACAGACTTG,385
CGGCCTGGATCGACAG,385
CTCATAAGACGACCCC,385
GACCTTAATTAGGTCA,385
GCCGTCACACATCAGC,385
GGCGCTGAGAAGAGCC,385
GGGACTAGTTATACTA,385
GTACTTAGCTTGAACG,385
GTTTGATGTTTCAAAG,385
TAAGAATCTGGTTTGG,385
TCCATTCAAAATACTA,385
TGAACGAAAATATACT,385
TGCACACAATTAAATA,385
TGTAATACTCTATGTG,385
TTAAATAGAGCTAAAA,385
TTAATTATAGGGATTG,385
TTTCCTATAGCGAATT,385
AAAAACGATTCTCGCT,384
AAACATTACTAAAGAC,384
AACGCTACCACGATGA,384
AACTAGCTAGTTAAAA,384
AATCATACCATAATGT,384
AATTCTACACAATCCC,384
ACCGTTCTTGATAAAT,384
ACCTTCCCCAAACCAG,384
ACTAATCCTTTGTAAT,384
AGCAAATGTCATATAA,384
AGTAAAAAGAAGAACG,384
ATCACGGGCCTATGAG,384
ATCCCCATGACAGTAA,384
ATTTTTGAACAAAAAC,384
CAACTCTAGCCTGAGA,384
CAAGAGTCTGGCCGCA,384
CAATAAAAGCTCAGTG,384
CACGAAAGGCTCCAAC,384
CATCCGCCACCCATAG,384
CATCTGTTGCCCATTT,384
CATGTGATCTGCCCAG,384
CCCCCGCGAACTTTAA,384
CCGCCGCAAGTAAGAT,384
CGCCCAAACATTAATG,384
CTAAGGTCCCAGACTA,384
CTAGCTATATACAATC,384
CTGACAGGCCCACTTC,384
CTTTTTAGTAAAATAT,384
GAAAAAGTATGCCTAT,384
GAAAATGAACACACTG,384
GAACCGAACGAGTGGC,384
GAAGGAAAAAACACCA,384
GAGCTATAAACTCCCA,384
GCTAAACAAAACGTTA,384
GGTCGTGACCGTTCCA,384
TACCTCAGGAGCCTAA,384
TACTAATCAGAATAAG,384
TAGGCAACGTCACCCA,384
TATTAAATATTACAGT,384
TCAGACGAAACCACAC,384
TCAGCGGACCCGCCCA,384
TGAAAAATAAGAGAAC,384
TGATGTAAGATATCGT,384
TGTGACGATACATCAA,384
AATAAATCGCCACACG,383
AATGCGTATCGCAGAA,383
ACACCACGTCCCATCC,383
ACTTCATAATTTGCAT,383
ACTTTTGCTCACTCAC,383
AGTCTTGAGTCAATAG,383
ATATTCAGGGCTAGCG,383
CAATAGATCACTAGCT,383
CAGAGCGCAACTTGTA,383
CCGTACAAATAAGGCC,383
CCGTTTAGCAGGTCAT,383
CCTGTATGTTGAGTCA,383
CGCCTGTCGAGCGACT,383
CGTTTAATCAAGGCCA,383
GACATGAACTACCTAG,383
GACTTATGACAATTTA,383
GATAAGGGTGATTACA,383
GATCGATAATCAACCT,383
GCCTGAGGTGTTCGCT,383
GTCGCATCCACACCTA,383
GTCTTAATACACTAAG,383
GTGAGTCAGAAAAAAT,383
GTGCAATACTCAGATA,383
GTGCGCAGTTACAGAC,383
GTGTATCAGTACAGGA,383
TACACGTTTAAAATAC,383
TACCTTATCCTAAGAC,383
TCGACGTCCGTGAAAC,383
TCTACAGGTTAAATCT,383
TGACTACTAATCATGT,383
TGCCATAAATACTCTT,383
TTAACGGCCTTGATAT,383
TTCGAGATTCGCAACC,383
TTCGATACGGCTAACA,383
AACCAGACTGTCAAAT,382
AACTCCCAGGAGCAAG,382
AAGCAACCCTTATGAT,382
AATGTTCTCCATAGCA,382
ACACCGAGGGCCAAAA,382
ACCTAAACAGCATATA,382
ACTTTGATCCATAAAT,382
AGCAACATGACCGTTA,382
ATACCACCCACATTGG,382
ATACTTTCGACGCCCC,382
ATGAGTGGAATAACAA,382
ATGTTTACAATTTAGT,382
CAATGTTTCCTTAAAT,382
CATCCTCGATAAACAA,382
CCATCAAACAACACCC,382
CCTATACAGGCAGATC,382
CCTTAAAAAGGATTCG,382
CGGACGCACGTAATGT,382
CTTAGATGTCAATTGC,382
GAACCAGAGTGAGTAA,382
GAAGGGATTTACCACA,382
GAGTACTCCACTCACG,382
GATATCAGAATTACCA,382
GCGCAACAGTACTACA,382
GCTACACGTCCAAACT,382
GTGATAGAAACCAGTG,382
TAACAATATTGGACAA,382
TAAGAGCACGGGCTGG,382
TATACTGCACACAAAA,382
TCAATCCTCTAGCAAA,382
TCAATGCCGCTTAGAA,382
TCCTTCAGCCCAGATT,382
TCGCACATAAATTCAA,382
TCTCAAATTAGCCGGT,382
TGGATACTAAGATCAT,382
TGGGCCCTCCACAAAA,382
TGGTAAACATCTTGAC,382
TTATATGTTTAACATC,382
AAAGAAAGAGATTATT,381
AACAGTAAATACCTCT,381
AACCCTTAAACACATA,381
AAGTCAAGTCACAGAC,381
AATATGGTTCTCTGAC,381
ACATTTTGTAATAATC,381
ACTCTAACTACTAAAA,381
AGTAACAACCGACGAG,381
ATATTGCCCCGAACCA,381
ATCCCTAACTGCCTGT,381
CAAAGAAATAAAAAAA,381
CAAGTATAACCAAAAG,381
CACAAATACTACAGAC,381
CACTAAATCTCATCTA,381
CAGGATCAGACACCTT,381
CCAAGTCAAAAAAGTA,381
CGTGCGTCCTAAGAAT,381
CTAATTACAACATTCC,381
GAAGACGAACCCCCGA,381
GATAGGCTTATTATGG,381
GCATGTGCATAAGATG,381
GCGCAATTTGTTCGAA,381
GCTACGTTTGCAATAC,381
GCTTCGATTCCAAAAG,381
TACCGCCTAAAAAACA,381
TCCCTCATTGCAATAG,381
TGTTCAGATATGATCG,381
TTACGCCCCACATTAT,381
TTCGCAATAATTTACG,381
TTCGCTGTGAATATAA,381
TTGGTAAAAAGCTAGA,381
AATTCTTCAATCGCAC,380
ACAAACGTAATCGTCC,380
ACACAGTAGAGAATAA,380
ACTAGAAACTTATCTA,380
ACTTGATGATAGAGCG,380
AGATTGACCTAATCGA,380
AGGGCCGACTAAAGTC,380
AGTGAACAATTGCTAC,380
ATATGTTTACCGCAAC,380
ATCCGACTCATACACG,380
ATGATGGTTCACATTT,380
ATTTCACAATATGACA,380
CACGACCGACCAAATT,380
CACGCCCCCAGAATCC,380
CGATTCCTATAAATAG,380
CGGATGAAGGAACACC,380
CTCAGTACATACATGA,380
GAATCACACGACGAAT,380
GCCAATGTAAACGACC,380
GCTTGTGAGTAACCCT,380
GGCCAAACCGCACCCG,380
TAGACGACATTTAGGA,380
TATAATTATATGCCAC,380
TATGATTCCCCGGTCA,380
TCATAGAGGCCATGAA,380
TCCTCCACTTTACATC,380
TCTAATGGGGATAACA,380
TCTAGACGAATGTCCT,380
TGCAGAAATCAACATT,380
TGGAACCCATAATATG,380
TTAGATACTTATCGGA,380
TTTACGAATATAACGT,380
TTTTATGAATCCTGTA,380
ACAACAAACATTGCCA,379
ACAATCATAAAAGGAT,379
ACAGCGACGATAATGG,379
ACCGTCAGAAAACGCG,379
ACGAAATCAAACATAA,379
ACTAACAAATAATTCC,379
ACTCGTTAAAATGTGA,379
AGATAAGTATATATCT,379
ATAACAAAGAAGGGTG,379
ATCTTGTAAGACTCAC,379
ATGAAAATAGATGATA,379
CAACTTAATACTTATG,379
CACAACATGGTTGGGA,379
CCCGACCACATACTTA,379
CGAATAAACAGCGCGA,379
CGCTAAATTATGAACA,379
CTAAAAACATTTACCC,379
CTAGGTCGCACTACAA,379
CTAGTTATCCTATCAA,379
GAACCGTAACGCTCAA,379
GATCTAAAAATTCATA,379
GATTGTATATAAAGAC,379
GCGTAAAACGAAATTA,379
GTCGGGTCGAAACATC,379
TAGTAGTAAAAAAGGT,379
TCACGACGAACCTCAC,379
TGACCATAACCAAGAC,379
TGGCGATATACAATAT,379
TTGTTTGAAAGTGCTT,379
TTTTGGTCTGAAACAA,379
AAAATGAAAAAATTTA,378
AAACAATGACTAGAAA,378
AAACCCGAATCACATA,378
AACAACTTAATCATAA,378
AAGACCACTGCATTTC,378
AATAACGACAACCACA,378
AATATTAGAAACTCCG,378
AATCTAAAAAATGTAG,378
AGACCCCGATCAGCCA,378
AGGATCCAAATCGTAA,378
AGGTTCTGGAAATCTC,378
ATATGGTTTCTCGCTC,378
ATCATAAATCCAGTAT,378
ATCATTGCATCAAACA,378
ATCTCCGGCCTTTTCA,378
ATGACCAGACGAGGCG,378
ATTACTAAAAATATAC,378
CAAAAAACTATCACCA,378
CTAATCTAATCCCCTT,378
CTCTCGAGACTCATAG,378
GAAGATCGTCGCCGTT,378
GAATCAACATGACAAC,378
GACGGGCGCCAAAGTA,378
GAGGAACCTAACCAGC,378
GGGAAATTAACATCGC,378
TAACGTAGACCCAAAG,378
TAAGACGAAAATTATC,378
TACTAAAATCCAATGT,378
TCAATAGAGTATCGAT,378
TCAGATAAAAAGTAGC,378
TCTATAAAGAATATCG,378
TGATATCCTGTCGAAA,378
TGATTAATTAGAAATA,378
TGCAACAAGCGCGTAG,378
TGTAATTTATCCGACG,378
TTCAAGAATAAGTCTC,378
TTTACAGTTGTCATAA,378
AAGGGGTAGCTTAACC,377
AATAATATAGCTAGGG,377
AATGTCTTGGAAAAAT,377
ACAGAACCTACGATAC,377
ACCGATGACGCATTCG,377
AGATGTTCAAGCTATT,377
AGCGCAGGGCCCCATT,377
AGGTATTCAGGAATAG,377
ATCAACCAAGTGAGAT,377
ATCTAACTTACATAAA,377
ATGACGGATTATTTTT,377
CAATCACTTGAATACC,377
CATGCGTTCCAAGATA,377
CCACATCTTGACGTAT,377
CCCTTGCCGGGAAAAC,377
CGTTACGCAACCGATC,377
CTATATAATAAGATAT,377
CTTATTATACTCTGAT,377
GAAAAACGAAATAACT,377
GAATTAGCTAATAGAC,377
GCAACGTTGGAATATT,377
GCACCGCTACAACGAC,377
GTACGTCATACCTTAC,377
GTAGGAATCGCGTCCA,377
GTATCTTTGCTTATGC,377
GTCTAGAATGATCTTC,377
TAACTATGATACTCTC,377
TACTAATCATTTTAAA,377
TATAGAGCTAAACACA,377
TATGACCATAATATAA,377
TCCATTAAACGGAGAG,377
TCGCCAAGCCGATTAA,377
TCTTTTATTAGAAAAC,377
TGCAGGCATGTACGAA,377
TGGACCGACCATCGCA,377
TGGTAAAACTAATTCT,377
TTACGCATATAAGGAT,377
AAAACGAATCCATTGG,376
AAAACGCATGAATGTA,376
AACATAACTTTTTAAT,376
AACGCTCACTCTCACT,376
AACGGACATTAGCTAC,376
AATACCATTCGTCGCT,376
ACGACGGTAGAACGCC,376
ACGCTTTTGATTAACT,376
AGAATGCTATACCTTA,376
AGCCCATATGAGTAGG,376
AGTAAGATAAGCTGCA,376
AGTACTAATCAAACAT,376
ATGTGAAGGGACAAAG,376
ATTGCACTTAATTGCG,376
CAAGAAAAGCTGCTAT,376
CAGGCTCCATTGCCGG,376
CATAGGCTTAATATAA,376
CCTTGTACTTATGGTA,376
CTAAGGACAAAGGCAC,376
CTCTCGAGCATGGCCA,376
GAAAACAAAAAACTAC,376
GAATTTTAGACGTTGA,376
GACTTGTACTGTATAA,376
GAGAATCCAGGAGAAG,376
GATATGAGCGTATCGA,376
GATCGAATGACTAAGT,376
GCACAGTAATACTATC,376
GCATCATGACCCCAAA,376
GCCAATATTATCCGTA,376
GGGAAAGTCACTAAAA,376
GTAATATTGGCGGCAA,376
GTTAAACGGAGCGCAA,376
TAAGGACCATGTCGAA,376
TACTGATATTAAATAC,376
TATGCGTGGGCCAAAA,376
TATGCGTTTGACATAC,376
TGTACGTTCCGTTCGA,376
TTAGCTGCAGACCTAG,376
AACCAAATGGACTAAC,375
AACCAGTCCCCCTAGC,375
AAGTTAGAATGTAACT,375
ACGCGAATGAAATTAA,375
ACTGCAGACAGAGTCT,375
ACTTACTCAAATAAAA,375
AGAAATGCATGGCATC,375
AGACACCTGTACACGT,375
AGATATGCTCCGTACC,375
AGTGCGTTGGTAACAC,375
ATAAGATATGGCGACA,375
ATAATGTATGAAAAAG,375
CAACAAAACACGAACG,375
CAAGAGTGATACGATT,375
CCCACCCGCGCAACCA,375
CCTAAGCTAATTTTTG,375
CGAACCTACGTGATTA,375
CGACTGAAGCGTCAAT,375
CGTGAAAAAGACACCC,375
CTAATGCATGTGTGTA,375
CTCCGGCTTTTTACCT,375
CTCGGCGAATAACACG,375
CTGCATTAACTAAAAT,375
CTTAGGGTACTACAGG,375
CTTGAGCACCAAATAA,375
GCAAGCAAGGATTTAA,375
GGAAGGATATTATGTC,375
GGACAGGATAATGAGA,375
GGCAATTATGCAAACA,375
GGCCCATCCACACGAC,375
GGTGACTTACCTGGTA,375
GTAATGATAATATACA,375
GTTCGAACGCTAGACG,375
GTTTTAAGAAATAACA,375
TACCAGCTGACAGAGT,375
TACTTTTTGTGACCGA,375
TCATGCCTTGACAAGG,375
TCTATCTGCACACGAT,375
TGACCTCAAGAGGAAA,375
TTAACCTATGCAAAAA,375
TTACCGGGTACATGCC,375
TTGAGCAATATCCGTC,375
AAGGTCTCTGGCAAGA,374
AATCAAGGAGCATCAT,374
AATCGTGGAAGGAGAT,374
AATTAACAGTTCGAAA,374
ACACCTACTTCAGCCG,374
ACCATGCCGAGGAGTA,374
AGAACTTCAGAATCTA,374
ATAGAGTTACGCAACG,374
ATATAGGGTTTTCAGC,374
ATCACATTGTCCATTC,374
ATTTGAGCACCCGTAA,374
CAAACGTTCGTCAAGT,374
CAGCATACAGTCAAGA,374
CATTATACATGGTACA,374
CCCGTCATACCTTTTC,374
CCGACTTCTTTGTCCC,374
CCTCTGTATGTATTTT,374
CGAAATCACAGAATAA,374
CGATTGTCATAATTAT,374
CGCTATCTAACGAGAG,374
CTCGATTGAAATAAGA,374
GAAATAGCACGCAGAT,374
GAACCGATCAGAGAGC,374
GAACGATCCCAAGTGC,374
GACGGTCCTGATCAAT,374
GCGATTCGTTGAAGAT,374
GGATAAGCATGGGCTC,374
GGCAACATAAATTTAA,374
GGTTATCTGCCCCACC,374
GTAGCCAAAAGAGGCT,374
GTTACTAAAAACAAAC,374
TAACTACAAATAGCAC,374
TAATGACCTAATATCA,374
TAATTTAATCCTTACT,374
TCAACTACCTCCTCGA,374
TCGTGAGCGCTATCAC,374
TGTAGCTCCAGGTAAA,374
TTACCTGACAGAGCTG,374
TTTACCAACAAATATA,374
AAAGCTAAGTTGCCAG,373
AACATCAACCATAAGC,373
AACCAAAGAAGTACTT,373
AAGCAGTCCACATTAA,373
ACTCGTTTCCTTTTTG,373
ATATGCGGGTTGAATG,373
ATCAATGCCAGCACTC,373
ATTTAATGCTTAAGTG,373
CAAAGCTTACAATCTG,373
CAAGCTACGCAATTAC,373
CACAATCCAATCGTGT,373
CACCAAGCTTATAATA,373
CAGCAATCCATATTAT,373
CATCGGAGTTACTTGA,373
CCGGAAGTAGAATTTC,373
CCGTGCAATGTAAACA,373
CGATCCATACCAGACG,373
CTACAATCTAACACAA,373
CTTGTCTCACAGAAAA,373
GAAACTATAAACCTAA,373
GACAGTAACAATACAA,373
GATGCGACATTACCTG,373
GCACCTGCGCTAACGC,373
GGATTTCGACAAAATC,373
GTAAATGCTTTCTCAC,373
GTAACCTCGAGATCGA,373
GTTATAGCCCTATCGG,373
GTTCTTTAGCTCCTGA,373
TAAGAGTGCCCCAAGG,373
TAGCTCCTAGTCTGTT,373
TATGACCCAACAAGGT,373
TCCCGGAAAAAATTCC,373
TGTGCAATCAATAGGT,373
TTAAAACCCCAAAACA,373
TTAACAAGAAAATGAC,373
TTACCAGAACATAAGC,373
TTCACCAAAGAAAGAA,373
TTCCAACACGAATAAC,373
TTTCGATAACGTATAT,373
TTTGCGGACTAGGAAG,373
TTTTAAATTTCCAGTA,373
AAAATTTCAACCCCGG,372
AACACACTTTATCACC,372
AACTATAGCAGATGCA,372
AAGGATACCAAAAGCA,372
ACCGACCGGGATAAAG,372
AGACATTATTAAGCCC,372
AGCCACTAAGTCGAGC,372
AGGATTGCCCCTATTT,372
ATAAAGAAAATGGTCC,372
ATTGGCAACATTTCCG,372
ATTTTACTGTTACATA,372
ATTTTTACGAAGCCTT,372
CAATGAGCCTCTCAGG,372
CAGGATGTCTGGATTT,372
CTACTAGGATTTATTA,372
CTTCCAACGCAAATAT,372
GAACGTAATATTGCAC,372
GAAGAACACCACCAAA,372
GCCGTTGATCGGGAAT,372
GGAAGTAGGCTATATA,372
GGACAGAGACTGCAAA,372
GGATAATGTGGGACCG,372
GGTGCTGTACCGAATA,372
GTCAACAAACATGCTA,372
GTCAGACTTCCCTTGA,372
TACGAGAGAATCCCAC,372
TACTCTCCCTTCTTAC,372
TCATACCTAACCGACA,372
TCCTTTTTAGTATAGT,372
TGGTACAGATAGTGGT,372
TGTATCTCGAGAACGA,372
TTAAGGTTAACATAAT,372
TTATCACTTATACGGT,372
TTATTACATCACAATG,372
AAAACCATACTGTGAC,371
AAAACCATCCATCCAA,371
AAATACTGAGACGAAG,371
AACAAAACGCCGTATT,371
AAGCACGTAATACTGT,371
AATTAACGTGTTAGGC,371
ACCTGAAAACACGCTA,371
ATCCATTCGAATGCGA,371
ATTAAGTTCTAACACG,371
CAGAAGAGATACACCA,371
CGACTGTGAAGCTTTA,371
CGACTTTTGTTATTAA,371
CGCAAACCGAAATGTA,371
CGGTTCAGAAGCCATC,371
CGTACATATAACAATG,371
GAAAACATTAAACCAA,371
GAGAACTCGGACTCAA,371
GAGGCTCGCTTCATAT,371
GCAACCAAACTTTGTC,371
GGCGACCACATCAAGA,371
GGGGGCGATTCAGCAC,371
GTATGACGTTCCAACC,371
GTCTCATACAAAAGAG,371
GTGATACGTGACCCCA,371
TAATTAAAAGAAACAA,371
TCTCTCTGTGACTAGG,371
TGAAAAACAGAAAACT,371
TGAGTCAAGATGTGAT,371
TGGACCCTCGACAGCT,371
TTAACCTAAAGAAATG,371
TTACCGCAAAGAATCT,371
TTGCAGCCACAGTATT,371
AACATACAGTACAAGA,370
AACTACTCAATAGATA,370
AAGGGCCGAAATGATC,370
ACTTACTTGATCGGAG,370
AGACCACCTCAAACAG,370
AGGGTTAAAAATAATA,370
ATAATCTTTTCACTGA,370
ATTGATATATACTTAA,370
ATTTCTACGAGCAAAA,370
CAAGATTAATTTGCTC,370
CACAGCATATACAATA,370
CAGAGACGAGCCCTAA,370
CCATAAAAAAGATGAC,370
CGGAATAAAACCCTTA,370
GAACAAGAAGGAAACT,370
GACATACACGGAGTGG,370
GATTAAGATCATATGG,370
GCAACTTAATGAGAAT,370
GTAGCCACCAGAGCCC,370
GTGTCCCCCTAACGTC,370
GTTGGAAGCCTCTAAG,370
TACCTTTGTAGTGTTA,370
TAGCGCTTGAGTGGTT,370
TCCATCTTGACAAAGT,370
TGAACTATTCTGAAAA,370
AAACTATAACCCATCC,369
AAACTCAACACCAGAA,369
AACACATGAATCTGCA,369
AATTCAAAACTACTTT,369
ACAAGATTTACCAGAA,369
ACCACCAGTTAACTAA,369
ACTCGTGAACGGCAAT,369
ACTTTCCAACTAAAGT,369
AGAAAAATTACGAATC,369
AGAACCAGTAAAACCT,369
AGCCCTGATATTGGAA,369
AGCGCTACACGTCCAA,369
ATAAATCAATATCCCA,369
ATAATCGATGCAGCCT,369
ATACTCCAAGCGCTCG,369
CACACTTTGATCGAGC,369
CACCAAGCTGTAAAAT,369
CAGCACTGCGATACAA,369
CCCGTTATCGGGGCCT,369
CGGTCCCAATCCTCAG,369
CGTTAATAAAAAATGG,369
GAAAAGATGACAAAAT,369
GAAATTCGGTCAATAC,369
GACCAGGCCGGGTCTA,369
GAGACCGTATCCTCTG,369
GAGTCCTTATCTTGTT,369
GATACTAACAATAAAT,369
GATTACAAAATCCTTT,369
GCTATAAATATTTAAA,369
GTACCATGTATATTTA,369
GTAGAGACGCTGCGAT,369
GTTTATGGACCATCCA,369
TCCGAATAATACACCC,369
TGACGAAAATTACTTT,369
TTGAAAAAAGTCTAAC,369
AAACACCAAACCTGAA,368
AACGACTAGAAAAAAT,368
AACGTCACCAAAAATT,368
AACTGAAAAAGACTCC,368
AATTGGATTATGATAT,368
ACCCCTCATACTTAAA,368
ACGTGTTGATCGAAGA,368
AGCGCCCATCCCACTT,368
ATAATTCGAAAATAAC,368
ATACAATATGCTAGTC,368
ATTAATACAGGAATTA,368
ATTCGACCTACTGCTG,368
CAGAAACTCTAATGAA,368
CAGCCCATTACTTTTA,368
CCCAAACACCTTCACG,368
CGAAAGCAGTCACTAG,368
CGGCCTAACAAAGAGT,368
CTCTCTGTAGTTCCAT,368
GAAAAGTAAGAACTAT,368
GAAGAACTACAAGTTG,368
GGTTATAGAGTAAAAA,368
GTTAAAGTCTGTCCAC,368
GTTTTGTACTACGATG,368
TAGATATGGAAAGAAC,368
TATTCAATCATCTAAC,368
TCTGATATCGTGCCAA,368
TGTACCCATCTCCTCT,368
TGTGACTAGTTGCAAG,368
TGTTCTATACGGTTAC,368
AAACGGAGACTGAGCG,367
AACAGAGAATAGGGCG,367
ACAATAACGTATGGAA,367
ACATTGGTGCCTAAAG,367
ACGCGCGACTGTGCCT,367
ACTTTCCTGCCCACGG,367
AGACATTGATAGACTG,367
ATAAAAAAATAATTGG,367
ATGTTTAGCGTCACAA,367
CAAAGATACCGTTGGA,367
CAATAGCATAATACCA,367
CACACACCTAAACCTA,367
CATAAAGCGATGGGTA,367
CATATTACGAATCCCA,367
CCACCCCTGTGTCGCG,367
CCCGATAAATGATAGC,367
CCCGTATGTGATACGG,367
CCCGTGCTGATACCTC,367
CGAAGAATGGCAGGTT,367
CGATGAAATAAACAGG,367
CGGTTCGATACGCTAT,367
CGTTCTGAAGTGCTCT,367
CTCTAAACCCGAAAAG,367
CTTAGCATGATCGAGC,367
CTTGCGGACGCACACA,367
GAGTACATGATCAACC,367
GATAGCGCCAAGAGGA,367
GGGAACTAGACGGCTC,367
GGGGGCCGATACACTA,367
GGTTGCTCCATAACAC,367
TAAACCTCAAGATACA,367
TAATTAGGCGCACACG,367
TATATAAAATGACTAG,367
TATCCGCAAAACACTT,367
TCCATCGCCAAAACCA,367
TGTATATACCGGAAGA,367
TGTGGTCAGCTCTTAG,367
TGTGTTAGTTTCTAGA,367
TGTTCACGCGTTTTTC,367
TTATGTCATACGGAAA,367
TTCAGATAATAAGCAG,367
TTTAATGCGACTCTGT,367
AAATGCCATCAGGGCT,366
AACCCTAAGTCTTTCG,366
AATTTGTAATAACGGA,366
ACAAAGCTAACTTCAA,366
ACAGCAGACATACGGT,366
ACTGTTAACCAAACTT,366
AGCCCAACCCCAGAGA,366
AGGTCCACATTCATGT,366
ATCACTAGCTGTCTAA,366
CACATAAGCTAGTTAG,366
CATTAAACAAGAGTCT,366
CCAACCATTAAACATC,366
CCATTTCTGTCAAAGG,366
CCTAGACCTGATACCG,366
CGTAGTACGAGCAATT,366
CTCGACGTTATAGTTA,366
GAAGCACGTGAAAGCG,366
GCAATCAGTCAAATGA,366
GCACAGCAGAATTGTA,366
GCCGTAAAACACAAGA,366
GCTGTAACAGTAATTA,366
GGCCAAAACAACATCC,366
TAGTCTTTGATACATG,366
TAGTGCGTCTACGACC,366
TATGTAAAACATCCGT,366
TGAAGTAACCTCCCGA,366
TGCTAGTCGAGGTATA,366
TGGACTAACGTACAAA,366
TTAAAGAAACCAATCA,366
TTGGGGATATTGCCAA,366
AAATGCGGGTTATCAA,365
AACAGGGCGATAAACT,365
AACTCCTCGAATTATG,365
AAGCAATTAACACTTT,365
ACTAAGTTAGCTAACA,365
AGAAAATATGTATCAT,365
AGGAATAAACCATTTA,365
AGTCGAACTAGTTGTT,365
AGTTTGATAACATACT,365
ATAATCCTGGCCCATG,365
ATGACGAAAACTCCCA,365
CAACCTAAACTGGCCT,365
CAAGCGAAAACTAATA,365
CAGGATAGCCAACATC,365
CATGGGATTCTTCACA,365
CGACCTATAACGTTCA,365
CTGAACAGGCACTTGA,365
CTGAAGGAATACTCAG,365
CTGATCATCCGACTCC,365
CTTCAGATAACTATAA,365
GATGAGGAAATTTAAC,365
GATTCCAATCAGAATA,365
GCCCCAAAATGACATC,365
GCGATAAAGACATACG,365
GGCTGTCACCTTATAT,365
GTACATTTCGTCTGCT,365
GTAGACAAACTAGACA,365
TAACCAGAAGCATCTG,365
TAACGCAACGCCGGTC,365
TAATTATATACTATTT,365
TAGTGATGAGTATTCA,365
TATCCTTTTGCACGCC,365
TATCGGACCCATGTTA,365
TATGGTCAAAAGACAG,365
TGACCAACCTTTTTCG,365
TGGTTTAGGCACACAG,365
TTACCTAGCCACCGAT,365
TTATCGGCTAAAACAT,365
TTATTGATATCACATT,365
TTGCTTGTGGACTTGA,365
AACTTTAATAACCTAG,364
ACATATACCATTCGTA,364
ACTGTGGATTTCAGAA,364
ACTTCGATAGGTGAGA,364
AGAGAATGCGATACGA,364
CAGGCCTTTTAAAGCA,364
CCAAAAATTCAGACAC,364
CCAATCCAAGCAGTGC,364
CCTTTAACAACGCGGA,364
CTACCAAACGTTAGGC,364
CTGCTAGAAACTATAT,364
CTGGGTAGGTTAACTT,364
GATCAGAGCCGTAACT,364
GCGGTTCACTTAACAT,364
GGAGAGGTAACGATTT,364
GTAGCCCGCACCTAAT,364
GTCATAAAAATTGCGC,364
GTTCCGCGGTGTAAAA,364
TGTCTAATAGCATAAT,364
TTTATTACTACCTTTT,364
TTTCTAACGCAATTCT,364
TTTTTAACACTGTTGA,364
AAATAACGCTAACTAG,363
AAATACGAACTTTGTC,363
ACACATAAATAAACTA,363
ACTTTATGCCCAACAT,363
AGTAAATCTTAATATG,363
ATAAATGATACGTCAC,363
ATGACTTCAAGACATA,363
ATGTCATATACCTAGT,363
ATTCCAGTCTTATTAT,363
CACAGTTAGAGCAATT,363
CACCGAAAGACGATCA,363
CCTCCTACTAGGTCAT,363
CGATCGCATAAGCTCG,363
CGTTTAATTTCCAAGT,363
CTGACACTCAAGCACT,363
GAAACAACTTGAATAT,363
GAAAGATGCCTTGTAT,363
GCTTAGGATACTAACC,363
GGCAGATGAACGCAAT,363
GGTAACTATCTCAACG,363
GTATAGATAATGGAGC,363
GTGAACTCCATTACCG,363
TAACTTCTTAAAAGAA,363
TAAGAGTACACTAGCT,363
TAATTCTGGCTCTGGA,363
TACCACACGCAAAGGC,363
TACCTCTGAGCTGTAC,363
TACGTTTTTACTGTGG,363
TACTGATAGGAAATAC,363
TATACCTGTCAGTAAC,363
TCAACTCAACATCTGC,363
TCCGAGAGTAACGAAG,363
TCTGCGTGCAGGCCTA,363
TTACCACGAATCCAAT,363
TTATCAGATTAATATA,363
TTCGACCTTTGCAGCC,363
TTGTCCTAACACATTG,363
TTTGAAAGCTATACGC,363
TTTTACGAGCACCACA,363
AACATCCCTCATACAA,362
AACGATAGACGGTCAA,362
AAGCTACTATCAATAG,362
AAGTATGAGGTTTCCA,362
AAGTGAAACTCTAGGC,362
AATAGCAATAATACAG,362
AATCTGTAATTTTGCA,362
AATTTTTAAAGCATCT,362
ACCAGAGCTGATCTTG,362
ACCGAGCCAATTATCA,362
ACCGTAAAAGCAATCG,362
ATGCACAGTATTGGCT,362
ATTCGCCCTCATGCGA,362
CATATAATTCCACCTT,362
CATCATATTAATACAG,362
CCAGATTAACCCCAAA,362
CCATAGCGTTTACAAT,362
CCCATTGGGTCTCTGA,362
CCCGATAAAAAACGAA,362
CCGAGTAAAATCCTAC,362
CGCAAATACAACTGTA,362
CTAAAACTTTAAAAAA,362
CTATACATCAACGACC,362
CTTTCGATGTACTGAC,362
GACTACGTACGAAGAC,362
GCCTGCGTGAAGCTAA,362
GGGCATTGCTGACAAA,362
GTAAAGAAAGGCTAAA,362
GTACCTGTAATCATCC,362
GTCAAGTTATCAATTT,362
GTTAACAATTATATAG,362
TACCCCAAGTGTACAC,362
TATGTGGTTTAGCGAT,362
TGGAAAAAGGTCCCGA,362
TTAACCTGACTATAGA,362
AAAAATGGATGTGTGC,361
AAACGCGTATCTTATA,361
AAAGCAATGTAATACG,361
AAGCCCCTAATAACAT,361
AAGTTCCAAGGGTTTC,361
AATAGGTTCCAATCGA,361
ACAATTATCATCATAA,361
ACACCTCTCTCCTACC,361
ACTAAATCTGGCTAGC,361
ACTTTTTGACCGATAA,361
AGTAAATTACATGCAA,361
ATTCGAACCACGGATG,361
CAAAGCCAGCAGCAAC,361
CAACCCCCATCGGCAA,361
CACACAAGATAAAGTG,361
CAGCCCATGTCCACAT,361
CCCCTCGTAATCAATG,361
CTACAATCTGCGCAGC,361
CTATAAAGTTAGAGTC,361
CTATGACTCTATTAAC,361
CTGGGTCCATAAGACC,361
GGTAGACCAATACTAA,361
GGTATAATTCAACTGC,361
GTATGAATTTATACCA,361
GTATTCGGAATCCAGA,361
GTCGAAATCATTTTAA,361
TACCAATTGTTAAGAC,361
TAGGAGTGGACCAACC,361
TGGTTGTGAAACCCCA,361
AAATATGATATCAGAA,360
AACTGGTCAAGCCCCA,360
AATAAAACGGTCACAC,360
ACACAGCTATAAACCA,360
ACCTAGAAAAAATAGA,360
AGAAGAAAAAGCCAAG,360
AGATGTTCTGAAATAA,360
ATATCCTTACAACCTA,360
ATCTCCTCTTAACAAT,360
ATGAAACCTGTGGAGT,360
ATGAGCCAGTCATCAC,360
ATGATAGTGTACGAGA,360
ATGTAACTAAGACCAG,360
CATTTCTCGAGACGCT,360
CGAAGAAATAGAAAGA,360
CGATACTCCAAAGCTG,360
CGCGTCACGATCCCGC,360
CGTTGAACTCACGGAG,360
CTTTCTCGAGTTTTAA,360
GAATACGTCATAGAGA,360
GCCACCATTTGGAGCC,360
GCCCTAGATTATAGTC,360
GGAACCGTATGCAAAC,360
GGATCAGTTTAGGATC,360
GTGTATAGGTGTCATA,360
GTTGTTCCTCACACGC,360
TACATACAGAAAAATA,360
TATAAAGAATAGCGTA,360
TATAACCACTCCGCGA,360
TCACTCCAAGTACAAG,360
TGAAGAGTAAGACCAA,360
TGGACTATAAACCCTA,360
TTTATAGATTACTTTA,360
AAGTACCAGAAAAGAT,359
AATACAAATCCAATTC,359
ACAAATGAAATAGTTA,359
ACCGCGGGGAACTTGA,359
ACTTTTACCTCGATAG,359
ATAATATAGATATACC,359
ATAGACCCACCACGTC,359
CAAATATAAATAATGA,359
CACAATTGTGCTCTGA,359
CGAGTATCGAAGATAT,359
CTAGGTTATAAACCGT,359
CTGAATTGATCTCAAA,359
CTTAGCCCAATAAGAG,359
CTTTAAATGAGGGAAT,359
GATTCTAGAATAAACA,359
GCTCAACCTAATTAAC,359
GCTGAATTTAACAAGC,359
GGAACAGTATTAACTT,359
GGCGTATTGCTTGGAA,359
GTAACCATTACTGAAC,359
GTACATCGGAGATGAC,359
GTAGATGGGGAAGGTA,359
TAGAAAAGTCGGCTAT,359
TCATAATTAACAGAAT,359
TGAAAATAAATACGGC,359
TGAAAGCGGGCGTGGA,359
TGACACTCTCGAATTC,359
TGATGTTTTTAAACCG,359
TGCAGCTCTCCCTGCT,359
TTCTTATATCCAAAGA,359
TTTAGAAAAGCGACTA,359
TTTTGGCCCTAGACCA,359
TTTTTCCTTATCAATG,359
AAACATGTACAGACCC,358
AATTTAGTTTGGTTTA,358
ACAAATTACCATTTTC,358
ACAGGAGTTGTTGGCT,358
ACATCTGATATGTTGA,358
ACCTTGTAAAGAATCG,358
AGAGCACACATGGAGA,358
AGCGAATTCTGCTTGA,358
AGTTGCCGCAATTAAC,358
ATACATAAATGGTTAT,358
ATACCCAGGCTTCTTC,358
ATCCTAAATTTGGCGT,358
CCGGTTTTCTTATTTT,358
CCTACAGCCAACAATC,358
CGCGTACATGTCTGCG,358
CGGAACTTTATATGGA,358
CTATCGTGTGTCTATA,358
GAAACTACTTTATGTG,358
GAAAGACAAGACTTTG,358
GACAGTGCACTCCGGC,358
GAGGACATAGTAAAAA,358
GCATTGGCAACACATC,358
GCCACAACCGGTATGC,358
GCTGCAGCAATTGTGA,358
GTACAGAGGAGCATAA,358
GTATGAAGATAAGCGA,358
GTGCACATCAACTATA,358
TAATGAAAATAGTTCT,358
TACCATCAAATCACCA,358
TATCTTCAAAAAGGAC,358
TCATAACAATTACGAG,358
TCCAATAGAAAAACCA,358
TGAGCACATACTCCTT,358
AAATAGTCCCAGAGTC,357
AAGACCTTATTCGTAA,357
AATGTACAACCTTTTA,357
ACTATCCTTAAGCAAC,357
AGCCTTGTACTATCCA,357
ATGTGAATAAGTCAAG,357
CAAATGATTCCTATGC,357
CCCCAAACTGCCAATA,357
CGACAGAAGAAAACAT,357
CGGAAATACAAAACTA,357
CGTGAACCTACATGAG,357
CTATCCAATAACTGGA,357
CTCGAAATTCACAGTC,357
CTCGAATTGCGAGTCA,357
GAAGAAAACTAAAGCC,357
GAGAGACTGGGAAAGT,357
GAGGCACTTTAGAACG,357
GATGCGGGGGTTAAAC,357
GCCAACATACAATGTA,357
GCCATTAAAAGCTCGA,357
GCCCCGGCCGATTAGT,357
GCTTCTAACAACTAAG,357
GGAAAACCGTTTACGC,357
GGCCAAAAACCCCCAC,357
TATCGCTCATTAAGTC,357
TATCTCGACATCTTAA,357
TCCTACATCTAGTATA,357
TCCTGAAAAAATCAAT,357
TGATATATCAAATCTT,357
TTCAATGCTGAATACA,357
TTCCATTAATCGGAAA,357
AACAAAAAATTTGAAG,356
AACGTGCCTTGCAACA,356
ACCAAAGACAGCGGCA,356
ACCACAACTTAATACC,356
ACCTATTAAATTCTCA,356
ACCTGTGTCTCCGACT,356
ACTGGTTAGAATACAG,356
ACTTATATAAATGCAG,356
AGAATGATTTGAGACT,356
AGTTACAGAGTAGGGC,356
AGTTCTACAAAACATT,356
ATAAGTAGTCCCTTTT,356
ATACAAAAGCATATCA,356
ATAGCGGTAACACATT,356
ATATTGCTAAGAATAT,356
ATCCTGACTCAACAAA,356
ATTTCAGTATTTAACT,356
CACTTCAAGAAATGAA,356
CGACGTACTAGACTAA,356
CTAAATGAAAAAGGAA,356
CTTAAAGAATAAGTCA,356
CTTTGGAAAACAATTG,356
GAAAACATAGGGTCAG,356
GAATGCCATGTGGACC,356
GCAGATCCTCATGAAC,356
GCGTCCAGTCAAACTA,356
GCTCTAATGCATTACA,356
GGACAGAATCGCTAGG,356
GTAATAAGAATATATT,356
GTCACGAATTACATAC,356
TAACAAATAACCTTGA,356
TAATGCCAAAACTACT,356
TACGCGACACGAAACC,356
TCAAAAGATCAGATCG,356
TCATACGCTTGGACAC,356
TCCAAAAATTGCCCTT,356
TGAATTTTGTCTCAAA,356
TTAGGCTACTCCTGTA,356
TTATTTAGGGTACCAG,356
AAACAGTATATTCAAC,355
AAATATATAGTAAGAA,355
AACAGTTCGTGTAATA,355
ACAAACGTTACCTATT,355
ACGGATTTCTTTAATG,355
ACTACCCCCAATAGAA,355
AGCTTAAAGCTCCGAG,355
AGTTACGTGCACTCGA,355
ATTAAAGAGGAGTAAA,355
ATTTACACGTACTGGA,355
ATTTAGCCAACGGTCG,355
CACCACTCCCGTAGAA,355
CATCATCACGAGACAC,355
CTAAACCTAAAAAACA,355
CTGAGCCATATGAACA,355
CTTGATACATCGTTCG,355
GAAAGCAAGGATACTG,355
GACGAAAGTGCAAGGA,355
GAGGAGCGCATACTTG,355
GCACTACAGGCTACCT,355
GCCTACGCTTTCCATG,355
GCTGTCGAATGATGAA,355
GTATTTCAGAATATCA,355
TAAATATTACCCTGAG,355
TACCATGGGGGAGTGC,355
TAGACGCAATGCTAAG,355
TCCAAATATTCTCCAG,355
AACATAACGCTAAACA,354
AAGCGATCTCAGCTAT,354
AAGGGAATATAGGTAT,354
AATCCATCAGAGTTCC,354
ACAATCAATGATCTAC,354
ACACTAGATTAAAACT,354
ACGCAATAGCTAACAA,354
ACGTATTCCTATTATT,354
AGAATCTCGAAACTCA,354
AGACCAACTTGACTGG,354
AGCACATAAACAACCC,354
AGCTACAAACTGAAGC,354
AGCTCTGGCACATTCT,354
ATATCCGAGCACTGAT,354
ATCACCCAAAAGTTAC,354
ATGAGTGATGAAGAGA,354
CACTACTTTAAGTAAT,354
CCATAGAAGATAGTTT,354
CCCCAAATGTTAGATC,354
CCGACTGGATAAAGAC,354
CCTAGATTGCCCTAAA,354
CGATGAGATGTTAAAA,354
CTAATTCTACATATAA,354
CTTATGCCAAACCACT,354
CTTCAGCTCCACTGAA,354
GAACCGATTTCGATTT,354
GCCGACATGTAAACCG,354
GCTACCTAGTAAGCCA,354
GGTGGATAGTTGCGCC,354
GTACTCGACACGTGCC,354
GTCAAGTCCGTTCCAC,354
TAACTCAACTAAAAAA,354
TACCATTAAGCCGGAT,354
TACTTGATCACGCATA,354
TCCTTAGAATTGGACC,354
TGCCCAAAAATCTTCA,354
TGGGAAGAAGTAGAGT,354
TGGTGAAATGTTCACC,354
TTAAGTACCATCAACA,354
TTGGCAATAATTAAAT,354
TTGTAACAACATACTA,354
TTTAGTAAACTCCAAT,354
AAAGAACATCCATTTT,353
AATAGCCAAAGCAACT,353
ACAATTAAACCCAGTA,353
ACAGTCATGTTTCGTG,353
ACGAGCAATAAGAATC,353
ACTGGAACGTCCATAA,353
ACTTCTCCCAATCCAA,353
AGACATATTCCAAAAG,353
AGAGTGTCATGTTACT,353
AGGGAACCGTGTTGTA,353
AGTATCTGTGTACCAT,353
ATAACCTACGAAGGGA,353
ATAGTAAAAAACGAGA,353
ATCAACTAACATTATA,353
ATCATCGCCTTATAAA,353
ATCGTTCTTATTGATT,353
ATGCGTATACTGTCAA,353
ATTTTCTATAGATGCC,353
CACTAGTAAACGTAAG,353
CCAAAAGGAAATTTAG,353
CCAATTACCCACCTAA,353
CCTCGGAAGCCTACTT,353
CGTTAACCCGACGAAA,353
CTCAGTAACCCCGACG,353
CTGCATTATAATAGCC,353
CTGTATTGTTAATTGT,353
GAAAGAGCGATTTCAC,353
GATATAGTAATGCAAG,353
GCTTCAAAAGTACCAC,353
GGCCCAACCCAAAAAT,353
GGTGAAATACCCGCAT,353
GTATTAACAAAGAGGT,353
GTGACTTGACGCCCAT,353
GTTAAAACAGTTAACT,353
GTTACCGAAACAACGG,353
GTTAGACAAAAAATGA,353
TACCCTATTGATTATA,353
TAGACTTGAACAAGTA,353
TAGTCAGTACTCTTCG,353
TATTGTAACAAGGACC,353
TCCCAGCAAGCTTTAA,353
TGAATCTACGCTACTC,353
TTAAAATCATTAATGC,353
TTACCACAGCCAATCT,353
TTTGTAATAGGTGGGA,353
AAAATCAACTATTAAT,352
AAAGGCGTATGAGAAA,352
AAGCGACAAAAAGATA,352
AAGTAATTTCTAACGC,352
ACAACTACGCTGATGT,352
ACAGGGACAGACGACA,352
ACATTCTGGTCTGATA,352
ACCTGAGGACGAACCA,352
ACTACAGACTCGTCTG,352
ACTTTACCAAAGCTAC,352
AGGATGATCCAGCCCG,352
ATAAGGTCGGACCCAG,352
ATAGGAAGCCAATCTA,352
ATCAAATATTACTTCA,352
ATCATCCATTGTCAAT,352
ATCCGTCGGATTTGAT,352
CAGTGTTAAAAACCCA,352
CCTCCAACCATTGACC,352
CGCACTAGTGGCACGC,352
CGGCTCACACTGATTA,352
CTGTTACAATAATAAA,352
CTTTGTGCAAAACTAC,352
GAAAACAGCATCCATA,352
GACCAGATTAAGGCTG,352
GCATGAGCCCCTCTTG,352
GCCAATTTTGTCACTC,352
GCCCGTTGTCGCCAAG,352
GGCAAGTTTTTGTCGC,352
GGGTTGAAAGTTATAT,352
GGTGTTAAAACACTTC,352
GTCTTAATATCCCAAC,352
GTTACATAGCACCAGG,352
GTTGTGCTACTTGTAG,352
GTTTATCTTCGTACCA,352
TACTCATTATGTTGAA,352
TAGTCACCAATAAATA,352
TATAAAGAATCCAACA,352
TATAATTAAGCATAAC,352
TCCAGAAGAATAATGG,352
TCGTCACCAATGATAC,352
TGCTCACTTTCTGAGA,352
TGGTTAAAAACGTACT,352
TTAACGGAGAACACAA,352
AACCCGACGCAGAGAA,351
AACGAGTAAAAGCTCT,351
AACTATACAGCAGCTT,351
AACTTGTTGATCTAAA,351
AATCAAAAGATCCATA,351
ACACAATACCATCTAA,351
ACACTTTATTATGTAT,351
AGACAATAGACTTATA,351
AGATATAGGCTTATGC,351
ATAATAGATTCTTTGC,351
ATATGCACTGGATTAC,351
ATGCCCGCATTGCTAC,351
ATTGAGGGTACAGTTA,351
CATGAATAAGTCCAGC,351
CTAGACACGATGCAAA,351
CTAGACCACGACAAAG,351
CTCATTTCTGCTCCGT,351
GAACGGTCTCTCCCTC,351
GACTGATATTATTCGG,351
GCGTGAAATCAAAGTC,351
GGTATGCAGCGAAGGC,351
GTCCTTGCGGTTAAAA,351
GTCTTCATGAAGATTG,351
GTGATAAAGCGAGATG,351
GTTTTCATGCACTTCA,351
TATCAAGAAGACCTCG,351
TCAGGTATAAGGTCGG,351
TCAGGTTTTCTTGGTA,351
TTATAAAGATTGACAA,351
TTATACATGGCATGTA,351
AAATAGACTCTCGGAG,350
AAATGGGCAACGTCTG,350
AACAGAATAAGAACTA,350
ACCACTAATTGTCTCT,350
AGAAGAGCGACCAGCG,350
AGAATCATAATCAGCG,350
AGATACGTATAGCTAA,350
AGGCATTAACCTTCCA,350
ATAATTGAAAAGTAAA,350
ATTACATGATAGTTTA,350
CAACTAGTAATAACCG,350
CACTAACTCTGACAAA,350
CATACCGTAGAATGGC,350
CGCGATCACACATGGA,350
GAATGTAACTACTGGC,350
GGTATAGAGGGTCCTT,350
GTAGAGAGTAACATTC,350
GTCTGACGTCAAAGGA,350
TCCCACAAACTCCTAA,350
TCTGTTAAGATCACCC,350
TGCTTCAATTGGCCCA,350
TGGCCCCGTAACAGCG,350
TTAATAAGATGATTTG,350
TTGGACAGTACGGCCC,350
TTTCATAAAAAACACA,350
AAAAATTTAGCCTACA,349
AAGACGTGACTTTGCT,349
AAGGTGGCGGTAGATC,349
AATCTCTTATCGCGAA,349
ACATATCCCAACAATC,349
ACCTTGTGTGTAACCA,349
ACGTCTTCATCTTAAA,349
ACTTTTCTGAAATTAC,349
AGAAAGGTAACCCACG,349
ATAAAAATTCTTTCTG,349
ATATACATACTATCCT,349
ATATATTCTCAAATCA,349
ATCCACCAATAACAAA,349
ATTGGAAGTCATAAGG,349
ATTTTAGCGTTAAGTA,349
CACATATATTAGGTTA,349
CATAAATCTTACATAC,349
CCAGAAACTCTTCTAA,349
CCATTGCTTAAATCGA,349
CCTAAGGCGTCCTGTA,349
CGCCTTCGTATGACCA,349
CTGAACTCCAATTTCC,349
CTTCAATAGAGGTGGA,349
GAAAAACTAATTTTAC,349
GACATCTACCGAGCCA,349
GACTAAACGCGCGGTC,349
GATTCTTAGAAGCGCA,349
GATTGCTAGTAAACCC,349
GCGATCCACGCCGCTG,349
GGTGTAACAAAAGGAT,349
GTACAAGGCATAATAC,349
GTAGTTTGCGCTTTTG,349
TAACATTAACTTTACA,349
TATAATCAAGGGACAA,349
TCGGGAATAATAAATA,349
TCTCTACAATATTAAT,349
TTCAGCAACCATAGCC,349
AACGTATGTAACATCA,348
AAGAATTAGTCGTTTA,348
AATGAATTTATATATA,348
AATGACACACCAACGT,348
AGGAACATTAAAAGTC,348
AGTAAATAAATCATGT,348
ATGAGCACCTTAAAAT,348
ATTCAAAAGATACAAC,348
ATTCCCCTAATAGATA,348
CAAGTTGATTGGCTCC,348
CCATAGCGGACGATGT,348
CCTCAAATGTTCTAAT,348
CGTAAATCTAATAGGG,348
CTAATTTGACTGTTTA,348
CTTGGGCAGGAATCAC,348
GATATACGATACTCCG,348
GCATCAAATATCACCT,348
GTAGAATGGTATTCAT,348
GTCACTCCTTAACCAT,348
GTGTAAAGTAAGTAAG,348
TAAGTAACACTTAAGG,348
TAGATACATTTAAGTT,348
TAGGTGAAAGGCAAAA,348
TCATGTGGCGAATCAA,348
TCCGATTGTAAGGCGA,348
TCCGTCCATGTCCAAC,348
TCTGTGGTACAGGTGC,348
TGAGTTACATACAGGT,348
TGTCCCTCCGTATATG,348
TTAATTCTATGTGAAA,348
TTCGAATTATCCGCTC,348
AAAGATGCTTTCACTG,347
AACCCACTCTAAAGCA,347
AACTTAACAAACCCCT,347
AAGTGCCAGCAATGGT,347
ACACCAAACAGCAAGA,347
ACCGTCAATACAAATA,347
AGGGTTACTAGAGAAA,347
AGTCCAACCTCTATAC,347
ATACCGGTGCACAGTA,347
ATCATAAAAGACAATG,347
ATTAGAGCTTGTTTCG,347
CAACCCTGTCTATCGT,347
CATATCGCATAAATTC,347
CCCCACGCATAGTATT,347
CCGTGACCACCAAAAC,347
CGAACGGCACACAAGT,347
CTGAAACTTCCATACT,347
GAACTAATACCGTACT,347
GAAGAATGCATGATCA,347
GAATGAATATAAGTAA,347
GACCATACAATCAAAT,347
GAGTTCGTTAGTATAT,347
GCCTTAAAACAATGAT,347
GCTAGTAAATCAAACC,347
TAATAATGCTAATCTT,347
TACGAACGTAGTGTCT,347
TAGCACTACGCCCAAG,347
TATGCACTACGCATTC,347
TCAAATGACAATATCA,347
TCAGGATATTACACAC,347
TGAAAGCGTCCATTAC,347
TGTCAAAAACACCCAC,347
TGTCTCGCCTTCCAAA,347
TGTTGAAGAATAAGAC,347
TTAATTCGCTTTGTTC,347
TTAGACACAAGACAAC,347
TTCCAAAGTAGAAAAA,347
TTGATGCTAAATGTAA,347
TTGCATCCAACTGCGC,347
TTTTATCGGTTATAAC,347
AAAAACTACTAAGGTC,346
AAAACCAATTTAGATC,346
AACCTAGAAGAGTTAG,346
AATGGAGCGAACAATG,346
ACTCCGCTGCGGAAGA,346
ACTTTAACCCTCGCAG,346
ATCAAGAATGATACAC,346
ATGATGTAATAGTCCC,346
ATTATTCGTGATTAGT,346
CATCGTAAATGAGGGA,346
CCATTAGGGCGTAATC,346
CCTATAAAGGATGATA,346
CTAGGCAGATACACGT,346
CTTCAGTAGTCACCCG,346
GAAATCACACAGATCG,346
GAACATCGATCGGAGA,346
GACATAATGATGTCTT,346
GACATCCGTTCTATCT,346
GAGGTCCCCTGTCACT,346
GCACGAGAGTTACCTT,346
GTACCTAAAAACTGGA,346
TAAATGGAACCCATCC,346
TACTACGTTAAAAACA,346
TATAAAATCTAACCGA,346
TCTACTCATAAACTCA,346
TGGTCCCCGCGAAGTA,346
TTAGATCTAATTAGCA,346
TTCAACCTAGCTTATG,346
TTGCTTATCATGGGGA,346
AAACGAGTTATACATG,345
AAATGAATCCAAGAAA,345
AAGCCCAGAAACAAGG,345
AATACACTGTACACTG,345
AATCTCCAACACAACC,345
ACTCTTACCATACTCG,345
ACTTGGGTTAAGGTGG,345
AGTATACTTACAGTCA,345
AGTGAATGTTCGTTGA,345
ATATAACAAGGGAGAC,345
CACCTGCCATCAGTGC,345
CAGACTGACAATTCCA,345
CATACCCGGTGGACAT,345
CATACGGTACTCCAGA,345
CCACCAGATTTACCTG,345
CGAATTGCGCATTAAA,345
CGTAAACCTATAATCG,345
CTAAAACCTCACAGTG,345
GAACTTTTTAATTTAG,345
GATCACTTAATTATAT,345
GGAAATGTAATATCAT,345
GTACCAACTTTCTTAT,345
GTTAATTATCAGCTTA,345
TCAAGCGGAATTACGG,345
TCACTTCTCGAAACTG,345
TCGAAATGCATTGTTT,345
TCGCATCGAATAAAAA,345
TCTTCGACGAGCTCAA,345
TTAGCTTGTAAAAAAC,345
TTATGTTGGAGCCATC,345
TTTGGGGCAGGATGAT,345
AAATTCGATATATCCC,344
AATCTAAAATTATTGG,344
AATCTTCTCGACTGTT,344
ACACCGGGATTATGAG,344
ACATGCGAGAAGGGAA,344
ACGACAAGATATGAGC,344
AGCATGTTTGTGCACC,344
ATATAAATGAATAGCG,344
ATCCAAGTAAAATAAC,344
ATGATTTAATAAGACA,344
CCACAATAAAGAAGTA,344
CCCCCTATTCTAAATA,344
CCGATTGAAATTCAAA,344
CCGGGAGACTTGTGGG,344
CGCTTAACGTGTTATT,344
CGGGTATCACAGCCGA,344
CGTTCCTCTAGTAACA,344
CTGAGCTCAGACTCGA,344
GAAAGGCTCGTACAGA,344
GCACACACAACAGGAG,344
GCCGTCGAATATACCA,344
GGCACTCCAACTTAAA,344
GGTAATAGAATATAAT,344
GTCCAATCCTAACCGA,344
GTTTTTGGTACGAAAT,344
TATCAAAGTTCTGTAA,344
TCAACGGTTAAACATC,344
TCGAAATGTCAAGATT,344
TGAAATAGGAGAAAGA,344
TGATAGGTACTTGACG,344
TGGTGAAATTGTTATG,344
TTAATAAGCGTTACCA,344
TTAGAAGCGAACCGTA,344
TTCAAATCTCCGACCC,344
TTTAAGTTCGTTAAGA,344
AAACAAATTCAAAGGA,343
AATCAAGACTAAATGT,343
AATTAAATCTAAGTAA,343
AATTGGTCTAGCAACT,343
ACCCCATCATAACCAA,343
AGAACACGATTAAATA,343
AGAACCCGAAGACCAT,343
AGAATAGTTAAAGAGA,343
AGTCTAAGTAACAAGT,343
ATAGGTGAATAAACTC,343
ATTGGAGACTAGACCT,343
ATTGTAATGAAGACAT,343
CATCACCCGGAAAACC,343
CCGTAGACGTTTCACG,343
CTGAGGCACGTTCCAA,343
GAATCTTACATTGCTC,343
GATCCTAAAGATACAA,343
GATGAACAAAGCTATA,343
GATTCCATCTCCAAAA,343
GATTGTCAGGCTTGTA,343
GCAGCGCTCCTAGACT,343
GCGACTCTGCAGATAG,343
GTAGTCCAAAAGGTGT,343
GTATGAACACTCGGTG,343
TAATATGAATGAATTG,343
TAATCACAGGCGTATG,343
TACCGCTTGGAACCGT,343
TAGAGAAACCGTAGGA,343
TAGGATAATGTGCATA,343
TATGAAGATATCATGG,343
TCCTCACGCTCTTCTA,343
TCGCATCATGTGAAAT,343
TGACTAACAATGCTGG,343
TTACTATAAATACAAA,343
TTCAAATTGCACTTAC,343
TTTTGAAAAAGTCGGT,343
AAACCAGCGTACGTCT,342
AACTGTCAGTAGCTCT,342
AAGCGAGTTCTATGAA,342
AATACCTTATTCTATA,342
AATATATAGTCAATCA,342
ACAACATCGGAAAAAC,342
ACGATAGAGTCAACAT,342
ACGTAATTTCCTGAAA,342
AGAAAAGACCAACTAA,342
AGTTGGTCCTATAAAG,342
ATGAGTCGGTGCTAGA,342
ATTATAAGGAAATAAC,342
ATTTGAAAGGCGTGGA,342
CAAAAAGGTACAAACA,342
CAAGATTATGAGCCAA,342
CACAAAAGTGACAGCA,342
CATTATCCATTTCATG,342
CCATGAGAAAAACCCA,342
CCTATAGCGCCGTATA,342
CTATACAATGACCCCT,342
CTATATAAAGCCGGCA,342
GAACACAGCTACCTGT,342
GCATCTGAATCTAGGT,342
GCGTGACTCAACAAGC,342
GTGAGCAATTAAAGAT,342
GTTTAACGATCGCCAT,342
TACGCTCGTAGCAAAA,342
TCACGCTAGCGTAGCG,342
TCGCCTACTCCTTCTA,342
AAAAGACTTCAGGCCC,341
AAAGACCCAGAAAGCA,341
AAAGAGTCATCTTTAT,341
AAAGGAGTAAAGGATA,341
AACATCCAAGCCCTGG,341
AATATGATAATGCGAT,341
ACTTCAGACTATATAA,341
AGAAGATCAGGAATTT,341
AGGAAGTTTAACAAAA,341
AGGCTATACAGTTATC,341
ATAGACTGGCAAAACA,341
ATATGAAGTAACATCA,341
ATTGATGATATCCGGA,341
CAGATTACAATGGGAC,341
CAGGGCTGAGAAATTA,341
CATAACTTCTATTTCA,341
CGGACCGTTAGCCGGG,341
CGTTTTCTTGGCTTAA,341
CTCCATGCTAATATAC,341
CTGTTTTTGCTATCAT,341
CTTAAGAAGGATGGGC,341
GACAACTCAAATTTCA,341
GCCCGATGATAGGTTT,341
GCTACTGCTTTAGTCA,341
GTAATATAACAATCGC,341
GTTCCTCCCAAAAGGT,341
TGATTATAAAAGCACA,341
TGCTGACCTTAAAATA,341
TGGCTAATAAAAAAAA,341
TTTAATCAACGCCTAG,341
AAAAAATAATTCGCGG,340
AAAGAACAAAATAGCA,340
AACAACTATAAAAATG,340
AATCTCACATTTTGAC,340
ACAACCCCTTGAAAAG,340
ACGACCCCATACGAGC,340
ACTATCGCCGACATCG,340
AGAACAGTTTACGTAG,340
AGGGGTCAAAAATGAA,340
ATTCAGTTCCACGTAT,340
CACACATTGCAAATTT,340
CCAGAGGTTAAATCAC,340
CGAGCATTCCCTTTAA,340
CTAGACAAACACGGGG,340
GAAACTCCAATTTAAG,340
GACATCCATGACTCTG,340
GATACTCGCGGCCCTA,340
GCGATCCACGTCAAAA,340
GCTAACCTATCATCAA,340
GGGCCGTTAGAGAAAG,340
TAACAGAATGCAACTA,340
TAATCCTACGCAACTT,340
TAATGAAATATGAGCA,340
TACTGCAAGAGGATCA,340
TCGAGAAAAAATTTCT,340
TGGCACAGAATGAAAA,340
TTATTCCGACTGAAAC,340
TTGTTATGACGGACTT,340
AAAACCTATAATACCT,339
AAACGAACGGAAACAC,339
AAAGAAACCTCAAATC,339
AAAGCTGGACAAAAGT,339
AACTTTAACAACGAAC,339
AAGACATCCTTGAAAA,339
AATGTAAAGTTATCGA,339
ACATATAATAGGGGCA,339
ACGATACTGACGTTGA,339
ACGCAATCACAGCTAT,339
AGATTCGACTGGCGTA,339
AGCCGAGATAACATGG,339
ATTACAAGGGTTTCAC,339
ATTATGAGCTAAAAAC,339
ATTGGGATATATAGAG,339
CAAATCGATTGAACAA,339
CAATAGTGAGCTGAAG,339
CCGAATTCAGACTTAA,339
CGCGCATTAGATACAG,339
CTAACGTATAGGCCGT,339
GAGTTTACAGGAGAAC,339
GATACCATCGTTGAAC,339
GATGTGCTCAAAGCAA,339
GCTGCCTGAACACGTC,339
GGAAGAGTTAAAATTC,339
GGAATGACCAACAAGG,339
GTACTGATCATTTAAA,339
GTTAGAGAAACGGTAC,339
TAAAAAGATGCGAGGT,339
TACTTTATCCGAGCGG,339
TAGGATGACTTGTTGG,339
TCCCTAATAAACACAA,339
TTAAAGCGGACTATCG,339
TTACATGATAAAGCCA,339
AAATCGGGTTCCAGAC,338
AACTTTACACCAACGC,338
ACAGAAAATTAACATG,338
ACGACATAAAGGTGAA,338
AGAAAAAAATCCAAAT,338
AGACAATCATTTCAAA,338
ATACGCTATGCCTCTG,338
ATCGCACGACGAACAA,338
ATGTATTGAGACCTAT,338
CCAATCTCAAAAACAA,338
CGGTGGAATTCGTAAA,338
CTAAGAAATCTAATAG,338
GAATTAAGCCGGTCGG,338
GACAAAGACAGTGATG,338
GACCAAATACGTGTCA,338
GAGAAATGCCTTCAAC,338
GATTTTGCATCAACGA,338
GGAGCACACATAATAT,338
GGGCAAAAATAAGCTC,338
GTAGAAGTCCAATATA,338
GTATACTAACACGGTA,338
GTCACTACGGGCTCAG,338
GTCCTTATTAAGACCC,338
GTCTACTGAAGTTACC,338
GTGCTTGCACTCGATT,338
TAATCACTAAGGAAGA,338
TCAGCATACGGCATCC,338
TGATACCCGTATATGC,338
TGCATTTGGAAACAAT,338
AAACAACCCAACCAAT,337
AAACAGGTTAAGACTC,337
AACGCAATCAAAACAG,337
AAGATGTTCACATGAG,337
AAGGGGCGCAAAAGAA,337
AATACGCATCTGAGTA,337
ACATTACGGGGGTAAT,337
AGAGAACCCCAGGATC,337
AGCAAAGTACGAGGCG,337
AGGTAGGAAGCGACTC,337
AGTATGTAACGTTGTA,337
CACAGAGTTAACAAAA,337
CCAGTCGCTCGAGGTC,337
CCTGAAATTCCGTATG,337
CGGACGGACTGCCTAG,337
CGTCACGAAGAGTAAC,337
CTAAATAAGATAACAG,337
CTATTTCATATTATTA,337
GCGGAAATACATCATT,337
GGAGCGCCGCAAGCAG,337
TATACTTGGACGAACC,337
TATCCCCTGACCCACA,337
TGAAAATAAACCCATC,337
TTATAAAGAGTAAGGC,337
AAAATACTGCTATTAT,336
AATAATAAAATATTAA,336
ACAATATATATTGATC,336
ACAATTACGACCATTG,336
ACACCTGGCGGGCATA,336
ACACTAAGCTTAAGAT,336
ACCATTAATAGGATGG,336
ACCTCAGCTTATGTTA,336
ACTAAAAACACAATGT,336
CAAAAAATAGCATGCT,336
CAAGAAACTAATTTCG,336
CAGAGCTGATACCATC,336
CAGAGTATAAAAAAAT,336
CATCAATCACAATGAT,336
CTATATCCCCCTAGTC,336
CTGTATCGACAAGATT,336
GAAAGATAAACGCTGT,336
GAACATAACGTTAAGG,336
GACGACACAATTCTAA,336
GAGGCTATTTTTACTG,336
GCAAGTTTCCATTTAT,336
GCGAAATGAGAGCATT,336
GGTTAGGCCTGAACCA,336
GTCCTACGACTCAGGT,336
TCGGATTGAAGCCGTC,336
TGACCCTTGACTGCAT,336
TGGAGATCAAATAGTG,336
TGTGCCACTCAGTAAA,336
TTAAAAAAACAACTCA,336
TTTACGCACCACGTTT,336
TTTTTGAAGAATTATA,336
AAATATCAATGAGCCA,335
AATAGGATAAATTGAA,335
AATCTACTTCATCTAG,335
AATCTTGAAGTACGGG,335
ACCTTGGCATGCGTCC,335
AGAAGGTCCCGGGGTC,335
AGCATCAACCCTGCAT,335
AGGCAAACTGAAGCCA,335
AGGGAGCCCCGCCAAT,335
ATAGAAGATGAAACTC,335
ATATATAACAGAATTA,335
ATATCACATAATAATT,335
CAGACACATGAATAAT,335
CAGTCTGGACGCAAGA,335
CAGTTTGCCATGCGTA,335
CCATTGTGTATATAAA,335
CCTCTGCCTTTTAAAC,335
GAACATTTTTTAAGCT,335
GACTGGTGGACGCCAA,335
GACTTTAATGAGTTCG,335
GCGTTAAAATCATGAA,335
GCTGGATAACATAAAC,335
GGAGTAAAGAATCTAG,335
GTATAATTGTTGACAA,335
GTGGAGAAATTACACA,335
GTGTGGAACACAACTA,335
TAAAAGAAATCTGAAG,335
TACAATTTTTTAGCCA,335
TAGTCGACCATTTGAA,335
TCAAATAGACTTTAGA,335
TCATAAATATGCAATA,335
TCGAACATGCCTAACA,335
TGAAGCAAAACCACGA,335
TGCCTTTATGACATCA,335
TGCGTCAGATTCCCCT,335
TGTTGTCGAAAAAAAC,335
TTTCCTCACAAATCGG,335
AAACAGTAACACTTCC,334
AACACATAAGTAATCT,334
AACCCCCCAAAGTGCA,334
AAGAAACATACCTAAC,334
AAGCATAAGAAATTCT,334
AATGGCCTTTAACATT,334
ACGGCAGCCCCCAAGT,334
AGAAGACAGCAATACT,334
CAACAACGAATCTCTA,334
CATTAGTCAGATCCTC,334
CCACGGCAGACATAGA,334
CCGTCATCATATTTAG,334
GAAGAGACGAGTCGTG,334
GAGAATCTAGGGTGCA,334
GATCGGAACACCAGAA,334
GCACAAGTTAAATGCG,334
GCTATAAATTGTTGAT,334
GGACTATTCTTTCAAG,334
GGATCGTCAGGCACCC,334
GGTAGATAACTCCTCT,334
GTTGGAGTCATTGGCC,334
TAATTCCATCGAAAAG,334
TATAAAACCCGAAGAG,334
TGACTTTGTAGCAACG,334
TGTACACTATCTCGCT,334
TTAAGTAAGTGAGCAA,334
TTACTAACGGCAGGAG,334
TTACTAATTACGGACA,334
AAAAGTCTAGCTTGAG,333
AAAGCTTACTTTGTCA,333
AAATCATCAATGAACT,333
AACAGAGCGAAATAAC,333
AAGAACACACTCGCCA,333
AAGTTGCCTTAAAAGA,333
ACAACGTAAATGTCGT,333
ACACATTTGGGGATAG,333
ACTCTGGACTCGTTTA,333
AGAAAATGGTAATGTA,333
AGCAAATTAGTAGTCC,333
AGCAGGCTCGTAAGAG,333
AGTATACAACATGACG,333
ATAATGAAAGGATTTC,333
ATCAAACTGTAACAGG,333
ATCGACACTCAAAAAA,333
ATGGCACACGTCGAGA,333
ATTAACCACAACCAGG,333
ATTTTATAAGCAGTTG,333
CACAAAGCTCGTTGAT,333
CACAAGAAGCTGACAA,333
CACTTTTGCAAGCACC,333
CATAAACTAAAATGCA,333
CCAACAAATTATGGGT,333
CGATTTTTCCAGTTCA,333
CGTTTAGTACAAAATC,333
CTGAATGTCGCGCCGA,333
CTGCCGTATTATAATA,333
GAAGTTATGCCCGAAG,333
GAGAAGAAGATACGCC,333
GAGATCTTCAAGAAAG,333
GATGCAGTCAAACATC,333
GCAGAGCAACAATTTA,333
GCTATTGTCCCTGTTA,333
GGAAAGGAACAGTCTC,333
GGACCTAGTGCAGGAC,333
GTGAAAGTATAACAAG,333
TCACACCAAAATTTTG,333
TGAGAACTAAATTTCC,333
TGGTTCTCTCTCTTAA,333
TGTAATCTAGAGACCT,333
TTATAAAGACTACTTC,333
TTATTCGCACTACGTG,333
AAAACCTACCGTGAAG,332
AAAACGGAGTTAGTGG,332
AACAAGACAAAGGGTG,332
AAGACCCTAATAAGTT,332
AAGTGAGGAATAAATA,332
ACATATAATATACCAT,332
ACCAAGCCGACAAACT,332
AGTTTACGTTTCGTGA,332
ATGATTCACACTATCG,332
CAACTAAAATCAAGAC,332
CAAGACCAAATAAGCC,332
CAATGGTGCACACGCC,332
CACTATCGACATTATA,332
CAGTACATTTTATCAT,332
CCAGCCTTTAAAAAAA,332
CCCAACTGTCCACGAC,332
CGTTAACCTGATCATT,332
CTAAACTTATAAAAAC,332
CTACAGCATCACTGTG,332
CTCCGTAAATTATTAC,332
GAAAGCTAGAGAAAGC,332
GGGAAAGCTTGGCCCC,332
TACCTGCCCAGCTCTC,332
TAGCGAGTAAATGCAC,332
TATACTGCAAATGGTT,332
TCCAAACTTCCATGTT,332
TCCCACTAATGCAGTA,332
TGGCATGTGAGCAGTG,332
TTACTTGAAAAAACCA,332
TTCGAATATCGCACTG,332
AAAACTTCGGACTAGA,331
AAGCGAACTATTACTA,331
AAGGCTTTGAAAAAGA,331
AATACTCATCCCATAA,331
ACAGGTTCCAACCAGG,331
ACCCTAGACTTACCTG,331
ACGTACACGCCTCATC,331
ACTGACAATAACACAA,331
AGACAAATATAACTCA,331
AGGTAAAGGTATCTAA,331
AGTCCTAACCTTATCT,331
ATACCTTCAACACAAC,331
ATAGGCGTTGTACTAC,331
ATCAATTGATCGAGAA,331
ATCGGGCCTCCATAAA,331
CAATATATTGATATTC,331
CCCAATTTCCCCTCCC,331
CGAAGACGTAAGATAA,331
CGCACGGCCCCATAGA,331
CTCAGAAGAAAGGGAA,331
GAAAACGTGGAGACGA,331
GAGAAGAAAGTCCCTA,331
GCACAGGGAAAAATAG,331
GCGATTCTTAAAGTCA,331
GCGTTCAGTGAAGTCA,331
GGCACACCCCTACCAG,331
GGCCTACGAGGCCCTT,331
GTCAATTGATAAAAAT,331
GTGACGCATCAACATA,331
GTTCAAAATCTAAATC,331
TAAATAATCGACTGAC,331
TAATACCAGACACGAA,331
TATATATATAGTATCA,331
TATCCGTTATGAACCG,331
TCGACGTGATAAGTAC,331
TCTGCGAATGAAATAA,331
TGGCCATTAAACCTAT,331
TTACCAAGCCAAAAGG,331
TTAGAATTTGTCACAT,331
AAATTCGCCAAATGAC,330
AACCTGCGAAGCTATG,330
AATTAATAAAAGAATG,330
AGCCCGCAATGGAGAA,330
AGCTCTACATGTAAAT,330
AGGTTCTGTAACACCT,330
AGTTAGAACCGGCACA,330
ATAAAAGCCAAAGGGG,330
ATAATGGAGCGCTGAT,330
ATATACGATAGTCGAA,330
ATCGCGGAAATTTAAC,330
ATGTATTTCGGCACCA,330
CACTAACTAATTGAAC,330
CCCCCACCCAAACGAT,330
CGCGCTTGATGCTATA,330
CGCTATAGTCCATAAA,330
CGTTGGTATAATCACA,330
CTATCTCACCAAGACA,330
GCTATGCCCGTAACAG,330
GTACACATTCAAATCA,330
GTAGAAGGAAAACTAC,330
GTAGATCAAAGCAAGC,330
GTCTCCCTTAGCACGC,330
GTTATAAGAACAACCA,330
GTTGACGGAAATTGCA,330
GTTTAATGAACAACTG,330
TACAAAGAGCCATTAT,330
TACAGTGATAACTAAG,330
TAGCAACGCAAAACCA,330
TCGAGAAGTTTGTAAC,330
TCGCCGAATAACAATC,330
TCTGAATGAAACCACT,330
TGCCTGTTTAACCTGC,330
AAACAAAATAGAGAGC,329
AGAAAGTATGTATACT,329
ATAAAAAACCCTCCTC,329
CAGACCAATAAATCTA,329
CGAATTCCCGTAGCAA,329
CGCACTCGGTAGGACG,329
CGTGAACAAACGGAAA,329
CTATATGAATCATTAA,329
GAAGTAGAATGATATA,329
GACCACGGTATATTCC,329
GACTGTGAGATTAATA,329
GCCCAGCTCACATTAA,329
GGTAATGATCTTCCAA,329
GTCTCAGTCCCGTGCA,329
GTCTTAACGTAAATGC,329
GTGACTGTGGACAACA,329
GTTTGTTCAGATACAA,329
TCTACAGCAAGATGAA,329
TGCCTGAAAGACTGCT,329
TTACGCACACCAAAGT,329
TTTAGCTCATCATAGA,329
AACACACTAGAAAAGA,328
AAGAGACTCCCATACT,328
AATCCCCAATGAAGTG,328
ACACACTACTTCCGTG,328
ACCGTGCTTCCCCTCT,328
ACTGACTATCTATTTC,328
ATAACACTGAGGGTCT,328
ATAAGCATACTGTTCA,328
ATACGAAGAAGGTTGG,328
ATACTATCCTCTGTCA,328
ATATTACAGAGGAGGT,328
ATCAACAGATAGCAGT,328
ATCACCAAAACGATAA,328
ATCGTACTAAGACTTA,328
ATTGATTTGTTCTCAG,328
CAACTGTCTCAAGAAT,328
CACACATGGTCGACCA,328
CACCCCCTATGAATAC,328
CATAAACTAAAAAGGG,328
CGAATGGAGAAGGTAT,328
CGAGCTCTGACGTTGA,328
CGCCGGCGATAAACAA,328
GAAAAGACAGGGTGAG,328
GAACCACGGTGAAAAC,328
GATGGACCCTAAGACT,328
GATTTAAGTTAATTTG,328
GCGCGCTGTCATTATA,328
GGAGCACGAGATCTAA,328
GGGTCGTAGCCTCCAA,328
GTAGACAAAGATCAAA,328
GTGCCCAATGCCATCC,328
GTTTATTTGCTTATTA,328
TAATTTAAATCGAGTC,328
TACGCGTTAAGATAAA,328
TAGTTCCATTACTATC,328
TATAACTAGCCAACTG,328
TATACGTTAAATGACA,328
TATCTTAAATCGCGGG,328
TCAGAGAGCAAAGCTA,328
TGGATTTACCCAAATA,328
TTAGTGTGGATAACCC,328
TTTTCCTTCGGATTAT,328
AAAAATAAATAGTCAC,327
AAAAGACCTTAATACT,327
AAATCGTCGCCCCCGG,327
AACAACAACTAAACAC,327
AACCAAATCTGTAATC,327
AACCCTGATTGTCGAA,327
AACTGAGAACCATATA,327
AAGAGTTCACGAAAGG,327
AATACCTCTACGTTTT,327
AATGATTCGAGAAATA,327
AATTACCAAGCAAAGC,327
AGAATTACCTAGTAAT,327
ATAGAAAAAGAACCCC,327
ATCTAGATTGTAAGCA,327
CAAATACCGAAAACTA,327
CAATATCAGGGCCCCG,327
CAGAGCTAACGGTCTC,327
CATAAATAATGCTGAT,327
CATGTGAGATCGCGCG,327
CATTAGATATCTGAAA,327
CCAGAACATCAAAACC,327
CCATATAATGGGAATC,327
CGGAGTATAGAAAGAA,327
CTACAACGCATTGCGC,327
CTAGAGACTAAAAATT,327
GAATAGAGTGAATCTA,327
GACCTTAACTATATAA,327
GAGTAATATTATAGAG,327
GCAATTATAAATCGTC,327
GCGTAAAATGCTTCAC,327
GCTCTAAGACCCTCGT,327
GTCCCATAGCATTGAT,327
GTCTGTATAATAAACA,327
TACCCACAACTACCTT,327
TACTTAAACTTGGAAA,327
TAGGCACTTGTAAATT,327
TAGGTGAATATTTAAA,327
TCAATAATACGCTCCT,327
TCCTTCATACCAGCCA,327
TGAAACAAAGAAAATC,327
TGCGATATTCATGCCC,327
TGGCAAGTATCCTGGA,327
TTATTACGTGCAGAAC,327
TTGTAAATCTCAAGTG,327
TTTCCTTAACCGCAAC,327
TTTGGGATAAGACAGA,327
TTTGTCAAATAGCCGC,327
TTTGTCGATATAAAAT,327
AATACGCCTATGCTAT,326
AATCGTACTAATACAG,326
AATCTTCGAACTTACT,326
ACAAACCAAATAGGGA,326
ACAATAAGGCCGATAA,326
AGATTACCTCCGGGCC,326
ATACACCATAGATCAT,326
ATATGAATTCAAATAC,326
ATTTTTTTAGAAGTGA,326
CAATAAGTAAAATCGG,326
CAATAATTTTTTAGCT,326
CAGCACTTATATGAGT,326
CAGCTCTTGCGCAGAG,326
CATTGACGACGCCCTA,326
CGAATCTGTTCACGGA,326
CGACTAAAAGGCCATC,326
CTAACACTCGAATGAT,326
CTCAACTCAAATGGCC,326
CTTATTTGTACTTAAA,326
GAATGTTAATTTACAT,326
GACAAGTTTAGACATA,326
GAGATGAATGTTAAAC,326
GAGTACCGGATGAGCG,326
GCAACGATTACTTATA,326
GGTCACGAGGGAGCGC,326
GTTCGCTAAATACCCC,326
TAACCTTACATTGGCC,326
TAACGCCTAATCATCA,326
TACAAGGGAACAAGCC,326
TACTTCCCCATGGGTA,326
TCCATACTATACAGAT,326
TGAATCACATATATTG,326
TGAGACCGCGAAACAA,326
TGCCAACCAGATCTGA,326
TGGCACCACGTATGTT,326
TTAGTCGCAAATCCTA,326
TTCCTAGTGCGAGCGT,326
TTGCGGTCCCTAAAGC,326
AAAGTTGTTACAAAGA,325
AAGGCAATTGTAATAA,325
AATGGTTAGAACTGAA,325
AATTATTTACACGCTA,325
ACAAAAGAATAATTGC,325
ACAGAATCTGAAAGCC,325
AGAAGGGTCGCTACAA,325
ATCTTAACCCCTTTAA,325
ATTCAGTGGAAAAAAA,325
CAGTAATACTAGGCCT,325
CATTGAACGTACCGCC,325
CGAATCATTGTTTGCA,325
CGGAACGTATGCGTGT,325
GAAATTTTATTATTCC,325
GATAGAAACTTAAAAC,325
GCAAGTAAACATCACA,325
GCCTTAGAAGTGTCCC,325
GGTAGACGTTTCTTTG,325
GTCCAAATCGTGAAAC,325
GTCTATAACACACCCG,325
TCACAAATTGACATAT,325
TCTCGGATATATTCTA,325
TGAAACTTGGCTAGAT,325
TGTCCTAAAATACATT,325
AAAAACGTTATGCATT,324
AAAAGTTAAATTTCAG,324
AAGGTAAAATACCAAT,324
AATGAGTTTGACAACG,324
ACAAAACGTTAACTCG,324
AGCATATCGGATTCTC,324
AGCTAGGATCGGCGTA,324
AGGAAATAAAAATAAG,324
ATAAAGGAAAATCGGG,324
ATCCACGAATAATAGA,324
ATTTACACTGGGCGAA,324
CAACCTTCTTAATAGC,324
CATAACGTAACGTATA,324
CATAACTGCGTATCTG,324
CCTAAATCAACGGGAC,324
CGAGACAAAATCTTCA,324
CGCAACTGAAGAGATA,324
CGCACGACATCGGAAT,324
CGTTAAGATCATACAA,324
CTATGTCTCGGATCGG,324
CTTAAACGCATATGAA,324
CTTCCCACATCGCCAA,324
GAAGAATTCCGCGAAC,324
GAAGTGTATACGCTAA,324
GATGAGCATAAATAGA,324
GGCAGACTAGTGAGCA,324
GTTCCAATTCATTGGT,324
GTTCGTTACATCTTAT,324
TAACAAAAGAACACTC,324
TATAACCATTGAATAT,324
TGATTGTTTTTGCACA,324
TGTGGTTCAGCCTCTT,324
TTAACAGAGGTTACAG,324
TTATAAATGTGCATGA,324
AAACTCGTCTATTATG,323
AAGTTAGCACAATACC,323
AATAAATACACTAATC,323
AATTTATCTAAATAAA,323
ACCTATACATGTAATT,323
ACTCTAGCACCGTGAC,323
AGACCAAGAAAATTTG,323
AGGTAATCCAAAGTCG,323
ATACTTCAACGCATTA,323
ATATGTCAATGTGCCA,323
ATCAATTAGTGGAAGG,323
ATGATCACGAAAACAA,323
ATTCAATTTTAAAAAG,323
CAATCGGTTACCAAAT,323
CAGCTATATCGGGGCG,323
CATCTGCGCTTTAGCT,323
CATTGTACGGGCACTT,323
CCCGTCTAAGATCATC,323
CTATAGTCATTCCCTA,323
CTTACAACCTCTATGC,323
GAGACGCTTTGAAATC,323
GGAGTTAACGGACCAC,323
GTAAAAAAATGGAAAC,323
GTCAATACGTTGTGTT,323
TAACAATGAATCAAAC,323
TAATTAACGGAGAGTC,323
TACTAGTTTGTCTACC,323
TATACGTTGCGAAATA,323
TCATGGACATCCAGAC,323
TCTGAAAAAAGAGACA,323
AACCCACGAGCTCAAG,322
AACGGAATATCAAACA,322
ACGAGACTTACAAATA,322
ACGCTAGGGCTCAGAG,322
ACGTGTGAATATTTGT,322
AGAAAAAAAATAAACG,322
AGAAAGCACGAGGACA,322
AGACGGAACAGACAGA,322
AGCATATGCTTGTCGT,322
ATAAACCGAAAAAAAG,322
ATCCGAAATGCGATTC,322
ATCGCTAAGATGCTCG,322
ATGTTAACTAGCAGCA,322
ATTAGACAATATGATA,322
CAGGCGATGGGATGCA,322
CCGAGTAAATACGAAT,322
CGATAACAGAACATTA,322
CGCAAAAAATTATAGT,322
CGCAGTATACAAAAAC,322
CGGATAACGTGATATC,322
CTTTATAACTACCTTC,322
GAAAAATTATGTAAAA,322
GAAATTCCTTGAGACA,322
GCACAAATCGCTCATA,322
GCATAATGCAGTTGAT,322
GGGAGTTAACTTTTGC,322
GTCATGCCGTCTCCTG,322
TAAAGTTTCTAAAGAA,322
TAACGCAAATTTAAGA,322
TAGACAGCCTAAAACT,322
TATTTATCGGCTCAGA,322
TCAACAAAAGGATAGT,322
TGCGGAACCGAGTGAA,322
TTACCTGGAACAGAAC,322
TTCGCGTCTCGCATAT,322
TTGAAAAAAATGAAAA,322
AAAAAGGGTCGGGGAT,321
AAACAACAACAAAAGT,321
AAATTAAGCGATCTTG,321
AAGTCCAGCAGAGTAA,321
AATCGTAAATTTTACG,321
AATGGTGCAAATAAAC,321
AATTCATCCAAACTTT,321
AGAAGGATGTTACCCC,321
AGCAATTAAAAACCTG,321
AGCAGATTAGTTTTAA,321
AGCCCTAGACCCAATT,321
AGCTTACGAGCCCATA,321
AGTATGATACGACAAA,321
CCAGACCAGATCGGAT,321
CTGTCAAATCGGACAA,321
CTTAAAAGGGTCTGGA,321
GAATGCAGGGATAAGA,321
GGTGTTAACTGCTACT,321
GTCCTAAGAGTGGATT,321
GTTAGGACTCTTAAAT,321
TACAATAATCAGTGAT,321
TACCATCACGAGGACT,321
TAGCCAAGAGCTTCTT,321
TATAACCGAACAGAAT,321
TCTCCGTCTACCTTAA,321
TCTTCATAAAAACAAT,321
TTATATTTCAAATAGA,321
TTTCTACAATGAGATA,321
AAAACTCTGTGAGTCA,320
AAACATTTCGACTCCT,320
AAATTCGTCATCATAA,320
AACCCCATAAAATCAA,320
AATCGAATACGTAAGA,320
AGAATAAAATAATCAC,320
AGACAAAAAACAAATT,320
AGTGGAAATCGCCCAG,320
ATAAGAGGGAAATTAT,320
ATGACAGTTCTACATG,320
ATGACTCTTAACGAAT,320
ATGCGACTCATCAGTA,320
ATGCTGAGGAAAGACA,320
ATGGAGCATCTTCAGG,320
CACGGTTCGAACATAA,320
CATCAGACGAAGGTCT,320
CCAATTAGGATGAGCC,320
CCCTGGTTTATAGAAA,320
CCTGGACATAGTCTAC,320
CTAAAAAATTCTAAAA,320
CTGAGAATAAATTTAC,320
CTTAGGATTGCATTTT,320
GAACCCCTGAATGTCC,320
GAATTTGATGACTAAC,320
GACATCTTAACAAACT,320
GAGAGCTGACAATTGT,320
GCACAAAAGTTATGTA,320
GCTGCCTGCCAACGAG,320
GGGACATTCATAGCCT,320
TAAACATATCCCCTAC,320
TACAAACAGTGTATTT,320
TATCCCTCCAAAAAGT,320
TCAATAGACCAATAGT,320
TCATTTAAAAAACCAT,320
TCTCACACCGAAAGGC,320
TCTGTATAAATTTAAA,320
TTACAATTCATTGAAG,320
AAACTCGTTCATGCCC,319
AAATGACCCCAAATTA,319
AAATGTGTGTTATACT,319
AAATTTTCACTAGAGA,319
AACCAGTGACATGCCA,319
AATATCACAACTCTGG,319
ACAATCGTTGCTACAA,319
ACCAACTAACTATAAG,319
ACCACTAATCCGATAG,319
ACTACTGTGCTTGGTT,319
ACTTAAGAAACAGCAA,319
AGAAATTGTGTGCCGT,319
AGCCGTCACATGATGA,319
AGGCCGCTGAAGGGTG,319
AGGGTACCGCGAACAT,319
CAACTAACGAAAGAGA,319
CAATTCGCGCATATAC,319
CAATTCGCTACGAGAA,319
CAGCGTCACACAAGCT,319
CATAACTATACAAACT,319
CCAATAACTCTGTTGA,319
CCCTTGGGTACGATAA,319
CGCAGAACAATTACGC,319
CTGTTACCAACATATT,319
GCCCAATTTAACAGAA,319
GTAACAATCACTGCTG,319
GTAGTAATTGTTTCGT,319
GTCGATGAATTTATTA,319
TAACACAATAACGGAG,319
TACGAACCTATATGTA,319
TACGCGATATGTGCAG,319
TATCGCAGGGCAATCG,319
TCCAATTTGTAACCGT,319
TCGTTTCGAAACCCAA,319
TGGAAGTCATGAATAA,319
TTATCCTATTGTAATT,319
TTCCCCCCATGTGCAT,319
TTCGGTCTAACGATAA,319
TTCTTGGTCCCCATAA,319
TTTCAACATGCATTAG,319
AATATCCTAAGACGTT,318
AATATGATGGCCGAGG,318
ACTCGCCGGTAATACC,318
AGAACTCAGAACACCC,318
AGGCTTAATACCTAAG,318
ATAACCAACAGAGAGA,318
ATATTTATTACAAGAT,318
CATTGTCAACTGTTGA,318
CCGTCTCAAGGCCAAC,318
CGAGAAGACATAACAA,318
CGCTTGGTAGGAGCAG,318
CTATCCTCCATCGAAG,318
CTTGTCATCTCCCGAT,318
GGTCGTTTAACCAAAT,318
GTACCAAACGCAACAA,318
GTAGCGTATCGCGCAA,318
GTATTCGTAAAAAAAA,318
GTCATAGAATGCCTTC,318
GTGAGGGTACAAAATT,318
GTGCAACATTTGACTC,318
GTGGTCTTTGAAACAC,318
TAAAAACGTGTTACAG,318
TAATGTATACGTGCTA,318
TACAAAAAATTACTCG,318
TGCATCTGAGTCTAAT,318
TGGGTGGACAACATGT,318
TTAATATTACAAAATG,318
TTAGCCGCCCTTAAAT,318
TTCCTATCCGTATCCA,318
TTGTGCCAGATAGAAA,318
TTTGAGAACACTACCA,318
AAAAGATCTGTGTAAG,317
AAAATATGAGTTTGCC,317
AAACCCATAGCAGTCT,317
AAACTTGGCTGACCTG,317
AAATCAGTGACTACGT,317
AACTAAATTATTTTAT,317
AAGGTGTTTGACACCA,317
ACAATAAGATTTCCGA,317
ATAAACAATGATAAAT,317
ATGTAAGGAACCAATT,317
ATTAGGTCCTAAGCAT,317
ATTTAGCAACACTTAC,317
CAAATGTCTTCACAGA,317
CAATTCCTAAGAGATA,317
CCCAGACACGCGGCAA,317
CGAAATTAACATGCCT,317
CGAATCCGTAGGAACA,317
CGACAGCAACAGAAAA,317
CTATTGCCCTATCAGA,317
CTTAAAGCGTCTGAGC,317
CTTGAATATTTGACCC,317
CTTGCCATCAGACCCT,317
GACTGAGATGTGTAGA,317
GCGATAACTAGGCTTT,317
GCGCAAAGAGTTAAAC,317
GGACCACAGAGGAGCC,317
TCCGATAGAATCTCGT,317
TTGGTAATAATGACAT,317
TTTAATCACATTCTGA,317
AAGATACGCAACTATC,316
AGAACACATACGTCGA,316
AGCATTTCCCGTTCAG,316
AGTAGGACTAAACAAC,316
ATAGAATAATGCGCAC,316
ATGTCCTTACAAAACA,316
CACATGATCCATATAA,316
CACTCTCGAATACTCA,316
CCCAACCGCAACGCCA,316
CCCATGACCATACGTT,316
CCCCCTGAAGTTCATA,316
CCTTCTCATTAGACCA,316
CGATATGAACCTTGAT,316
CTAATCATAATAAATT,316
GAGACTAACCCTCCTC,316
GATCATGAACCAAGTG,316
GATTATACCACAATGA,316
GCAAAACCAAATGTTA,316
GCAGTAAATATCAACT,316
GCATGGGTTATACAAT,316
GCGAAATCATAACCCC,316
GCGGAAAATTCAACAT,316
GGTACCTTACAACCAC,316
TAATTTTGGCAAATGC,316
TCAAATTAGACTTAAA,316
TGACCTAAAGGAATAT,316
TTAACTAATTAATAAT,316
TTATCTAAGGGTGCAC,316
TTCACTGTTATGAAGA,316
TTCCAAATCAATGAAA,316
TTGCGAAAGGAGACTA,316
AAACCGTGACAAAAAC,315
AAAGCCACAAGGCGTT,315
AACAACAGAAGAAAGG,315
AACCTGAACTATGCCA,315
AACTCAAGTACAACAA,315
AATCTGTAACCAAAAC,315
AATTGAAACATAAATT,315
ACAAACCTTCAGTCAA,315
ATAAATCGACGGGCAG,315
ATAATCTTTAGCCTTC,315
ATAGGCCTACACCCGA,315
ATCCCCTTGGGGGCTC,315
ATTATATTGATTTAAA,315
ATTTTCTTCAACCAAC,315
CAAAAACCCATAAAAA,315
CATTAGCTCTATGTAA,315
CCATCTTGTATCCCCA,315
CCCAAAATTCCAGAAG,315
CGTACTTTCACCAGGG,315
CTAATACGAAACTATA,315
GAAGCACTTAATTGAG,315
GAAGTATCTATCTTCA,315
GACCAACATACTATGT,315
GCAGCAAAGGTACGGT,315
GCTATTAGGCTATGTC,315
GGACCGGCACGGATCG,315
GGCCCACCATGAGCCA,315
GTACAAATTGTGGTGC,315
GTCCTATCCCCCTCGA,315
GTCTTGTCAACTTCAA,315
GTTAGTAACATTTCTC,315
GTTCACAGAATCACAA,315
TATAGATGGGAAGGTT,315
TATCTTTCGAACACAC,315
TATGAGTCTGTCAAAA,315
TCTAACAAAACCAAGC,315
TGACCCTGAGAACGAT,315
TGATGTGTAATGCATA,315
TTAAATACTTAATTAA,315
TTCTAACTACCCATAT,315
AAAACTATAAAAGAGC,314
AAATATAAACCGGAAT,314
AAGAGTTAATGAGCAA,314
AAGTAACACATTCTCT,314
AATAAAACCTCAAAGC,314
ACAACCGCACCCCTCA,314
AGAACACTACGTTGTT,314
AGCAGTCCACCTACGA,314
AGCGAGGCCCTTTGAA,314
CCGTCTTCCTTTAACA,314
CGAGTACACAAGTGTA,314
CGATATACAAAAACGA,314
CGGAATTTACAAAGAG,314
CTAAAAACTACCATAT,314
CTATAGAGTACCCAAT,314
CTGACCTGTGTCGTAC,314
CTGCCCCACACGAACA,314
CTGGGTTGAACGCCAA,314
GAAACCGCTAAACTCC,314
GAATCAAGAGTTCGAA,314
GACCAGAGTCCAAACG,314
GCCCAGTTTAAAAAAT,314
GCGATGCTCATATTAT,314
GGATGTGATCTATACA,314
GGTCCTTCCATGATAA,314
TCCAAACAATATAATC,314
TTTATTTAAACAATTA,314
TTTTACGCGCACAAAA,314
AAAACGGACCACAGGG,313
AAAGACTGCGTTATAA,313
AAAGATTATGCATAGT,313
AACACTACACCCGGAG,313
AACCACACTACAAATA,313
AACTAGTATTTCACCC,313
AAGTGGCCAAATAAAA,313
AGAATGGACAACAACG,313
AGCAATAATACGAGAC,313
AGGAATTTTCCGAATA,313
ATAATCCAACGTACCC,313
ATACATATCGAAGGTC,313
ATGAGTCAGAAAAAAC,313
ATTCGAACAACTTATA,313
CAGCGCGCGTACGACG,313
CCCACAGTCAATTGGA,313
GACCTTAAAACCGCTA,313
GAGATAGTTTTAACGG,313
GATACCATCCTCCTAA,313
GATTCCTGATAAGTAG,313
GCAACCATGATTAACT,313
GGCAGCGGTCTAACGT,313
GGTTGGACCGTACCAA,313
GTAAGTATGGATGAGA,313
GTACGGACAAAGGACG,313
GTTGTGCTGTACACCA,313
GTTTCAAGAGTTGATA,313
TGAATACACATGTTAT,313
TTATTTCATCAATGTG,313
TTCATCGACCAGTCAG,313
TTCCGCAGAGTAACAA,313
AAATGAAGTAACCTTT,312
AACCGGAACACAGAAC,312
AACGGTGGAGCGTCCA,312
ACAATGCAATCCCCCA,312
AGCAGGACCTATCAAG,312
AGCCGCTAGCGAAGCA,312
AGGGCCCGTCCATCTA,312
CAAAAATTGACGGAAA,312
CAAAACCACCTGATGG,312
CAAACTGACCAACGAA,312
CACATGTGTGCACCTT,312
CCAGTACTATAGGTCC,312
CTAAGCTTTACGACAC,312
GACTCTGACCGAGACA,312
GAGCAGGACATAAGCA,312
GCAAATAGCTCAATAA,312
GCCTTATTAGCTTACA,312
GCTTTAACTAAAAATC,312
GGCCCAAGACTATTGC,312
GTAAACGATGAATGAA,312
GTACCAAAATGCTCGG,312
TAAAACAAAGACAGAA,312
TACAGGTTCATCATCG,312
TAGTAAATGCCCAAAA,312
TATTTACAATAAAATT,312
TCAGGCCTGGCCTACC,312
TCGGAGATACGAATAC,312
TTAAATTTCGCATAGT,312
TTACGTAAGGCTTGTA,312
TTGGTTTATACCGTAC,312
AACACTCATATCATGA,311
AAGATTAGTATTAGGG,311
AATACAAGTGTGGAAA,311
AATACCTCTAAGCCAG,311
AGACACAGGGTACTAT,311
AGAGATCGTAACGGCC,311
ATAGGAAAAAATACAC,311
ATCACACAATTATAAT,311
CACTCAACCGCACAAA,311
CAGAGCTACGTCCAAC,311
CCAAAGTGCCGCCTGA,311
CGGGTGCGACGGAGTA,311
GATAGGCGTTGCAAAA,311
GCCACATTTGTTGATA,311
GGGAGCCTGACGTCGA,311
GTACTAACAATCATCA,311
GTCGTTACAACAAATG,311
TAGCAGAGAATTACTA,311
TATCGGGACCTTAAAG,311
TCAACCGCGACAGTGT,311
TCACTAGAAAAGATAT,311
TCCTCCTCTGAATGAA,311
TCTACGTAAAGATGAA,311
TTATTCTCCTTCCTTA,311
TTTTTACAAAAAATAG,311
AAAAACATACCCCCAA,310
AAACGCCGCAACCAAG,310
AAGATCGTACCTAGAT,310
AATCGTACAAAATTTA,310
ACTATGTTCACGTAGC,310
AGAGTTGTTTAATAAC,310
AGATTAACCGAACTAC,310
AGCATACAATGCACAT,310
AGCCTCAAAATTAAAG,310
AGTTCTTGTAGTATTA,310
ATAAATTATTGAAAGG,310
ATCCCAACAAGAATAA,310
ATCGTAATGTAACAGT,310
ATCTTAGAGATTGTAC,310
ATGATGAACAGAGCAG,310
CACCAGCGTACAACAC,310
CACCGCTCACCACGCT,310
CACGTTCATAACGAGG,310
CAGAGACCCTAAGGCT,310
CATTTGCTAACTGATC,310
CCTAATTACAGTAAAG,310
CTAAACATACAATGAC,310
CTAACAAGAAACGGTT,310
GACGTTGTATGCAAAG,310
GCAGTCAAGCATAAGG,310
GCCATAGAATATTCCT,310
GCCGAATAAAACCCCA,310
GGACGACCCTCCACCT,310
GGTACAACCAACTTGC,310
TCCTTTTACTTAAAGT,310
TGTATACAGGTCCCTG,310
TGTGAAACAACATAGG,310
TTAATGAGGATTGTCC,310
TTATCAGCTTTCTTGG,310
AAAACTAAACCCACAC,309
AAAATCACTGATTCAT,309
AAGAATGCGCCGTCCA,309
AATAACAGCCCTGAGC,309
ACCAAGTCTTGGGACA,309
ACTAACGCTGGAGGCG,309
AGAAATACCCAGATTG,309
AGACCCTATCTGGACT,309
AGGAGCACTTCACGAT,309
ATCCAGTACCAAGCAA,309
ATCCTATCGCAATTGA,309
CAAAAATACAACATTA,309
CAAAACTAAGTAATGG,309
CAGGCTTGTCTATGAA,309
CAGTAAGACAGAAGAC,309
CCATACATCCATGTAT,309
CCCCATATTAGGGATA,309
CGTGATAATAAGGCCC,309
CTCGATTCACGAAAGT,309
CTCTAAGAAAGATAGG,309
GAAAAGACAGATCATA,309
GAAAAGTATTCATTAA,309
GCATTTTTCGCCGTCA,309
GCCGTCACAGTCTATG,309
GCGCTGGATGTGTTCT,309
GCTCCTAAGATAAAAG,309
GGGATTTGTGAGACAA,309
GTGGAAAGAATGGCTC,309
GTGTTCAAGTGTATTT,309
GTGTTCAGTATTTGAA,309
TAAATGAATCTACCAA,309
TAATAGGCCTTAAATA,309
TAGATGCCTAATAATC,309
TAGGGTTTTAGCTACG,309
TCAGCTTTTTTGAATG,309
TCTTCAAGAAACACCC,309
TGCGAAAATTGGTGTT,309
TGCGTGCACTTTACCC,309
TGTTATTTAACGAACA,309
TTCGTCTAATGTAATC,309
TTTTAATAGAGATTTG,309
TTTTCGTCCATGAAGG,309
AAAATTTTGAATCGTT,308
AAACAGAAAATTATAC,308
AAACCTACATAGACAC,308
AACCCATGCTATACAC,308
AATACCAGTAAAGGCG,308
ACATAAAATCTTCACA,308
ACGACCCATTCCAGAG,308
ACTTTAAAAGCACAAA,308
ACTTTAAGCCTGTTAG,308
AGAAAATTGAGGAAAA,308
AGTAAGTAATATAAAA,308
ATATATTTGTGACAGA,308
ATATTCTAAGACGGTG,308
ATGCTCTCGCGTAGGT,308
ATTAATCGGACCGCAC,308
CACCCCCAGATTAACC,308
CACGGCCGATCACCTT,308
CCTAAAGATCCTCCGA,308
CGATACCACTGCTCTA,308
CGCTCGAAATGCGATT,308
CGCTCTGCTAAGACAA,308
CTTCCCCAATTCCAGA,308
GAAACCGCGCGAACTT,308
GACCCAAACAAAACAT,308
GTCCGAATATAAGCTA,308
GTTGACGAATAATGAA,308
TAGGGGAGATCCCATA,308
TCATCATAGTTATCCC,308
TCCAAGAATGCTACCA,308
TCTTGAGACTACTACA,308
TGCTCGTCACGAATAC,308
TTATAAAATTTAAGAA,308
TTGGAAACCTCAGATG,308
TTTAATCCTAAGAAAA,308
AAACTAGTTTTAGACC,307
AAACTTGGAACAGTAT,307
AAATAAGGACGCCAGC,307
AAATCTGTAAATCATG,307
ACATGTCAAACGATGA,307
ACCATTATAAAACCAA,307
ACCCCGGCGCGAACAA,307
AGCAGATATTTTAAAA,307
AGTAGCTCAACTCCCC,307
AGTTCACTAACCCCAC,307
AGTTGAATCGTACCCT,307
ATCCACGTTTCCTGCA,307
ATTCAAATTATACGGT,307
CATACCCTGTGAAGAA,307
CATAGAATGCAAATCC,307
CCGCGTATAGTGTCAG,307
CCTAAAGTTCTAACAT,307
CGATAATATTCGTTTA,307
CGCAACGTTGAGATAA,307
CGTCAACGGAGTCGCC,307
CTCATAATTGACACAC,307
CTGCACCGCCTACTAA,307
CTGCACTCAAATAGAC,307
CTTGTTAATTCAAACG,307
GAAAATAGGATTCACA,307
GATGATACACCTCGTT,307
GATTAACCCATCCTTG,307
GGATCTGCGATTCTTC,307
GTGTTAAATGACACAA,307
TAAGGATGCAGGAGCA,307
TCGAAGCGAAAATATA,307
AAACGACTCTGGCAAA,306
AAAGCTAGGCAACGAT,306
ACACGATCCCCACACC,306
ACACGCAATATTAAAC,306
ACATTCAATCGCAAAT,306
ACGACAAAACATAGCA,306
ACTCATTAATCAAAAA,306
AGAATGTTGATCCCCT,306
ATAACTAAAATGAACT,306
CACTCATAACAAGAAT,306
CCCAAAAAGACAACTT,306
CTAATACACCAATCGT,306
CTTATGTTGTCGTGTA,306
GACCAGCAAAATAGGC,306
GGAAAGAAGTAAGATG,306
GGCGGTTCTGACTCAA,306
GTGACAAAATGTCACG,306
GTTGACATACTGACAT,306
TAAAGATTGATCTCCA,306
TATCCGCTTAAACTAA,306
TATGTAGAATCAGCAA,306
TCGTTTCCTTAAGCTC,306
TGTCAATGGGACCCGA,306
TTGTGCTTATATCTCC,306
AAAAAAAAGTTAACTA,305
AAAAAAAGTTGAATCG,305
AACCCAAAGAATTGGG,305
ACCACTGCTACGCGAA,305
ACCAGGAGCAAAACTA,305
ACCTAGAATTCCGCGT,305
ACGAGTGAATAAAGAA,305
AGTCGAACAAGTTAAA,305
ATACGATGTACGAAAG,305
CAAAAGTGTGACTGAA,305
CAATTATCTTTTAAGG,305
CACATAAAAAAATAAC,305
CGAATTAAGTAGTTAC,305
CGTGATCCTGTCCTAA,305
GACAAATTCATGCTAC,305
GAGAAACTACATTCAA,305
GAGGGGGTCATGTACG,305
GCGTTAGGTAAAAAAA,305
GCTCTTCAGACAAATC,305
GCTGTTATAACAAATA,305
GGTCAGGTAGACGAAC,305
GTATATAACAGATAAT,305
GTGAAGCGCATTTTAC,305
TACCACCCGTTTAAAC,305
TACTTGGACCCGGATC,305
TGAATGATATACCCAG,305
TGATTGAGCCGCAGAT,305
TGATTTAAAACAGGAC,305
TTACATCATCCCGTTT,305
AACATCATGATGGTAC,304
AAGATAAAAACTAAGA,304
ACACGTGCGAAGATGA,304
ACGAACACCGAGACCA,304
ACGATATGGCTGTCTT,304
AGCTAGTCAAGCTCTG,304
ATATGTGAAGAACCGT,304
ATCGAAGCACAGCATC,304
ATTTAATGAAATGAAG,304
CACACACATTTGAATA,304
CAGGAAACCACCCAGA,304
CATAGTATACTGATTG,304
CCAGAACCAAATCCTG,304
CCCGCAAAACAATTTT,304
CCGCATAATGAGCCGT,304
CGTAACAGCGTACGTG,304
CGTGCCGCCCGCGCTA,304
CTACACTTTGTTATCT,304
CTCATCCTTTCAGAAA,304
CTCATGTAAAAAGCAG,304
CTTGCCTATGTTAATA,304
GATCAGGAAATCCTGA,304
GCATATGGAAGTTGCT,304
GCCAAAAAATTAAAAT,304
GCTTTTCTTCAGATAA,304
GGAAACCAAGGTTAAG,304
GTATTATGGTGCGAAC,304
GTGATGACAACGAGTT,304
TACAGTAAACAAACAA,304
TAGTAAATACCTACTA,304
TATAATAAGCTGCAGC,304
TCCCAATATCAATTTT,304
TTAACCTAGAACGCCC,304
TTGAATGTAGATAAAG,304
AAAACGACCATACGTT,303
AAAGGAAGTAAAGTGA,303
AACGGTTTAAGTCTAA,303
ACCGACGTTTCTATTT,303
ACCGCTAACTTTAAAA,303
ATCAAGGAGATTTGCT,303
ATGAAGGTAAATTACA,303
CAAAGAAACTAGGCCC,303
CAGCCAAGAGCGCGTA,303
CCGCCTTCTAGGCCAG,303
CCGGATGTTACAGACT,303
CCGTCACAGGATATAA,303
CTAAGTAAGATAAGAA,303
CTGAGATACAGATAAG,303
CTTTATCCACACAACT,303
GACAAAAAAATAGGAG,303
GATAGGAAGAATGAGA,303
GCGGTGATCTGATTTC,303
TACACACTGTAAATGA,303
TCACACAGATCAATTC,303
TGCCCTTTTCAAACCT,303
AAAACAAGCGTATTAG,302
AAACATTCCATTTCAC,302
AAACTTAGTAGCCCAA,302
AAACTTTAATAGACCA,302
AAATATATATCATTAT,302
AAATTTATACCTTACA,302
AAGAGATTCTAGATTT,302
ACAATAAAAGCAGAGA,302
ACCACTACAACATCAG,302
ACCTAAAACTCCAAAT,302
AGAGTTAGAAAATAAG,302
AGAGTTTGGCTTAGGT,302
AGGAACCGAAAGATAA,302
ATAACAAATTAAACTT,302
ATGCTCTGCCCCACGC,302
CATAGAGCTATAAACA,302
CATGAGTTATTATAAA,302
CCGTGGTCTAAAAGCT,302
CTATTGTGACACCAAC,302
GAAACGAAAAAACTCG,302
GAAGATACAAGTTCGT,302
GACGTACCCAGATATA,302
GAGAATGCTTTTTCCG,302
GATCAGAACATGGGTG,302
GTATACAGAAAGATAA,302
GTTGGAAACTTAAATT,302
TAATCTGGAACAGAAG,302
TACGCTATGAACTGAA,302
TTAAAGGTTAAAAAAG,302
AAAACAATGGGACTGC,301
AAAACCAGAAATTACA,301
AAACTCGCAAAATGAT,301
AACAGTCGAGACAGAA,301
AACCCCCGAATCGTGC,301
AAGAACTAAACCCAGA,301
AATGGCAAAAGGGAGT,301
ACAATCTATATGTGTA,301
ACGCCATAAGTACAAA,301
AGGTGTGCGCACCATT,301
ATAGCCATACGATGAG,301
ATTGGCACGGGCCAAA,301
CATCCAGGGCTGGTAG,301
CCAACTCCAAAACCGC,301
CCAATCGGGTCCAGTA,301
CCCGTTCGATATTCGC,301
CCCTAGTTACATAAAT,301
CCTATCTTCCACAATC,301
CGAAGCAGACATACAT,301
CGAATACAGTGCTCCA,301
CTTTTATAACTGCGAT,301
GAGAGATCAACGACAA,301
GAGCCAAGTGAAAATC,301
GATAGCTCACGTGTTG,301
GCGACCACCTAACCTA,301
GCGGCCGAATACGTCG,301
GGTGTGGTGGCTAAAG,301
GTAAAGGGAGTAGATA,301
GTATTCTTACAAACGA,301
GTTCTTGAGTCGGCCT,301
TAAATCAACCGTGATT,301
TAGAATTGACTGTTTT,301
TGTCATACGCAAGAAA,301
TTCGTGATAAACTAAC,301
TTTCGCATTAAGGACG,301
ACAAATATGCTGGGGC,300
ACATAGCTCGGCATTA,300
ACATATAAGCGGTAGT,300
ACCACGGCATTGCGCG,300
ACGAATTAAGATAAAA,300
ACGCGTCAAAGAGTTG,300
ACGGATGAAACCTAAC,300
AGATAGCTTTCCCCCA,300
AGTCAAAATAACCAGG,300
AGTGCTTATTAAGACG,300
ATCCCAATTAGACAAA,300
ATCGGAAGTTTAATCT,300
CATACCTAATATCAAA,300
CTAAAAGCCGTTGACC,300
CTTCTCCCGACTACAA,300
GAACGAGAATACGACC,300
GAATTCACAGTATTAA,300
GGTTATAGATAATGAG,300
GGTTATTTATAGACCT,300
GTAACGGGGGATAGAA,300
TAACATGTACACACCA,300
TATAAAATACTTCAAA,300
TATACCGTCAAAACAC,300
TATCGCTCAATGAGAT,300
TCGAGGCCCCTAGATT,300
TCTACCAGGGCCCAGC,300
AAAAACATAGCCGTAC,299
AAAATGCGCTATAAAA,299
AAAGGATAAGCCGAAT,299
AAGTAACAAACCCTGG,299
AAGTTTACAGATATTA,299
AATATTTAAGAGAATG,299
ACAACAGAAGAAGAAA,299
ACCCAGATTACAACTG,299
ACTTGAAGATTCGCAT,299
AGCAATCTACGCGAGA,299
ATAAAATCTTGATCCG,299
ATAGAATGCGTGATTT,299
ATATTTTCCTGGCCCA,299
CAGTGTTAGACTTTGA,299
CCATTCCATTCCCCTG,299
CCCTAAACATCAGTTG,299
CTATGAGCTGAATAAC,299
CTCGACCCTGAAGACA,299
GGCGGTCCTTCAAACT,299
GTTAACTCCTGGAGAA,299
TAAAAGACCCACCCGT,299
TATTACTATATCCAAT,299
TCTTTATCCAGCCGGA,299
TGGTAATTTCTGCAAC,299
TTAAACGCAGACGACA,299
TTAGATATATAACTTA,299
TTTTCCAAAATACATT,299
TTTTGCAAAGTTGTCA,299
AAAAGAATGAATCCAA,298
AAACTCAGGAGATTCA,298
ACATTAAAACCCCATC,298
AGCTCTTCCGAGTGAA,298
AGGTCTGTGAACAATC,298
CAAAGCAAAACAAATG,298
CAACAAATACCGCCTG,298
CAACTACATAATTAAA,298
CACGTAAAATTCACAA,298
CAGTAACTGAGAGACC,298
CAGTCGATAAATATAA,298
CCAATCGGTGCTTAAA,298
CCGGGCGGTTGATAAG,298
CTAACTCATTGGGTAT,298
CTGACAAATATAACGC,298
CTTTTCGACTATACCC,298
GAAAACCGGCAGACTG,298
GAAATGATGTACTGGG,298
GGTAATAATGGGATAC,298
TAAATATCTTGCACAC,298
TCTAAATTAGAAGAAA,298
TCTACATTGTCGCTTA,298
TTGCTAAGACTGAAAA,298
AATATTCATAAGAGCT,297
ACTTACCCGCAAAACA,297
AGAAAACATTACCTAC,297
AGACACCTTACCTGTG,297
ATATCACACCAAATGG,297
ATTATTGTCTGCGTAG,297
ATTGCTCTGCCGGGCA,297
CAAGAAGCCTTAGATG,297
CAATGCTTTACATAAA,297
CATAAACAAGCACCCG,297
CCATGTAGCATTAATG,297
CGAAGTGCGCTAGTGT,297
CGGGGACAGGTTGTGT,297
CTCAACCGTTGAATCC,297
CTCAACTTACTAGAAA,297
CTTGTCTTTTAAAGCA,297
GACAAATTAACTAACA,297
GAGATTACGAAAAACA,297
GAGGCATTGTGGGGGA,297
GAGGTATAGCAAATTA,297
GCTATAGGAATTGTTA,297
GGCCAGGCACATCCCC,297
GTAGATGTTACGACAA,297
TACATCCAGTGCAACC,297
TGTTTAAACACAACCC,297
TTATTATATCAATGTC,297
TTGCCACACAGCGTCC,297
AAAACCAGCCAAACCG,296
AACCCGTAATTATAAG,296
AACTAACCAACGTAAA,296
AATACGGCTGCCCTAG,296
AATTTTAAAAGTTAGC,296
ACGCTAGACCGTTAGC,296
AGATTCATAAATGTCT,296
AGGCTACTGTTCACAT,296
AGTAACTGCACACCAA,296
ATAAACACCTTGTCCC,296
ATACGAATATGTTTGA,296
ATATCGCAAATGCATC,296
ATCAAACCTTTCTACG,296
ATCCTATACACCTAAT,296
ATCTCCGGAAACAGAC,296
ATTCAGATCCAACTGA,296
CCAAGAAAAGAGTAAA,296
CCTTTATTACTAGGAA,296
CGAGCCTAAAAGCCAA,296
CGGAACACCAATAGGC,296
CTCCTCGAAGAAATAG,296
CTTTCATATGCCCCGG,296
GAAGTTTGACAAAAAC,296
GAGATCCAATTCGAGA,296
GAGGCTGCCTACTGAT,296
GTGGGCGACGGATGAC,296
TAAACCTGATTATGCT,296
TCATTCGATGGGAACT,296
TGTACACCCAGGTCGG,296
TTTAACATGTCTCGGT,296
AAAGAATGGGAAAAAA,295
AACGGCCACGAATCAA,295
AGATCACTGTGCACCG,295
AGCCGTACTTTATATA,295
CGTAAACAACCACTAT,295
CTAAAAATTAGGAAGT,295
CTACGGTGAGATTTAC,295
GCCATAAATCGGCACG,295
GGCATCTACTCAACCT,295
TAATAGACGTTTTATC,295
TAGAAAGTTAATATAT,295
TATCAGTCAACTACAG,295
TCCTTGGACATCTATT,295
AAAAATATACCGGGGA,294
AAAATTGAACTAAGCT,294
AAACAGCACCAGTAAC,294
AACGCAAGCTCAACCA,294
AACGTAGCCTATAATA,294
AAGAAAACTGTGTTTG,294
AAGAGCGGAGCTAAGA,294
AAGGTGACGGCATCAA,294
AATTTACTAGAGAGAT,294
ACAACGAAACCCATAT,294
AGCATACGCGGTGTTT,294
AGGTGACCGTAGTTGC,294
ATACAAGTGGGCTATA,294
ATCGAGATACCGGTAC,294
CAAGAGATAACCGCTA,294
CATATGAGCGGAGTAA,294
CCCCAAGAAGAGACGA,294
CGAAATATGACGACTT,294
CGTGCTGCACACGGAT,294
CTATTCTGGAGATATC,294
GAATAAGTGAACAATG,294
GCCAGAAAAGGCCATT,294
GCCCGGATTGGCGAGA,294
TACCGGCTAAGACAGT,294
TATGTAAATTACAATA,294
TCATCTTTACCTCGTA,294
TCCGAACCAATGTAGG,294
TGCACAAGGTTAACAG,294
AAAATATCAATGCACT,293
AAAATGCCAGCGAATT,293
AAAGTTTGACCTGAAT,293
AATACAGGTTCTAAAT,293
ACTCATTGTAACCTCA,293
ACTTGAATCAACAATG,293
AGAATGTTGCAACCTA,293
AGCACTCTTAAACATG,293
AGGATACGTCCTCACA,293
ATAGAAAAACATGACC,293
ATGCCTTCCCTCACTC,293
ATGGGCCTTACCATCT,293
CAAATAAAACAATCAG,293
CATCGTGATTAACAGA,293
CCAACCAAATTAAGAG,293
CGAAGCAAAGCTCATT,293
CGATGTACGAATACGT,293
CGCCCACTAGCAAGAA,293
CTTGGACTAGGCCACG,293
GAAACACAAAAACAAA,293
GAATCAGAAAGACGAT,293
GATAACTAAAACAAAA,293
GATATACACTACGTCT,293
GCGAACTACCAATAGG,293
GGACAATTTCCTAGTA,293
GGCGACGCAAAGGGAC,293
GGCTACAGGGGTCGCG,293
GTGACAATACGGATTA,293
TAAACAAAGAGACACC,293
TTAGATACGCGCTGTG,293
AAAAAAATAAGCCAGG,292
AAGAGACGCCGAAAGA,292
AAGTTACTAGGTCACT,292
AATTCTATAAGCAAGA,292
ACAAATGATATTTAAA,292
AGCCTCTCAGCACCAA,292
CACAAGTAGCGTTGGA,292
CCCAGTCTGCAAACCA,292
CGAGACTATGTACTAA,292
CGAGCGGAATCTATAC,292
CTAGCTCTGTATACTC,292
CTCTTGACATAAGTTG,292
GAAACATGCTATACAC,292
GACTCGGATATATTAT,292
GAGGCGACAGCCGTTC,292
GCAACTTCCTGTCGGT,292
GCACCATACCAAAGTC,292
GCCAAATACTTCGATA,292
GTAGGTAGACTACCTT,292
TAAAACCAATGGAGTA,292
TAAAGAACCAAACCTC,292
TAAGAGAAGGTTAAAC,292
TCAAAAATCTATCAAA,292
TCCGAGATCTTGAGCG,292
TCGTACTGGACTACAA,292
TTTACGCTAGGCTCTA,292
AAAGAGACTACAGAAA,291
AAATCAAAATAAGAAA,291
AAATCCTCATATCAGA,291
AACCAACAGAAGGGGA,291
ACACAAAACGGTAATA,291
ACAGCAACATATGAAC,291
ACAGTTCCAAAAACTA,291
ACTACGTGAGATCTTT,291
ACTCTTATGGTCCGCA,291
AGCCGTTTGACGTATG,291
AGTAGCCCGGATAGTG,291
ATGATTTAAGACTAAA,291
CAATCGAGCTAAACCG,291
CAGCCTCGTCAACGCT,291
CCGCTTAGGCACGACT,291
CTTTGCCATGATAAGA,291
GAACTGAGAATCTACT,291
GACGAATATCCAGAAA,291
GACTAGTGCAGATAAT,291
GAGTGCACTTCAATTT,291
GATGAATGAATTAATC,291
GATGCTAATGACTACA,291
GCAGTATCATCATTAA,291
GCAGTTACCGATCGAT,291
GCCCACTATTCAATAA,291
GCCTCTATCAAAAAGA,291
GGAGCGATCATTTAAC,291
GGCGCTATAACAGTCC,291
GGTCTAATAGAAACGG,291
GTCAAATTAGTCTTCA,291
GTTCCCATTCGTTGGA,291
TAACAAAGTAACAATA,291
TAGAGGAGTGATATGC,291
TGACGCAAGGCGCACA,291
TTAATTTTCCCGACAA,291
TTTAGTTTAGTGACGC,291
AAACATAGTACACTTA,290
AAACATATGGTCTGTA,290
AAATGTAAAAAAAACA,290
AACGAACCTAAAACGA,290
AATACTCATAAATATA,290
AATACTGGGCTCATCG,290
AATCAGAAATTCAATA,290
ACAAAAATTTCCAATT,290
ACCAGCTTGTTATATT,290
ACGCCATAATGGCGAC,290
AGCGTCCCGAGTCGAA,290
AGCTAAAATCATACCA,290
ATAGTGACGTTCGCCA,290
ATCTACAAAAAGAAGA,290
ATGCTCCATATAAACA,290
ATTTAGCTATGAGTGG,290
CAAAATAACCAGCATG,290
CAGGCATATCATGTTC,290
CGTAAGACATAGTCAA,290
GCACTCTTGAAGTCAG,290
GCTCGATTTACACCGG,290
GGATCTAACGGCAGGT,290
GTAACTGATTAGTTCA,290
TAAAGCGATCCATCAA,290
TAGGAGCCACCCATAT,290
TCAAATAGGCAAGCAA,290
TGTCGGTCTATCAATT,290
AAAAATACACTAAAGT,289
AAAGACATACTTTAAA,289
AATGGGTGATTACATA,289
AGTCTGATGCTAACAC,289
ATACGACTTCGCATTG,289
ATATAGGTCCTAAGAA,289
ATGCTCGAGAGTAGAA,289
CAGAAGTATCGGAACA,289
CGCCCACTTAAGCTAT,289
CGCGTAAAGACTATTC,289
CGCTGCCCCGTAGTAT,289
CGTAGCTATGGCTTAA,289
CTAGATACAGCCTTTT,289
CTCTATCAAAACAAAG,289
GAGAAAAACACACAGC,289
GAGCAAAGTCTGCTGA,289
GCAACAAATAGCATAC,289
GTCTCGACTGATGTCA,289
TAATCACCAATGATAA,289
TATATCGGCCTCGTAC,289
TCTAACAGAGCCAACA,289
TGAGCGATGACGTCAA,289
TGATTTATAAGCAAAA,289
TGCTTGCTATGTATTA,289
TTAGTCCCCTTACGCT,289
TTCAAGATTTCTCACC,289
TTTCCAGAACATATGT,289
AAAAAACAGTAATAAA,288
AATTCCTGTAAATAGC,288
ATACGTAAAAATTAAA,288
ATTATATGTTTTAACA,288
CCCAATCTGGAGGCTA,288
CCCGCTAACGAGCTAA,288
CCGCAAACTGAAAAAT,288
CGTGAAGAAGAGAAGC,288
CTCATTAAATATCCCT,288
CTCGGCAACATTGACG,288
CTGACTCTCCAAGTGA,288
CTTAAAATGATTTAAA,288
GAATATCTGCATAAAA,288
GACAAAACTTACCACA,288
GCGCAAGCCATACTAT,288
GTAGTCACACTATGGC,288
TAACCTCACTAATTAT,288
TAACTACAAAGTACAA,288
TAATGAGAAATTTATT,288
TCCAGCCCAATGTGGG,288
TTAAATCATGAGAAAA,288
TTGCAATAATTAACTG,288
AAAATGCAATAGAGCT,287
AACAACGGTAGTGAAG,287
AACCAACAACTGGCTT,287
AATATCATAATAAATA,287
ACAACTACCAATACCA,287
ACACCAGGGACCTCAG,287
ATTTTTCAACATCCAA,287
CAAATACTTGATATAT,287
CGTAATTAAGTACTGA,287
CGTACAAATATCGAGT,287
CTGACGCCTACTGAGC,287
GAAATATAAAACCGCA,287
GACTGGACCTTCAAGT,287
GCACTCGATAGAACAA,287
GCCGCTGTTTTTGCGA,287
GTACATTGTAAAATCG,287
GTGCTACCTAAAACTG,287
TAAGCAAAAACCGCCC,287
TCATATGTACCCACAT,287
TCGTAATTCAACATAG,287
TGCGCTCCCTCGAACA,287
TTATGATAAAGAACTA,287
AAAAAAATTCTCATAG,286
AAAATACACAGCACAC,286
AAAGGTCCACAAGATT,286
AAATAATTATCTGACG,286
AACGTAGAACCTAGTA,286
AGAGATAAGTCGAGTT,286
ATACACCCAATGGACC,286
ATATTAGATTCGTCAC,286
ATCAACGAGAAATGTC,286
ATCACCATGACATAAA,286
ATCGTAAAGGGTTTCG,286
CACATAGCAGTCGAAC,286
CAGTTTGCCACCAGAA,286
CATAACGTAACAAATA,286
CCATCCAAAAGATAAT,286
CCTAAGAACGCACCCA,286
CCTTCTATCCCAGTTG,286
GAAGATAGAAGGTACC,286
GAATGACCACGAAGAC,286
GAGTCTTTATTAGAAA,286
GAGTTAATAAAGATTA,286
GCAACATAAATCACAT,286
GGCTAAATCGAGTCTT,286
GTAAACTATTCGACCG,286
GTATAAGGCTACAAAC,286
TCCGGGGATGAGTGTT,286
TCTGTACCATAGAACA,286
TGAAGACTAAAAAACC,286
TGGTTGATAAATACTT,286
TTAATATTAAGAAAAA,286
TTAGATTGCAATCTTT,286
AAAAACTTTTCTAAAT,285
AAACAAGTTAACTTTG,285
AAAGCTCCGGAAGGTT,285
AAGACATCATACTTTT,285
AATAAGGGTGTCTTAA,285
AATAGATTAAAATTCG,285
ACGCTCAGGAGATTCT,285
AGAGATAAGACTTAGA,285
AGGGTAAAGAACACCA,285
ATATGGGCCACTCATT,285
ATGCCGTATTGATGAC,285
CGGACGACGTGAATGA,285
CGTTGGTCAGCACTGC,285
CTAATACAGGCCACTG,285
GACTGATAAGACGCTA,285
GATAAATCTAGGCTTT,285
GATCTCTCGAGTGCAG,285
TAATTAGTCAGGGCAA,285
TATAGACCAGTACCAA,285
TCTAAGAGCCTGGAAA,285
TGAGAGCGTATCATAC,285
TGTGTTAAACATAAAT,285
TTACAAAAGAATATGA,285
TTAGAAGTCATGAGGT,285
TTATAGATGTAACCAT,285
AAAAATGAATCACAAA,284
AAATAGTTCTGGGGCG,284
AACACAAACCATGGTT,284
AAGGTCAACTCCGATA,284
AATAACCTCAATATAT,284
ACAGATCTGCATTCTT,284
ACCTAAGATTAGATAA,284
ATCGTGTGAATAAAAC,284
CAAGAACGTAGACAAA,284
CAATCCATCAATAATG,284
CATAGCCAACCCATAA,284
CATTCAATATCGACCT,284
CCAATACCCGCTCTCT,284
CGCAAAGGAAACGACT,284
CGCATACCCGCTAAAT,284
CGTGATCTAGATTATA,284
GATATGTAAGAAAGAA,284
GCCAGGAGGCACGGTT,284
GCGGGTAAAAGTAACC,284
GGATGAAACAAACTTC,284
GGGTGTGACACACAAA,284
GTAAATCCCCCGAGTA,284
GTAACTCTAAAAAGCT,284
TACTTTCGTAAACAAG,284
TATGAATGGTAAATAC,284
TGACCACAAAAAGATG,284
TGCTGCCAGACCCCGA,284
TTGAAAAATTGAGCAC,284
TTGGGACCTTAATATT,284
TTTAGCGAACAGTACT,284
AAACAAAAGCATAATG,283
AACCTTCCCTAAAAAA,283
AACTGGAAGTCCAACA,283
ACCCCTGTGGAAAAAC,283
ACTTAAAGAAAATGAA,283
AGACAGAGAACGAAAA,283
AGAGATGATCAGATCC,283
AGCCGTAATACGAAAG,283
AGTAAAATGAGAAGTA,283
ATCGAGAAGAATTAGC,283
CACGAATGTGCAGAAC,283
CAGATCCCGATTAATT,283
CGACGTGTCGGCTTAG,283
CGTACCGAATCAGAAA,283
CTCTGAATTTCAAGAG,283
GAATACTTACAATCTA,283
GGGAACTACGCTGCAT,283
GTACACACGTAATACT,283
TATATGAAGATTTGAA,283
TATCAGTAGTTATGGC,283
TATCCACGTACCGCCT,283
TCAGTCTAAAGTTTCA,283
TGATAAAGGTTAGGCA,283
TGCTGAGAACTAAACT,283
TTTTCCACTCAGATCC,283
AACTAGCTAGAACTTG,282
AAGACATACTAAAGTC,282
AATCATCAACCCGAAG,282
AATGAAAAGATTCGGA,282
ACATCAAGAACACAAT,282
ACGCGACTCATAACAC,282
ACTACTGGGGTAAGCG,282
ATACCGGGTGCACACC,282
CAAAATAAATGACCAC,282
CACGTGGTACTCTCCC,282
CAGTACCCTAAAAAGT,282
CCTTCATCTTCTGCCT,282
GAAGAGTCCTGAGAGA,282
GACTCATATCAAACCA,282
GATCACGAAAAAACAG,282
GCAAAAGTAAATTTCT,282
GCTAACGCACACAGTT,282
GTGAACAAGATTAAGG,282
GTTTATACCGGCGTGA,282
TATTGGCTGATATCGA,282
TCTAATTCTAAGATGG,282
TGTGGAGCCTCCATAG,282
AAAGGGTGCCAAATAA,281
AAGATATATTTGTGAT,281
AATACATTACTTAACA,281
ACACGATCTGAAAAAG,281
ACTAACCGATGTGAAT,281
AGACTAAATGACATAA,281
AGATTACTGGACCACC,281
ATCAACTCCAGGAAAA,281
CACTATTTAAAAGATT,281
CCACCCACTAGATACA,281
CGAATGCATAAGAATT,281
CTAGATTCTTACAAGA,281
CTATTTTACTAATCTT,281
GATGCCAACATTCAGT,281
GCAAATAGTGAACAAA,281
GCGTACAAATATTTTT,281
GCTAGACATATTCTCT,281
TCATTGTAGAATCTAA,281
TTAAATCTGAACAACA,281
TTAAGACTAAAGTACT,281
TTAGTCATCAAAGTGA,281
TTCACGTTACAATTCA,281
TTGCTCCATACGTGTA,281
TTTAAAGATCAAAACA,281
AAAGGAAAGGTGAAAC,280
AAATCGAGAAAATCAT,280
AATTCAGATTTCACCA,280
ACAGCGAAGATCTACT,280
ACCCGAAAGAAAGGGT,280
AGAGCCCGATATTACT,280
ATAGACTATAATTTTT,280
ATCACCAAATCGCGCA,280
CAAGTACATGGAGAAA,280
CCAAAGAGCTCAAGGG,280
CCCAACAATAGTGCGC,280
CGAATCAACTTTCATA,280
GATACAAACTTCTTTA,280
GATAGTAAAAAAATTA,280
GATTACCTGAACTTGT,280
GCAGACATAACCCAAT,280
GCCCACAATCTACTTA,280
GGCTCACAAGCAACTC,280
GTCAACTAGGAACCGC,280
GTCAATCGTCAAGCCA,280
GTCGCACATAACTCGC,280
GTTTCATCGTTAAACG,280
TAATGAACACGAGCAA,280
TACTATTATAGAGCCA,280
TAGTCCTATATCCAAT,280
TCAGAAACAAACTTTG,280
TCATGCATGATAAAGA,280
TTCCTATTCGAAATAT,280
TTCGATTGACGAATGT,280
TTTTTAGTCTACAAAT,280
AAAATGTACCTCAATA,279
AAAGACTCACGCCAAT,279
AAATTACATGAAGGAC,279
AAGAAGTTCAATTCAC,279
ACATTGGGCTGATCTA,279
AGAAGAAGAGATGCAG,279
AGACTACCTTGTAACC,279
ATACTAAAAACTCAAC,279
ATATAAAACTATAGCC,279
CAAAAACACAGAAGCA,279
CATAAAGTCTACCGGA,279
CGAAACGCAGAAATTT,279
CTAAGCCGGGTAACCA,279
CTACCCGAGGAATGGT,279
GAATATTGTAATTCGA,279
GATGTACAAATTAAGA,279
GCTGAAAACAATAGAA,279
TCAAAAGTCTTGTATA,279
TTATGGAAATCATCTT,279
TTTTAACTCAACACAG,279
AACAAAAATAGCTATC,278
AACAAACGGGTGTCCG,278
AATAATTATGAACACG,278
AATTATAACCATTGTT,278
ACACCAAACAGCCAAC,278
ATCCCCTGATAAACTC,278
ATGAAAAACTATACAT,278
ATGAGTATTCCGCCCC,278
ATTCCAAAGATCTTTA,278
ATTCTACAGGACTGCA,278
ATTGGACAAGCCAACT,278
CACAAGCGTCATTCGG,278
CAGTTATAAATAATAC,278
CGGCGTTGATATCCGC,278
CTCTACGCGAATAGAA,278
GAACGATGTAAGTCGT,278
GTTGCCTAGCAACGCC,278
TCCTAAGAATTTCCTA,278
TTATTATCACCTCTGT,278
AAAACTATGATGTAAG,277
AAAATAATTAAGCCAT,277
AAACATATTCGTGACA,277
AAATTACATTTTAAAT,277
AACATTTAATAGAGAA,277
AACGAAGCTCCCCCAA,277
AAGGATACAAAGAAAA,277
ACAAACGCCCAACTCG,277
ACGAGCTGGCACATGC,277
ACTGCTAGTAGACCCT,277
AGAGTAATAAATCAAC,277
AGATAATGATGACAAA,277
ATCAAAGCATATTCAC,277
ATTTTAATTAACAAAT,277
CACTTGTTCTCGCATC,277
CATGCTTCTGACGGGT,277
CGCACTGGGCACACGA,277
CTACCGATTTTGAAAC,277
GAATATAGGATACGAG,277
GATGGACGTAACAAAA,277
GCTAAATCGTAATATA,277
GGACCAAAAACAAAAT,277
GTCATTTTGGTCAACA,277
TACTATAACCATGCGG,277
AAATTTTGTAGCCTTA,276
AACATAGGGGTATTAA,276
AATAACGCCAAACCGA,276
AATACAAATTAGCTTT,276
AGTGTCGAAAACCGAA,276
ATTCGCAAAAACCATA,276
CAAATATTGGTGATGA,276
CATACTGAGACATTGA,276
CCGGTACACTCCCAAG,276
CGCGCCGACTGACTTA,276
CTGAAACATTATAGAT,276
GAACGAACAACAAAAC,276
GAAGCTCGTAAAACTA,276
GAATTAATTACAACGC,276
GACCTTTGTTATTTTT,276
GATTCAAACCTCAAAC,276
GCTCAACTAAAGAGTA,276
GGTAAACATTAGACGA,276
GGTGTATGGTATAATA,276
GTACTCCAATTACACG,276
GTTATCGGTAGAGCTT,276
TAAAGAAAATATAGAC,276
TAAGTATTAAGGGCGC,276
TAAGTGTAAAAGAGTA,276
TAGGAGTTGGAGAAGT,276
TATCTCACCCAAAAGT,276
TCTCGGACAGACGAAA,276
TTCGATATCCGTTTAT,276
AAAAAGTTATAATCAA,275
AAATATTATTACCACA,275
AATCCAACCACTGGTC,275
ACTAAATATCGTAGAT,275
AGGCCGTTACCAAGTA,275
ATTTCCCTGAACAGTA,275
CAAAACAAAAACAAGC,275
CACGTAGATATAAACC,275
CCTTCACACGGCTGAC,275
CGAGAATTAGGGTACA,275
CGTATCTGACTTCCAC,275
GAGGGGCTTAACGCTA,275
GCCACCACGGCAATAC,275
GCGGGCGTGAAGTGGG,275
GCGGGGACAAGACGTT,275
GTTTAACCAAAATAAC,275
TAAAGACGAACCATGA,275
TACTCATTATACAGAA,275
TATAAAAATACTAGGA,275
TCCGTCGACTACATAT,275
TTAAATATACGTTTCC,275
TTCCAGCGCGAGAAGA,275
AAAACTACTATCGTAG,274
AAAATCATAGTGTATC,274
AAAATTCAGTAGGCTA,274
AGTCTCTAGTAATATG,274
ATACGCTCAATGGTTC,274
ATAGGGACCATACGAA,274
CAACATATGCGTAAAT,274
CAACTAGTAGGCCGAC,274
CATAGCAAGACAGCGA,274
CCAAGACACTACTAAC,274
CCACGATAATGAATGA,274
CGACAATACTATTGAG,274
GAAAAAACGTACTAAG,274
GAAATAATTGAATGCT,274
GAGTAAATATATCAGA,274
GATACAAGTCTCAACC,274
GCTTTCCACAAGCTTA,274
GGACCATAACGACAAA,274
TAAAATACGAACGTCT,274
TAAATCAACACTGCCC,274
TAACAAACGCATACAG,274
TATTTCCCCCCCAGTG,274
TCCGCGAACTCAAATG,274
TTTAATCCATTATATA,274
AACTGTAATAACTTTG,273
ACGCATTAACAGTAAC,273
ACTCGATATCATGCAA,273
AGAAGTGTCACCTAAA,273
ATGATAACAAACCTCA,273
CGAATGCACTTAAAAA,273
CGCCCCATGAACATTA,273
GAGAAACATAAACCCC,273
GCATTGTGGACAACAT,273
GCTATTAGATTTTTGC,273
GGGCGCATTTCGTAAA,273
GTGAGTAAACAAATGA,273
GTTCATCTATGAGAAA,273
TAAAGCATACACACGA,273
TAAATCTGTGTATATA,273
TATGAACATTGAACCC,273
TCCAAAACGTAGCGTT,273
TTCAGATTTCCCCCAA,273
AAAAAGAGCGCTCTAT,272
AAACATGTAAGACCTG,272
AACAAATCTCGTCCGT,272
ACCTGACCAACCCTGT,272
AGAATATGACAAAATA,272
AGATTTCAAGCGAGCT,272
AGCAATTTGAAACGAC,272
AGCACTATAAAGGACA,272
AGCCTTAATGGAAAGA,272
AGGCCGCCCTTAAAGA,272
AGGTCCAACCTAGAAA,272
ATGTGACACTTAAAAC,272
ATTTTACATGCCTGGT,272
CAGGACACAATAAATA,272
CCCACGCACCTCGGCT,272
CGATAAAATACCGAGA,272
CTAGTGTTGGAAAGGG,272
CTGAGGTAGTGTGGTG,272
GAAGGAGATACTTCCC,272
GATATACTGTACAAAA,272
GTGACATAAAAATTGA,272
TCAAATGCTACAACGT,272
TCGTACCTTAAATTTA,272
TGTAAAGTGTTAACTA,272
AATTCTCATCCTGTCT,271
ACAAATACAATGCAAT,271
ACACAGTGTCCAAGGA,271
ACGAAGTACGAAAGGC,271
AGACAAAATCAAGACA,271
AGACAAACGAAATTTG,271
AGCTTTCCAGATGAAT,271
AGTAAGAAACACAGAA,271
AGTAGCTATAACAGTC,271
ATAATGGAGAACATTC,271
ATATACAAAAATAATA,271
ATCTTCACACAGGATG,271
CGGAGTCAAACTGAGA,271
CGGTTTCACAGCACGT,271
CTTATGGTTCCGTAAA,271
GAAAATATACGTAAAT,271
GAAAGAACATGCCAGT,271
GCAACCAATTTATTTA,271
GCCTGAAACAAAATAA,271
TACCTAGATTTAACAT,271
TAGTACCCTATTCCTG,271
TCTACTCATAATTAAA,271
TGACCCCGATATAAAA,271
TTAGATACATTCGAAC,271
AAAGGAAAAAAATGTA,270
AAGAGTAGTTCTAGTC,270
AAGCCAAACCTGCAAA,270
AATTCCAAAGAGTCTT,270
AGGGGCCATTTGCCAA,270
ATACAGAAGGTTTTAA,270
ATGTGCTTGGTATGTC,270
CAAGGATGCACCTACG,270
CCGAAGATCTAGCAAC,270
GAAAGCCCCACAACAC,270
GCCCATAATAGAGACT,270
GCTACACAAGAGAATG,270
GTCTCGACACAGTTGA,270
TCAAAGGCGCTACATA,270
TCTAAGAGTTAGGCAT,270
TTTCGGATAACACAAA,270
AAATAACGCAAGATGG,269
AATTAACGAATTAAAC,269
ACGAAATAGATTATAC,269
ACTAACCAAATGGAAA,269
AGGCCCTATTTACCAT,269
CAAAAAAATTGATGAG,269
CAAAAGCTATGATTAT,269
CAAAGTCTAGATAATC,269
CATGAATGTATAAATG,269
CCCCGGATAATGGCAG,269
CGTTTTTAGAGACTTT,269
CTAATGAGCGCAAAGT,269
GAAAATCATCTATCCA,269
GAATAACAATATGACT,269
GAATGAGCAGCAGATT,269
GATCACCCTCAATGGA,269
GCACAGAAATAGGGTG,269
GCGACTGGTGTCAGTC,269
GCTAAATCCATATTGA,269
GCTTAAACTAAAATTG,269
GGAGCCACCCTGTATG,269
GTCGCTCGTGACAAAA,269
GTTGATACATTATTTG,269
GTTTTTAGAAATCTAG,269
TAAAAGTGAGTATCAT,269
TCGTATCTTTCGGATA,269
TCTGACTTAAGTACAG,269
TGAATCGCAGTTATAG,269
TGACTCTGTTTTTGTG,269
TTTCACCTACTAGAGT,269
AAAGACTTAACGCCTA,268
AAAGCGATATAAAGTC,268
AAAGTCTTACAGAAGT,268
AACACACATAACCTTA,268
AACCTTCAACATTGGC,268
AAGACCGATCCAAAAT,268
AAGGTCGAGATTGCGT,268
AGATTTCACAAAAGTT,268
CACCTATAGCCACAGG,268
CAGCATAGCAAGGGAT,268
CAGTTCTTAGTAGTAC,268
GAAAAGCCCAATGCAA,268
GAACCAGACTGTGTTC,268
GCATACCCAAATACTT,268
GTAAAACTCACGGGAG,268
TAAGGGGGTGCAATAA,268
TAGGTATCTTATTCAT,268
TATCTCAGGACTAACC,268
TTTTGCACATCCACAC,268
AAAAATGAATAAAAGT,267
AAACGTACTACCAGGA,267
AACTCTAGACGCATTA,267
AAGTTTATTGGATCCT,267
AATAACACAAGAGATG,267
ACCCACTTCTAAATTT,267
AGCGAGACAGTTCAGA,267
AGTTCAACATTTGTCT,267
CCAGAGATATTTAACA,267
CCGTAAATATCCACTC,267
CCTCAATACCACCAAC,267
CTCTAACCTAATGGCA,267
CTGACAAGTACTAATA,267
CTTACCGCCGCGTAAA,267
GAAACGTGAACAACTT,267
GACAAAATATGAATAC,267
GACAGTTAAAGGAAAA,267
GACGTGGCCTAGATGG,267
GATTATAGCATAAATT,267
GCAATTCTAGGTGTAC,267
GCCTAAAAGGTCACAA,267
GCTATACTCTTTATAA,267
GGAAGCCGTTACGAAA,267
TCCAATGCTACTCCCA,267
TGAAAGAATTAAACTA,267
TTAACTTTTGTCCGTC,267
AAAATATTGTTTAAAA,266
AAATGTATTGACAAAA,266
AATATTCAAAATTACC,266
AATCCGTAAAAGGACA,266
AATTATACGAGAGAAT,266
ACAAACCAAACCACTA,266
ACTGCCCTAGAACGTA,266
AGAACAGCTAAATTGA,266
AGAACATGTCCTCATC,266
ATATACTTGTTATCAA,266
ATCGTCAACCATAATA,266
ATGACCTGTCCAAAAG,266
CAAATTTAAGGAGATA,266
CGCACCTTCAAAACCA,266
CGTAAATACGGACACG,266
CTCGAGAATCGCAAAA,266
GAAGCTATGCTGTGTA,266
GACCAAAATAACTAAT,266
GACGATCGTATAATAA,266
GCAAAAAATTTAGGCA,266
GCACTACAAAACCATC,266
GGCTAACTCAAAATGA,266
GTAATATAATTACTTA,266
GTTGGAGCTGATAACG,266
TCATTATTAATCTTGA,266
TGGACTAAAAAACGCG,266
TTTTAAACATCCTTGC,266
AAAAAAACTAGACCTA,265
AAAGGTCTCGTGCTTC,265
AAATACATGAACCTCT,265
ACCTTACATAGAGCAG,265
AGACGTCCATTGACAA,265
AGGTCTTGGATATCAA,265
ATCACTTAAGATGTTA,265
CAAAAATTCCAATTCC,265
CACAAAAATGCAAGAA,265
CGCTATAGAACCTTGA,265
CGTCCCTATTTAAGTT,265
GCATTGAGCAATTGTA,265
GTTCGAGGTCCACACG,265
TAAAAACGGAGTAATG,265
TACAGAGTATAAGACG,265
TCAGGCATCAACCTTG,265
TGCCCAACCCATCAAC,265
AAAAAAGCTCGAGGGG,264
AAGTTCATTTTATATT,264
AATAAACCCCTCACGC,264
ACATAACACGTAGCAG,264
ACCTACTGATTAACAC,264
AGGAGATTTAAGTTCC,264
ATCAACGCTTAGAAAT,264
ATGCTATTATTCCAAT,264
CACTAGCACATGGTGA,264
CAGTTTTCAGTATATA,264
CCCGGTCAAATGGAAA,264
CCGTTACACATACCTA,264
GAATCACAACATCAAC,264
GCATCTCAAAAAAAAT,264
GCTACTCGAACTGATG,264
TAACGTCAGATAAATT,264
TAAGGCTCGGATATCA,264
TAGTGCTAGATCGAGT,264
TCGGCCACATATTAGA,264
TTGACCATATATATCT,264
AAACACAACGTTCAAC,263
ACAATAGCAACCCCAG,263
ACGAATATATATAATT,263
ATAAGCGTATTCCAAC,263
ATCAAACACTGAAAAA,263
CACCCCTCCATACTGT,263
CCTGATGGGATATTGC,263
CTGTTAAAAATGAACA,263
GAAAGAAGATGGTTCA,263
GCCTAAGCACCCAATT,263
GGCGGTGCTAATACAA,263
GTGGTACATTTATTAA,263
GTTAAACCGAGACTAG,263
TAAATAGCTCGTGGGG,263
TAACATAAGACCGCTG,263
TCACATAAACTTACAG,263
TCATAAAACTGAAGGA,263
TGCTAGAATATCCAGC,263
TTACCCAACTTGGCCA,263
AAGGAACGAAGGAATC,262
AATTCGATTGTATGAG,262
ACTATGCGAACGTGCG,262
ACTCTACTAACTTTAC,262
AGGAAAAATCAAACTG,262
ATGGCTCTAAATTAGG,262
CATAAACCGTAAAGCC,262
CCAGAATTAAAATCAA,262
GACAAGGCATTGACAA,262
GATAGCAATTGAGATA,262
GGGCAGTACTTTGTAA,262
TACAAAAACCAGGAAT,262
TACGAAACCAAGTATG,262
TATTAAATTGCTGTGC,262
TGAATGTCTCGATAAA,262
TTCCCAATCTGCAACC,262
TTCGATAAAAACCTGT,262
AAAGGATACCGTCCAA,261
AAGGAGATCAAAAAGG,261
AATACTGATACGCCAA,261
AATTGACACTTAATTT,261
AATTTACTAAAATAAA,261
ACAATCAAACCATATA,261
ACTCTTTACAATACCG,261
AGTACATAGAATGATT,261
ATCATATTCCAGCCGG,261
ATGTTTTACCGTTGGA,261
ATTCCCACATACGTAC,261
CCATTAGTTAAGAAGT,261
CGCAACAAGAACAAAA,261
CTTTGACAGATTTAGA,261
GAAAATCTGCACATAG,261
GACAGTACATCAAAGG,261
GCGCCGTGCTACAGTG,261
TACAGAAAGAGTAATA,261
TACATAAACAATTCCC,261
TATACAAACCCTACCC,261
TATATCAAGATGTTAC,261
TATGCTCCCTTTGTTT,261
TGAACCTTAGGGACAT,261
TGAGATGACAGTTCGG,261
TGCCAGAAAAAAAACG,261
TGCCTAAAAGTATCAT,261
TTAAACATCGCAAATA,261
TTTAAACATTTGAGCT,261
AACACAGTTAGCCAAC,260
AATCATCACCCTATAT,260
ACCCAAGCAACATCAT,260
AGACCCTTGAAAAAGA,260
ATGAATGCAGAAACAA,260
ATTTAATTCAAGATCT,260
CATTACAAAATGAAAA,260
CCCGGACACTGCACAG,260
CGACCATTTTGCCTTT,260
CTAATGAAGGAACTGA,260
CTGCGAAGAAGATGCA,260
CTTGCGTAGTTAACGG,260
GGAAGAAAATTAAACG,260
GGGTGCGAGACCGTAC,260
GTATAGGACCTGACAA,260
GTCTGCAAAATCCTAG,260
GTTGACATCGTGGAAG,260
TACTCTTTATAGAATT,260
TGACAGACCGGTGTCA,260
TTGCAACAATGCAAAT,260
ACACGAACAAAACATC,259
AGATTTAATGAGAAAA,259
ATACGATAAATAATGT,259
CAAAAGGGCCCTGAAT,259
CAAGAGAGCTTGGCTG,259
GTAAAGCTTTTGCCTT,259
TAGGGTCGTAATGAGT,259
TATACAATAAACCAAT,259
TCAAATTGAATATACC,259
TTAATTTTGAATGGCT,259
TTACATAAATATTCAG,259
AACTAACTTAGACAAA,258
AAGCGAATTAACCCTC,258
AATAACATTAGTACTT,258
ACCACAACCGACTGGA,258
AGCAATATGTTATCTG,258
AGGGTTTCTACGTGTA,258
ATAGATAGAATGGTAA,258
CACTTAGTTGCAAACT,258
CCGACTGGTAAGAAAG,258
CGAGCTTAACACTTAG,258
CGCAAAAAACCTTTGA,258
CTGATCCAAACGTACC,258
GACCAACGTCGAGAGT,258
GATTTAAATGAAGTAT,258
GGCAGTAAACAACTGG,258
GTAATAATGAAAAGGA,258
GTGAACGGCGCTATAA,258
TAAACATGAAACGGTA,258
TAGAGCTATTTGGCGA,258
TTCTCTTAATCTAATT,258
TTGATCACCACACACT,258
TTTGAGAAAATTCAAA,258
AAAACTTTAGGCTTCT,257
AAACACTTGTACAATC,257
AATATATCACTATAAA,257
AATTGATACCCTGGCG,257
AATTGTCAGTCAGGAA,257
AGCATTATAATCAATC,257
AGGCTATCGGAGTCGC,257
ATAGGTAGATTTCTGA,257
ATGACCTGCAACCGCA,257
CCTGCATCACAAGGAT,257
CGCTAACAAAGTACTA,257
CTCGTCGTCAAGACGG,257
GCTAAACGGGAGCTTC,257
GCTTGAACTAATGGCT,257
GTACGAAGGCTTCTAA,257
GTAGACTCTGAAAAAA,257
TTAAATTAAGAGACTG,257
AAACGAGGGAACGTAC,256
AAAGTTATTGTCATAT,256
AAAGTTCACATTCAAT,256
ACAAAGTCTTACATAA,256
ACAATAAGGTCATATT,256
ACCGGAACGATGATTG,256
AGATCAGAAACAGTAA,256
CAACCACAATATAAAC,256
CCTGCTGATCGAGACA,256
CGTTCAGCGATGTTAT,256
CTTGTAGCCCAAAATC,256
GAGCCAGCAAAACAAA,256
GATACTAACAACAATA,256
GCAAGACCCGGTTGTG,256
GCAGCCTAGAGAGATT,256
GCAGTACCGTGTGCTC,256
GCATAGAGCTAAAGAG,256
GGGGTGTAAACTAACT,256
GTTTGGCGGATTTATA,256
TAAGCCTTATTGCCAG,256
TCAATAAGAATAAAAT,256
TCATTGAAGGGCATGA,256
AACAACCACTTGCTGG,255
AATAAAGGAGCAAGCA,255
AATGGGGCAGGCATCA,255
AGAACCAAGAACATGT,255
AGCCAGATCGGCATCT,255
AGCCCAATGTTAGAGA,255
ATGACGAGTAATATAG,255
CAAAACCAATAGACCA,255
CAAACTATCGAGGCAA,255
CAAAGTTGAACGACTT,255
CACATCAAAGCCACTA,255
CCAGAGTCTTTGTGAT,255
CCGGACTCAAGGCAGT,255
CCTATACGCAAATGGA,255
CCTGGCGTTGACTGTG,255
CCTGTGTCGATGAGAA,255
CGTAAATGTTTGAACA,255
CGTTCAATATACTCCC,255
GAGAAAACACAATTAA,255
GCACAAAGCGACCAAC,255
GTAGGCTAGGGAACAG,255
TAAGTGAGCGCGAAGA,255
TACCGAACATGCGTAA,255
TATGATGGTTGACAAA,255
TGATGTGAGTAATGAC,255
TGTCGAACGGAACCGT,255
TTGATCTGCAGGTCAG,255
TTGGACTTGTTAAATG,255
TTGGTGATATTATTAC,255
AAAGATAACAACTTAA,254
AAAGTGAAGAAAGTGT,254
AAATCAGTTGAGGGAC,254
AACGACGGCCTGAAGA,254
AACTTGAAGAACTTCT,254
ACCAACTATACTTGGA,254
ACGAGTAAAGGTACAG,254
AGTTAGGGATTCCAGG,254
ATTATTCCCACAACAT,254
ATTTCCCGGGAAGTCT,254
CAAAAATATTTAATAC,254
CAGAAACTAAACACTA,254
GAGAGCCACCTCCACT,254
GTAGTGGTTAGAAATT,254
TACTCCGATAAGTAAA,254
TATCTAACTAGTTTAC,254
AAAAATATTCAACAGA,253
AAAGAATAATTACGTG,253
ACAAGTGAGAAAACAC,253
AGAAATTTTCATGAAG,253
AGTGAAAATCAATACC,253
ATACGCACCTAAGTAA,253
ATAGTGATCACATAGA,253
ATTATGAACACAGGTT,253
CACCCTGACCACATGA,253
CAGGCGACCCTGAAGG,253
CCGGCCCTTGCCACCA,253
CGATAATATGTTGATG,253
GAAGAATATAACTAAT,253
GAGAAATAGACGCATG,253
GAGTAAGCGTTAATAA,253
GCCCACGCATAGTCCA,253
GCTAAGCCCAACCTCT,253
TATCCATAGCTAGTGA,253
TGACTGCATCCTGAGA,253
TGAGTGCTACCCAAAG,253
AAATTCAAAGATGAAT,252
AACAACATCGAATCCT,252
ACAAGTCGCTAATAAA,252
ATCACATCTAAAAATT,252
ATGGACCCTCATGAGA,252
CAAGCTCCACAAGCTC,252
CCTGTTGCGCATTCTA,252
GAAGACGGAAAATAGT,252
GACAAACACCCAGGTA,252
GCTCTTTGCAACCGAG,252
GGAGTAAACATAACGG,252
GGTGGCAGTACCTCCA,252
TCTATTTTGTTGATAG,252
AAAAAACAAAGCTAGT,251
AAAACAGATAGAAATT,251
AAAGATTCAGCAACCT,251
AACCGATTTAACAAAT,251
AACGCCAACATGGACT,251
AATTAAAAATCTCAGC,251
ACATGTAACAGTTTAA,251
AGATGAAAAGTGACTA,251
AGATTATTCATTTATA,251
ATAGAAAAAAGCCAAA,251
CACCAAGGACTCGTTT,251
CATTATATAAGCTAAT,251
CTAAATACAAACGCTG,251
GAGGATACGTCCTAAG,251
GATTTAAGAAGTACGC,251
GGACAAAGCACTCCAG,251
GTGTACCATTTCACTG,251
TAAAGAAAACTTATTA,251
TAAATGATCTTGACTG,251
TAACTTTTAATTGATA,251
TAGAATAGGTGGATAG,251
TATATTATGAACTAGT,251
TATGGATTGAAATGTA,251
TTATCGGAACGTCACC,251
TTTACCAACTATATAC,251
AAACCTGGTGCAAAGC,250
AAAGTACATGAGAACC,250
ACACAAGCACAGTTTA,250
ACGCCAGAACCCAAAA,250
ACTTCTTATAAAACAG,250
CCCCACAAACATGCCC,250
CTCCACACATTTCTGT,250
GATACTCATACGAACA,250
GCCCAATCAATGATAC,250
GCCGCTACGTACTTTA,250
GCGGGAGTTAACACCT,250
GGAAAAGTGGCATTCC,250
GGCTAGAAACTTGAGT,250
GTACCCTATCACACGT,250
GTACTCTTTCCGACAC,250
GTATGTGTACCTTGTT,250
TAATACGCGTCAAACA,250
TTGTGAGCACGGAATC,250
AAAACACTTCGAACAT,249
AAACCCAACCAATGCG,249
AAACCCATGGCCGGGT,249
ACAAGTACACTCTACG,249
ACACAAAAACTTATTA,249
ACATGACGACTTGATA,249
ATCCTGGACGCTCTGA,249
CCACTGGCGTAAAGAA,249
CCTATTCCCACTTTAC,249
GACAGGCTAGATAATA,249
GACAGTTTCTAACTAG,249
GTTCTGGTATTTACTA,249
TAAGATGATGGGCCCG,249
TATCTATATTATAGTC,249
TCAAACTATTATTCAT,249
TCAAGTCGCGTGCTGA,249
TTTGTCCCGCAACTCA,249
AACGGGAACAATAAAC,248
AACTTAAATAGATCGA,248
AAGAATATAAGCAACT,248
ATATAAAGGAGTTTAC,248
CAACTACGTCAATGTA,248
CACACATAAGACTGTA,248
CATCTCAGGCCCAGTC,248
CTTCTACAAGGAGAAA,248
GAAAACCACTCAGCAA,248
GAACTCCGGTTTTGTT,248
GGAAGTAAAGGCACCA,248
GTAGAATCGTCGCGCA,248
TAAACTCTCTAAGGTG,248
TACTTGGGGCAAAAAG,248
TAGTACTACTTTCCAT,248
TATTTTACTCAAAAGA,248
TGGAGAGAAAACATCT,248
AAAAAAGAGAAAGCGT,247
AAAATCACACAAAATC,247
AACATTCAACTGTCGT,247
AAGACATTTTTATGAT,247
AAGCAATACTAGTCCT,247
AAGTTACACACATGAG,247
AATAAAATGGCGGATG,247
AATTGAAGAAATCAGG,247
ACATCAAACGACGAAT,247
ACGAGTTCGAAAGGAG,247
AGACGAAAATATAAAT,247
AGCAATCTAGGCGACC,247
AGTCTTATATAAACAA,247
ATAGATGCTCGGGTCA,247
ATGCTACTGAGTCATC,247
CAATACCTTAAATGTT,247
CATTTAATTTTAATAA,247
CCCTTCAAACGTCCCT,247
CGAACAACGACTATGA,247
GAAAAACAACATCGAT,247
GAACATCCAAGATGAG,247
GATATCAACGCTGAGA,247
GTCATTCCCTGTGTAA,247
TCACGCACGTATACTT,247
TCCCGAGAGTAAGGTC,247
TCTGACCAAGAAGATA,247
TTGTTATATAGCGATG,247
AAAAGGATGTATGTAG,246
AAACAACAACAAGCAA,246
AACAAAGTGTAACGCC,246
AGCCTTTCAAGAGATG,246
AGGCGACCAGAACAAC,246
AGGTTGTACCTAAAGA,246
ATAAACCGTCAATGGG,246
ATAAATGTTACTAAGG,246
ATAATACTAATCATTA,246
ATTACACCGAGGATAG,246
ATTACAGTTTATTCGC,246
CCACAAACTAACTAAC,246
CTTGGAGAAAAAATTA,246
GAGACCCCAATGAATC,246
GAGGGGATCGTATAAT,246
GCCCCTCTTTGTATAA,246
TCCGATATCGATTGAA,246
TCTTGTACCCGAATCG,246
TGATGACCGCATATGA,246
TTCATTATATGGGGGG,246
TTCGATTACGCTAAGA,246
TTGGTAAAGACAGAAT,246
AAAAATCTCCACAATC,245
AAAATGCAAACCGACA,245
AATAATGGAGTTATAC,245
ACCAGTCGAAACCAAA,245
ACCGTTCACTATAGCT,245
AGCTTATGGAGCCGAA,245
CATACCTAATCACAAA,245
CATGACCAAATATGGA,245
CTTAGAGATAAGTCGA,245
GAAATAGCAAATAGAA,245
GAATTAAAGTAATTAG,245
GACAAGCAAAAAAACT,245
GGGCACATTCAAATCC,245
TACCCAAGGGAAATCA,245
TTTAAAAGGATTAAGT,245
AAAACAAGTGTTACCT,244
AACTGCCTGTAGTATA,244
AATTCGCAAAGAATGA,244
AGAGGAACAGAAAAGT,244
AGCACGCACCCTAACA,244
AGTAAAACGATGCGTC,244
ATATGAGTTTAAATTT,244
CAAACCCGCGAGTACC,244
CATCAAAATATGGATT,244
CCACGAAAAGCTAACA,244
CCATAGTACTCTAAAC,244
CCCTAGGGTTCCTGTG,244
CGTGGACAACTAAGGG,244
GACATGTACAATCAGC,244
GCATATACTATATGAC,244
GCTCTTAATGTGAAGC,244
GTCCTCATAAGTTTAA,244
GTGTAAACAAATTCCT,244
TAAAGATGGACGGATG,244
TAATTTAAACTCATAC,244
TCACACAGTCCCATTA,244
AAAACATCGAAAGAAA,243
AAAACTCATCGGAGAA,243
AATAACAATCAAGCAC,243
ACCCTATGGAGAACGT,243
AGCCGTGTGTATAATG,243
AGCGGTCCCTCAACGA,243
ATAAAAAGCAGAAACC,243
ATACTCCGAGATAGAC,243
CAAAGCCAACAGTGTA,243
CAATGTCAACTACTTC,243
CGGTTCCTATACTGGT,243
CTAACATAAAATTTCC,243
GCTAAGGCAACAGGGT,243
GGATATTCAATATCTA,243
GGCATATGTGGATGAC,243
GGTACCCCCCGAAACC,243
GTCAAAGACCCCTAGA,243
GTCACACCCAATAAGA,243
GTGCACACCATACAGC,243
GTGCGATCATATTCCG,243
TAAACACCGAAATCCA,243
TCACTTGAGACGATCA,243
TGAAGATCTATCTAAT,243
TGGCAAACAAAACATC,243
AAAACAAAGGCAACCA,242
AAAATCAAACATATAT,242
AAATAAATACCAAATA,242
AACTCGAAAAAATATT,242
ACACGAGGCGGAGAGC,242
ACATCGCATTATCCAA,242
ACCAACAAACACAGTT,242
ATAAACAATTTAATCC,242
ATACTAGAAGATACGG,242
ATTAAGCACAAACCCC,242
CAAGGTACAAGTACCT,242
CATTCTAAGATACCAT,242
CTCCTATAGAACCGAG,242
CTTCTTAAGAGACTTA,242
GCCCAATCTCTCACTC,242
GTACTTTTTCAAACAG,242
GTAGTCGTAAGAGAAC,242
GTCATCATTTATACAG,242
TAAACTAAGAGTCCAT,242
TACACCGTCGTGACAT,242
TATAACCTCGAATAGT,242
TTAATGCTAGCCCAGC,242
AAACTAATATAGGATT,241
AAATAACGGAATTTAC,241
AATACTAAATTGCAAT,241
AATCGGAATCCGCGGA,241
AATTTTGACAATGAGG,241
ACATTTACGTACGCCA,241
ACTCGCTTTCTAAATT,241
AGGTAGCCATGCCATA,241
ATAATATGTCAAAAAA,241
CCATAAGAAAAACGCG,241
CGCCCTCGGACGGCGT,241
CTGAAAGCATGATGTC,241
GCACGTTGAGCCTACT,241
GCTAATTAGATCATAC,241
TACGGCAAAGACAACA,241
TGACATATAAAATACC,241
TTAAGAAATCAGCCAC,241
TTGAGAATCACCAGCC,241
AACCGTATGGGATTTA,240
AGTTTCATTATGTTAA,240
ATACAAACCCCATTGT,240
ATACATAAATAAATAA,240
CAAATTCCTTTTAGTT,240
CAATGTAGAAGCATAG,240
CCAATATAAAGCATGA,240
CTACCATCACTCCATA,240
CTAGCCAGAAAGGCTG,240
GAATTGGAAACTAAAG,240
GTGGAAAAGGTCATGC,240
TAAATTACCAAAACCG,240
TAATATGTATAGCAAA,240
TATTTACGATATTTTA,240
TGGAGATGCCTAAGCT,240
TTCGGGCAACTTCTCG,240
AATAATTATAAAGTTC,239
AATTTTATAATGAATC,239
ACAAATTTACACTTGG,239
ACCATCAGTTGCATGT,239
ATTACGGTAAATTGAC,239
CAGGTAAGAAATCACT,239
CCACCCGCACAATAAT,239
CCTCAAACATTATAAT,239
CTGTAAACCCAACCCC,239
GCAATACTAGACAAAG,239
GGGTGAATATTCAAAG,239
GTGAGTACCATTAAGA,239
TAAAAACATCTGCAAG,239
TAAATAATAATTTTAG,239
TAATACCAAATCCCCT,239
TAATTACATCTTTCAC,239
TAGAATACAGAGACGA,239
TATTAATATAACCTTG,239
TCTTAATGCAAACAGC,239
TGCCGTCGACCAAAAA,239
TGCGATAAATTAGTAG,239
TTAATGCAGCTCAAAC,239
TTAGGACGCTGCAAAC,239
AAACTACCACAGAGAC,238
ACCAGTACGAGGCGAG,238
AGAGTCAATGTATAGT,238
AGATTCCCCCGCGATG,238
AGTAATACAAAGCATA,238
ATATAAGTGCGTCGTA,238
CACGAAGGAATATAGA,238
CAGCAGCACATCAGTG,238
CTATAAACACCAATAA,238
GACCCCTTATTTAATG,238
GACGGCCACAGCCAAG,238
GCAAATCAAAAGAGAG,238
GCTAATTCGCCTCACT,238
GTTGGATATATGTTAT,238
TAACGAACCCACACGC,238
TAGGATCATGCCTCAA,238
TCTGCAATGAGATTAT,238
TTAAAGTTCGTAACTT,238
TTTCTTAATTACTTTT,238
AAAATATTATCCCACC,237
AAACAAAATCTAAAGG,237
AAATGATCCTACAAAA,237
AATTCCGCCTCAAATA,237
ACACAAACAGACTTCA,237
ACTCACAAACTTAGAT,237
AGCAACAACTCACTGG,237
ATAATTATTATATCTG,237
ATAGAGACGGCTCCCC,237
ATATTACATGGTGAAT,237
CAACACTTGAGCAGCC,237
CTATCTGGAAGATGGG,237
CTATGTTCCTTACCCT,237
CTTTTCGTAAACATAT,237
GAACTTGGTATAATCC,237
TACAGGAACAACTCCA,237
TAGCGCCTATCTAAAT,237
TCAATACCTTAACACA,237
TCCTGTTGACGATTGG,237
TGGTCGACAAGCCCGG,237
TTCTAACTCTAACAAA,237
TTGAGCTGGCTTTGTA,237
TTGTTAACAGAATATG,237
AAAGCACTGAAGGCAC,236
AAGAGACCTTGTCTTC,236
ACTATGCAAACATTTA,236
ACTGTCCAGTCATACC,236
AGAGATTCCCATAAGT,236
AGCATATAGTAAAACT,236
ATCCTATGGTGCAATA,236
CAAATTAATTATCCCC,236
CCAAACTAAGTAAAGT,236
CTGGAGAACACTTAAA,236
CTTTAACACAAAACAA,236
GATATAAAACATCCCT,236
GCAACATTCAGCAATT,236
GGCTGTTAGAGTGGTT,236
GTACATACAGGGTGAC,236
GTTGGATGCTAGGACA,236
TACAGGTAGACCACCA,236
TATACGGAGAGAAGTA,236
TCATCCACAAATCCAC,236
TCCCTCTGATAAATAG,236
TCCTAACCACCAAAGA,236
AAAAAAACGAAATCTA,235
AAACATAATCTTGACA,235
AAACATGACAAAAACT,235
AAACCCGTATTACTCC,235
ACACAAGAACTAATAT,235
AGACCCCTGAGATTTT,235
CAAACGGCCGAACGCT,235
CCGTAAAACATAGACG,235
GTGAATAATGCGAAAG,235
TCAAAGAATGGTAGGA,235
TTATATGATCAACTAG,235
TTCCTTTTAATAAATA,235
AAAGAATTGTAAATTC,234
AAAGAGCCAATTATGT,234
AAATTAGACCATGTTA,234
AACGTACAGCACAAAT,234
AATTAGCAGGATATAA,234
AATTCAAAATAAGAAA,234
AGACGTTCATGAAAAC,234
AGGCACTCTTGCGATA,234
ATGCTACAAATAACCT,234
CAAAAATTCCTGACAT,234
CAAAACGTCTGAAGTA,234
CAAACAATCTAAATGA,234
CAAGACAAAGTCCGAC,234
CATTAATTCCGTCACA,234
CGCTACAGTCGCTACA,234
CGCTCCCGCCTCAGCA,234
GACAGGAATTCTGATG,234
GATTTATTTATGTTTG,234
TAAGAGAGATCACATG,234
TATAATCCAACAGTTT,234
TCTGGATGGCATTCGC,234
AAAAATAGTCACAATA,233
AAAATACCCATAAAAT,233
AACAACCGACAAAATG,233
AACTTCATCCCCAGAC,233
ACATATAAACTCGGGT,233
ATAAAGGCCGTAACTA,233
ATCCTGAAACCACAGG,233
CACAGATACTAAGTGC,233
CCGTGAAATTAAGATT,233
TGACTGCCGAGAAAAA,233
TGTAGTCAATAACCGT,233
TTAATTCAAATCGATG,233
TTATATAAAGGTAAAA,233
TTATGGGGTATATCCG,233
AAAACAGTTCGAAACA,232
AAACCCAGCTTGCATC,232
AAATTGGTTAGCGATA,232
AATCAAAGGGTTAATG,232
ACGTGCCTTAGTTGGA,232
AGAACCTCAAAAAGAT,232
AGTGCAAGCAGCTTCA,232
ATATTCTGCCTTTTAA,232
CCCTCTACCGAAGCTA,232
GTAATAACACCTTACA,232
GTCTAAAACTCTACTA,232
TAAAGAGGGCCCCGGC,232
TCGATTAGAAATCCAC,232
TGTCCGGCGGGGACCG,232
TTAGACCGTTGATCAA,232
TTGACCAGATTTTTCT,232
AAAAAAAGTCAGCGGG,231
AAAATTAGATTAAGAA,231
ACACGCCTATAAGTTG,231
ACTAGACCTTAAAAAA,231
AGACTACAGCCATGAC,231
AGGAGTAAATGCTACA,231
CATGGCCGGTCGCGTA,231
CGTAATGTAATTTAAT,231
CGTTCCTATACGAGTT,231
CTAAGAACTGCATAAA,231
GGACACGGCGCCAGAG,231
TAGCCAGGAGCGATAA,231
TGCCCTAACAGGGATC,231
TGCGACCAACAGCAAT,231
TTCTAATTGCACACAA,231
AAAATGTAATAGGTAT,230
AAATTAAAACTTGAAT,230
AAATTTAGCCCGGTGT,230
AATAGCCATAAGAATT,230
ATCAAAAAGCAAATAG,230
ATGACAACGTAAAAAC,230
GCATACGTTGTACATC,230
GTTTTGCTGAATCGGA,230
TCGCAGATACGAAACA,230
TGCAAGACACGCATAT,230
TGTCCAGACTAGAAAA,230
ACCCCTATATCTTGCT,229
ACGCACGCCTCGAGAG,229
AGACCTAAGGAGATGA,229
AGGCAAGATTCCCTGA,229
AGTACAAATCACCAAT,229
CAAGATGTCCGCATGC,229
CATTATTTACAATGCG,229
CCAACCCTGTTTTTTG,229
CGCGGAGTAGTAAGTA,229
CTCATAGGTTATAACA,229
CTGACCGGCTTGACAG,229
CTGGCAGAACAACCAG,229
CTTGTAAATATTACAC,229
GATTGCTGTAGAAGTA,229
TAAGCTTGAGATTCAA,229
TACCCTATTCGGGTGC,229
TTCAATTGAGATATTG,229
AAGTCTCGCTCTAACG,228
AATGCGCATGGTTCAC,228
ACAGACCCCAGAGCTC,228
AGATGATTATCGTTGT,228
CAAAATGTAACCGTAA,228
CTTGTGACGTGTGAAA,228
GGTTGGCATATCCCCA,228
TAATTGTATAAAGATG,228
TACACATCAAAGGGAC,228
TCCCGTAAGAGCAGTT,228
TGATATAACAAATTTT,228
TTAACAAACATCAAAA,228
AAAATATAAAAACAGG,227
AAACACCTCATAAAAC,227
ACTCTTTTAAGGGACT,227
AGATACCCTAACGCTA,227
CACTACTATTGTTCGG,227
CGTAGAGTGATTCGCT,227
CTCAACCTTACCTATA,227
CTGAGAAGTGATAACA,227
GACCCACCAACAGTAC,227
GCAGACATCGACCTAA,227
GGTACTCATTAGCGAA,227
GTGCTTAAACCGAACA,227
TAAAAAATCTATAGCC,227
TAAAAGGGATCAAATT,227
TAGTCCTTCCCCCGAG,227
TATCGGTAGGTAAACT,227
TGGGGGTTGCAGACAC,227
TTACAAACCATACATC,227
ACCTTTCTTGTTGTTA,226
ACTTTGACATAAACAC,226
AGAAAAGCTATAATGG,226
AGCAATAATCAGGCAC,226
AGGATTCCATGCTTGA,226
CAATAAATAACCTTTA,226
CGAACATGGCCATGCA,226
CGTCAGAAATTAAGAA,226
CTATTAGTGTCAACAG,226
GAAAGATCAGTATGAA,226
GATTCCGGTATCCCGT,226
GTTCATTATGAACCCA,226
TCTGATGACAGATGTA,226
TGAGAAGGTGACCCCA,226
TTATGGGTGGGTACAA,226
AAAACATAGGCACGAT,225
AAGCGCTGCCTGACAC,225
AATCGCACGAGCCAAC,225
ACTAGTGGCAAACGCA,225
AGTGAACATCACTATA,225
ATATTATTCGGTACAT,225
ATGCACAACAAATCGA,225
CAAAAAAAGATCAAAT,225
CAAACAAAGAAACGCT,225
CAAAGAACATCAACCC,225
CATAAGGAGTCCTAAA,225
CATTTCAAACCAGCTC,225
CGATCCACTACCACAA,225
GTCCAATTGTATTACT,225
TATCCTCTGTTAAGTC,225
TCAGCATCAACTAGAC,225
TTTCATTCACATACAC,225
ACAATCGGACTATAAT,224
ACGGATTATGTTGCCT,224
ATACGGCGGCCTGATA,224
ATACTTTAACCCCTCT,224
ATAGAAAAACTGACTG,224
ATATCGAGAACCAAAA,224
ATGGTAATCAATGGAA,224
CAAAGGCGGACTCAGC,224
CAATACGCGGGCGAAT,224
CAGCAAAAGTATGAAT,224
CGTTTGACTCCATGAC,224
GAAGACTAAAAAAGTA,224
GACTTCTAATCAAACA,224
GCCCACTTCTGAGAAC,224
TAATGTGGAACAATTA,224
TATACGCGACTCCCTT,224
TCAAACTCCAGATAAA,224
TCAAACTTATACGACT,224
TCTTTAAATTAAATTA,224
TTAAACATCAACAAAC,224
TTCTAACTTAAATTAC,224
TTTAGTTTCTGTACTA,224
AGGATAAGTAATCCTA,223
CAAAAAGCATGCAAAG,223
CAAGACCCTATTGCCA,223
CATCCAAGACTCACTG,223
CCCATAATGCAATAAA,223
CGAACCCGCACAGACC,223
CGTACAATTAGTGAAG,223
CTTACGTCATGGCTAT,223
GCAGTAACATCTAGTC,223
GTAATAGTGCACCACA,223
GTCTAAGAAAACAATA,223
TAAAACATCATTTTAT,223
TAAGCGAAGTGAGGTC,223
TACACAGCAAGAAAAA,223
TACTGATTCACAATAT,223
TCCATTGTCCCGATTC,223
TTTTCGTAAGATTTTT,223
AAAAGAACGAATATAA,222
AAAATTATAGACGACC,222
AAACAAACACCGGAGC,222
AATCACAGATACGGTG,222
ACCCGTCAATTATAAA,222
ACGACTTGCAGACTGA,222
CAAACCCAAGTTATCT,222
CGCCCTACCACTAAGC,222
GAGTAATTGCTTTTTA,222
GATTCTCCCTACGCAC,222
GGATAAAATCTGAAGC,222
GTAACCTTCGCAACAG,222
GTCACCGGTTACCTAT,222
TAAAGACTAAACAGGG,222
TGAAAGATTCCATCCT,222
TGACACATACCTGGTC,222
AAATTAGTTAACAATC,221
AAGATCCCAATCTCCA,221
AATATCATTTCCCAGT,221
AGAATTGATGAAAAAT,221
AGTATATCAAAAAAGT,221
ATTAGACTTTTAACCA,221
CAGATACATCAACTGT,221
CAGATCGTACCGTAAC,221
CCCACGACCTGCCTAA,221
CCCGTCGAGAAGACTA,221
CGCGGTAGGCGAACAA,221
TAAAAAAATCGTAATA,221
TCAAACATGCACTAAA,221
TCGGATTATAATACGT,221
TGAGGCACATCCCTTT,221
TGTAATGGATTATGTC,221
TTTTTGCTAGTCTGGG,221
AAAATATCATATTTCA,220
AAAATTAAAAGATGAG,220
AAACCAAAACAAATAC,220
AAATTATTATACCTAG,220
ATGGTGCCCGATGGTA,220
CAAGGCTTAACCGATC,220
CCGAATAGGTCCTCAA,220
CCGTACGGGCCACGCA,220
CGCCAATCGACAAGAG,220
CGTATGATGAGAGATA,220
CGTTAGTGTACAAAGG,220
CGTTGCCTTCATTCAA,220
GACCAACAAGGTCCAT,220
GCCTTATGTAGCGTAA,220
GGAACACGTTCGGCAC,220
TAAAGACTAGATTGGC,220
TACTAATTTGACACCA,220
TCAGACAATCAGTTGA,220
TCCTTGCCATCCTTAA,220
TGAATTTCAAAAATAG,220
TTACTAGATAGACACA,220
AAAAGCGGAAAGTAAT,219
AAACGACATTGAGGAC,219
AACACCTAAATAACGC,219
ACGGCTGGACGTATAT,219
AGAGCGCAAGCCTAGT,219
AGTCAATTACAAATCA,219
ATATAGTATAGAACGG,219
CCTTGCCAAACCAACA,219
CTGAAACTAAAACCAG,219
GAAACACCACCAAGTA,219
GAATACCCTGTTTATT,219
GACCACTATAAACCCG,219
GCAAATATCTATTCAC,219
GTAAACCACACTGCTA,219
GTCTTCCCACAGACAC,219
TAACCAACTCCTACTA,219
TAACCACACTGTAGAA,219
TATATAAGTGGTTTGG,219
TCGCCTTTGTCGATCG,219
AAATATCTTTTCTAAA,218
AGCCTTTAAACGCACA,218
AGGAATATTACAGGCT,218
ATACTTTGAGCCATCA,218
ATAGAACAATTTCTGA,218
ATCTAGTGTTTCTGTA,218
CAATGACCAGAATAAT,218
CAGAATGAGAGTATTC,218
GAACACTGAGATACGC,218
GAATAACCTTAATAGA,218
GACACATAATGAATAT,218
GATGAGCTTAGTTCCA,218
GATGATAATTTAGTAA,218
GTATGAAATACAGATG,218
GTGAGTCATGAAGCCA,218
GTTTCATGAAACGGAG,218
TAATATCCACTTTCAA,218
TACAAAATACATCCAA,218
TCTACATCGGTCTTGT,218
TGACAACAATCTTCGC,218
TTAAACAATACTTATC,218
TTTCCGAGGTCATTTA,218
AAACTACTTTCAACCC,217
AATAATATTGCAAAGT,217
AATCCAAGACTATAAT,217
ACACAGAAATATTTGA,217
ACTTCGCCCAGACTCC,217
ATCAAAAGGGCAGGTG,217
ATCCAATCTTCCAAAG,217
CAAAATTAACATATTT,217
CAAGCATAATGTAAAT,217
CATGCGGTAGATATGA,217
CCAAACTAGACACCCT,217
CCAAACTGAGATGATA,217
CTAACCTGAAAAATCT,217
CTATCGACAAAAGCGC,217
CTATCGATTCAAAGTC,217
CTCATGTGATCTAAAG,217
GCTAAGATACCACGTG,217
GGTCAGCAACCACTAA,217
TAAACGATTCATTTAC,217
TACCCACCCCCTACAA,217
TATGGACCTAGATACG,217
TGATAACTAAATGGAA,217
TGCCCATATCGAGTCA,217
TTAGAAAAAACGAGCG,217
AATGTTATGTCATTGT,216
ACAAATCTAACTAAGA,216
ACGCAACAATTTGAAG,216
AGAGATCTTAAATTAG,216
AGATTGTAACTGTACG,216
AGTTGCGAGAAGTCGG,216
ATAAAAGCGTTTAATA,216
ATATACCCGTCCGAAT,216
ATCAATCTAAAAATAA,216
CAACTAAACACGTTGC,216
CACAAAGAAATCTTGG,216
CCAATCCCAGTTGGTT,216
GCTCAAAATGGATCAC,216
GGCGTAAACAACTGTC,216
TAAAGGGACACAAGTA,216
TATCCCATGTGTTATT,216
TATTTAAATAACCAGC,216
TCGAACACCAATTGTT,216
AAAAAAAAATTTACGG,215
AAATGATAGCGGTTAG,215
ACAGGAACATACCACA,215
AGATCTCGGCGCCAGA,215
ATAGTTTATAAGATAT,215
ATTAAAGAAAGACGCG,215
ATTCGAATTAGTGCAT,215
CAAACTAACCCCATCA,215
CAAAGATGTCGTTTAT,215
CAATTAGTTTCCCAAT,215
CACATAATAATAGTGA,215
CAGGTAGCTAGCAAAA,215
CCTGGAAAAAAAATAC,215
CGGTGCTCTCACCTGC,215
GCAAATACTAAGAGCG,215
GGCCAAAAGATAGCGC,215
GTGGTAGACATAGACG,215
TATATTATCTAAAAAG,215
TTCTAACGAGATGCCT,215
TTGTCAAACAGATTAA,215
TTTAGCCTTTGAGTTC,215
AAACCACTACTAGGGT,214
AAAGTTCCAAACCGGA,214
ACAAACTTAGGATTTA,214
AGTCCAGATCAAAGCC,214
AGTGCCCTGGGGTTTC,214
CAAATGATCACTATAT,214
CATCCTCACCCGCATA,214
CCAGGCCCCAACTTCA,214
CCCCAGAAAGATAGGA,214
CTAAGAATGCAAAATC,214
CTTCAAAAATGCCAGA,214
GCAACACGGGGTGTAG,214
GTACAACAAATAGCAA,214
GTATATCCCAAGATGG,214
GTTCAATCTAAAGCCA,214
TAGGCATGAGCGCAAA,214
TGAGAATTAAAATGAT,214
TTGGTAGGAGTGCACT,214
AAAATAACAGCAATTT,213
AAACAAAAGACCGTTG,213
AAACCCACCTAAAGAT,213
AAACCTGTCCCATTTA,213
AACTAGTTTAAATGGG,213
ACAACCAAAAAAAATA,213
ACTACTTCCCGAGGAA,213
ATACACAAACCGTTAC,213
CCAGGAGTAACTCCAC,213
CCAGGTGCCAGCGACC,213
CGAATTAGTGATCACC,213
CGGACTTGCAAGTCTC,213
CGGCTGAAGCTCAGGT,213
GAATGTCCATCCAAGA,213
GCCATACACTGAGATA,213
TAAAAAACCGTAAAAT,213
TACTTACCACGTCATA,213
TATGTGTTAAAGGTCA,213
TCACACACAAACCGGT,213
TTAACAAACCGGTTAC,213
TTATAATAAAGAGACT,213
AATAGTACCTCTCCGA,212
AATTATATATTAACTA,212
ACAGATATTTTCACGC,212
ACCCGTCTACAAATAT,212
ATCTAAAAAACCAAGC,212
CAATTCTGCACCAACT,212
CCCGCGCTTTCGAACC,212
CTTGGTCAAAAATACC,212
GACTTGCCTATAAGGA,212
GATACAATTGATCGGC,212
GATGACGTCAAGCGGT,212
GCAAAGAGAGGAATTG,212
GTGCCCAGCTACCTAC,212
TAAACGATCGAGATAG,212
TAAGAGAGGTTAACCA,212
TCCAAACGCAAGGTGT,212
TCTGCTGGAAGGCAGA,212
AAAAAACCACACGAAA,211
AAACCATCAAACCGAC,211
AAAGTCGTATCTATGA,211
ACTGATACTCGCTAAA,211
AGCGATCCCCAATCCA,211
AGGCACACTCGAAGAA,211
ATGTTCTGGATTTTTG,211
ATTGCCTCATACCAGG,211
CAACAAGTAATCGAAT,211
CCCATCCCCTCCAAAT,211
CCTCACCCCACAAACT,211
CTGAGATCAACTATAA,211
CTGAGATCGTTAAGAA,211
GAATAAAATTTCAGCA,211
GCAGACGGAATGATAA,211
GTGCAAAAATGCTAGC,211
GTGCTCTACAATAAAT,211
TATGTAACACGTCCTT,211
TCTCCCTCGACTAAGT,211
TTACGGAATGATAGTC,211
TTAGAAAGAATCTACA,211
TTATCTAAAGGTCAAA,211
AAAAGCTTACGTTATA,210
AAACCAAGCGTTCACT,210
AATCAAAGTTGGTAAC,210
ACAACGTGCGATCTAC,210
ACTGCCACAATCGTCT,210
ATCCATTGCAAAAAAC,210
CAACCTGAAGGTACTA,210
CACTACACCGACAATC,210
CATCATAGATTATAAA,210
CCGTGGTGTCAACCAC,210
CGATCTTGTATGTTGA,210
CTAGTTCTTTATAGAC,210
GGAAGATCTAATCAGT,210
GGACCTTCTCTTAAGG,210
TAATCTAACGAGCAAT,210
TACCTCTCGGCGCATC,210
TCGACCCTAGTCTTAG,210
TGAAAAATCATTACCA,210
AAAATCTGTACCTAAT,209
AAAGAATACCTGAATA,209
AACCGATAAGACTCAG,209
AACGTAGCGTTCTCAC,209
AACTCAAGACGTCTAA,209
ACGAGTCATATAAACT,209
AGGTTATTAAAACGCA,209
CAATTAATATTACGAC,209
CTTTAGACGCCATACA,209
GCGTAAAATGTTAGTA,209
GCTTGACTAAAAATGC,209
GTAAACTCTGTACAAC,209
GTAAGGAGGTCAAAAA,209
GTTTAAAGGGAAGGCA,209
TAAACGTCAGTCAAAA,209
TGAAAAGCTTCGCGTC,209
TGCGCAAACGGATGTT,209
TGTAAGAAGACGCCTT,209
TTCCCGGCGAATCCAA,209
AAAATCCACCATATTT,208
AAAGATATGGATTAAA,208
AAATGGACTAAGAGTA,208
AACCGAAAGAGCCACC,208
ACTGAAAGCGAGCCAC,208
AGGGTCATGATTGTAG,208
AGGTTCTCTAAACCTC,208
ATATACCTAGACCACA,208
ATCATAAAAATACAGG,208
CAAATCGCAAGTATTA,208
CAATTACGGGCATCAG,208
CCAAAACTCAATAGAT,208
CCCCTTCTGTGTCTTA,208
CCCGTGCGTTAGGCTA,208
CCTGGTATCCCTAACT,208
CGAGACTCACCTCCTA,208
GAACTCGGAGAAAGGG,208
GAATCTTACAAAATCG,208
GAGTCGTGAAGAGCGC,208
GGACACTAACAATTAC,208
GTATCTCAACTGCATG,208
TAATACCTTGGTTAAT,208
TAGGCTAATCCGTACC,208
TCTCGAGTAAACGCAT,208
TGGGGGTCACAGACAA,208
AAGCGACAATCGAAAG,207
AATGAGCGTAATAATC,207
AATTAATATATCAACA,207
ACAAACACAGCTTTAC,207
ACCTAAGCATTGTAAG,207
ACTCGACAAAAAAGGA,207
ATAAAACAAACCGAGG,207
ATTCGGTAAACTAAAC,207
CCTTCTTGTACACGAG,207
CTCTAGGGAGAAGGAA,207
TAGAGCGCGTTTTTCC,207
TGAATACAATAGCAAC,207
TGACAACTATAACGGG,207
TGGCACACAACAATAG,207
AAACCTTCATCAGCAA,206
AAAGGTTAGCAGCCGT,206
ATCTTACTGGAGTTAT,206
ATCTTATAGCAGATCA,206
ATGATGTCGCGTAGCG,206
CATTTATATAAAAAAC,206
CGAATCTCCGACCAGG,206
CGATAGTAAACCAATA,206
GCGCTAGATAAGGAGT,206
GTAAAAACAACGGAGC,206
GTAAAGCTTCATTTTA,206
TAACACAACTAACACC,206
TACTGTCCCGGCACAT,206
TGTCCCGCATAAGGCT,206
TGTGTTTGAGTTCGAA,206
TTACTCAATAAGACCT,206
AAATTAGCAACGACTA,205
AATGAGTATAACAGTT,205
ACACTCATTAGCGATT,205
ACCCATATTTGTGTAG,205
ACGCGAGCAAACACAC,205
AGATATTAGTCGCAAA,205
ATGTTAATTATGTTAT,205
ATGTTAGAAAGATCTT,205
CTCAAGACAAGATAGA,205
GAACTCCCCCTCTAGA,205
GCATTCTCCGAATCAA,205
GCCAAAGGGCCGTCAT,205
TGATATCTGACGGTTC,205
TGTAATTCAACCATAT,205
TTAGATTACCACTGAA,205
AAAATGACAAATTTTC,204
AAACCATAATCCCCGA,204
AGAGTAACTCCTGCGC,204
AGATACAAAAAACCCA,204
ATTAGACGAGGACACT,204
CATAAACGTCTACCCA,204
CCATACTATAAATACA,204
CGAGAGCAAATTATCG,204
GAAAATGGTACTTCTA,204
TTAATTGTTTAAACTG,204
TTCCTCAAACGAACGG,204
TTCGAGTTAATGCGTC,204
AAAAATTCTAGCTCAT,203
AACTAGATGCCGTAGC,203
AAGTTATGACTTTAAA,203
ACCCTAATAATATCAT,203
ACCTGACCACAGTAGC,203
AGAATCCATCACAAAA,203
CGTAAAGTAGCGTTAC,203
CGTCACGAACCGGCCC,203
CGTCTGCACTGACGCT,203
GACAACTTACGTCGTT,203
GCAACACACATTAGGG,203
AAACTTACTGTTAAAA,202
ACAAACAATGTATGAA,202
CGTACATCGAGAAGAA,202
CTAAGTTATACAGATC,202
CTCTCATTAGCTTTGT,202
GACAGTGGGGAAGAAG,202
GTGTAACATCTCATGC,202
TACGAGAAGAAAAAAA,202
TAGAGCGCATGGAAAC,202
TCTCCAAATTTTACAT,202
AAACATTATTAAGCTC,201
AACCGGTATATGAAGC,201
AGACGCATAGCTAGCC,201
ATTCATACTATAGCAT,201
CAAACAACATATTCAA,201
CATGTGTTTCCAGATT,201
CCTGAATTTAACCGTC,201
CGCCTAAGTCTGGCGT,201
CGTAATAGACATTCTA,201
GGCGATGGCATTGACA,201
GTTTGTCCGCGCAATC,201
TAGAACAAATCACACA,201
TAGTGTATAGCATGCT,201
TATAGACCACAGTAAA,201
AAAAACCAGCATGATA,200
AAAATAATTGGCTTAG,200
AATTTCCTGAAATCCA,200
AGAACTCCCCTGCAGA,200
AGAATAAGCAAACAGG,200
AGCTAACCGAGATAGA,200
CACTCGTGAGGTCCGT,200
CAGTGAGGGGGTAAGA,200
CGAACACCCGGAAGCG,200
CTATAACAACAGTATA,200
TAAACAACAAATGAAT,200
TTAAACATTCCTAGCG,200
TTATAAAATCACATAG,200
AAAAGCGAATACAAAT,199
AAAGGAGTTCAGAATC,199
AAGAATCCACAGTGAG,199
AAGCAACAAGTAAGAT,199
AATACGACTTCGTAAA,199
AATAGATGGTGATTTA,199
ACAACAAAATCCAGCT,199
ATGAATGCAAACTAGA,199
CAGACTTATATATTAT,199
CGATTACAATGCCTAA,199
CTCTGCTTGACTAAAC,199
GATTGTAAGCGAGGGC,199
GTCCACCAATTCAGAG,199
TAGAAGGCATGCGCTA,199
TCAAACAGAGACTAAG,199
TCTGCACATATTAATT,199
TCTTTACACAAAACAT,199
TTGGGCTTTCCAACAC,199
ATAACCTTCATGCCAA,198
CTAGACTTTCGAAAAC,198
CTTGGACGAAGCGCAT,198
GATTAAGCAAACCATA,198
GCGTAAAGCGAGGATC,198
TAAAGCACCCACACCC,198
TCAACCCTTCCTACCC,198
TGCAATCATCTCAGAT,198
TTGCGCGAGCTTCACT,198
AGTTCTCATCATCGAA,197
ATATTTTACTAACAAA,197
CAAACCCTTGCAACCC,197
CACGGAAAGTACTAAC,197
CCCGACTATAAATGGT,197
CGCAATAAATTCTTAG,197
CTAACAAATTAGAAGG,197
GAATTGTTAAAGCTAT,197
GACGAAATTTGCTAAA,197
GGCGGTATAAATAAAA,197
GTAAGAGGGCCTAGAT,197
GTGACTAACAAATGAT,197
GTGTGAGATCAGACTG,197
TAGTAAAGCTGACTAG,197
TGAGCTTGCCATACGT,197
TGCATCCCAAAGTATA,197
AAACGTCAAACCGGAA,196
ACTTGAAATAATCAAA,196
CATAAAGTTAGTGAAT,196
GCACAATACAAAATAA,196
TACCAATCAAAATTAA,196
TTGCTGATAGAAGGTA,196
AAAATGAACCTCATGA,195
AAAATGCATATTAACA,195
AAACAAAATAAAGCTG,195
AAACTGCACGTTACAG,195
AAAGTAGCTTGTAATG,195
AAAGTCGTAACCTTAT,195
AAATGTACGCAACTCC,195
AAGTCCTCTAGACACT,195
ACAAACCTAGGATATA,195
AGAAAATTTAAATTCA,195
AGACGCCTATATGATT,195
ATAAATTGACTTCTAT,195
ATATTGATATCCTTGT,195
CATCCGGCATCACCAA,195
CCCGGGTAGCTTTCCT,195
GAATCAATAGAAATAA,195
TAAACCTGGGAACCCC,195
TATTAAAGCTGCACTT,195
AAACCAGCTATCTATT,194
AAACCTATACTTTATC,194
AACTTATAACTCCAAC,194
ACTATCATGCGCTCAT,194
AGCCTCAATGTTAAAG,194
CTCAAGTTACAAACAC,194
CTCCAACAGGGATGAA,194
GACGTGGTTTGTTACG,194
GAGATGTTATGGCGCA,194
GATAGCGGTCATTTGT,194
GCAAGAAGAGTAAACC,194
GTATTCTAACGCATAA,194
GTTATGCGCCCGTGCA,194
TAACTTAAGTCAAAGC,194
TAATCAAACAAAGGGT,194
TACACCCCAGAAAAAC,194
TTGCATTATGTCGTGC,194
TTTCCAATGAAAGGGA,194
AAAAGACGACCAGGGT,193
ACATTTCAAACAAAGG,193
ACTGTTGTAAATACTT,193
ATAAACAAAATTGAGA,193
ATAGTATGACATGCGT,193
CAAACTGCTCCCTAAA,193
CAGACCTCTCACATTA,193
GGGAGGAAAATGTGTC,193
TATAATAGAAGGGCGG,193
TGCTCCACTCGAGAAA,193
TTTGATTGTAGAGATT,193
AAAATCCCTTGAAATA,192
AAAGTAAAAATGTCAT,192
AAATCCAAGCTTGGAC,192
AACTAACCATTAGAAG,192
ACCGCTCTTCCTTTAT,192
AGATCTCTGAGTAAGA,192
AGTGTTTTCGTATTCG,192
ATTGATCTAAAAATAA,192
CCCTTGTGATATTGAG,192
CCGCAAACTCACCGAA,192
CGTACCACATTACAAA,192
CTAAACAGCTACACAC,192
GGTCGGCGGGATGTAA,192
GTGATCAGTCTGTTTA,192
TAAACTGTACTCAAAA,192
TATTAACAAGAATTGG,192
TCTTAAAAGCCAAAAA,192
TGACTGGTGGAGACAA,192
TGGGAGGCACTAAACA,192
TTTCTGATGTGACGGG,192
AAACAACAAATAAAAA,191
AAACAGAGAACTAGTA,191
AAAGGGTATGGTCTGC,191
ACAAAAAATGCTAAGT,191
ACCTCCAACTCTTGAT,191
AGACATTACTCTTCGT,191
AGGGTAAACAATGACC,191
ATATTCTGATAAATAA,191
ATTAAACAACGAAACT,191
CATACCTAATTATAAT,191
CGAACGGTAGCATGCA,191
CTGCTACTCCACTAGA,191
GCTGAGTATACCAAAC,191
GTACAAACATTATAAA,191
GTTCAAGATCAGCTTC,191
TAAATCAAAGACTCTC,191
TATTTGAGAAAATGAC,191
TTTCGGTTAAATAAAG,191
AAATAACTTACCTGAT,190
AAATTTGAAAGCAAAA,190
AATGATTAACTAATAG,190
AATGCAATTATAAATA,190
CAAAGCCCAACAGTTT,190
GACAAACTCCGACAAA,190
GATACGCTTCGAAGGC,190
GGAGACCGACCGTTAA,190
TTGTAATCAAACTACA,190
TTTACTCGAACACCTA,190
AAAAGAATAGCGCTAA,189
AAACCTAAAGACTCAC,189
AAACTTCTGACCGAGA,189
AACACCATAAACTGTA,189
AATCCTAATATAAAAG,189
ATAATAACAGCAAACG,189
ATTGAGATTTCTTTCA,189
CAGGATAAGCCTTTCC,189
CATTTCTCGTGACCCA,189
CGTAACCGAAAATAAC,189
CTTAATTAGAAAGTAG,189
GATATACTTAAGAGGA,189
GGTAGACAATACGATT,189
TAACAAACCAAAATAC,189
TAACCCGCCAATAAGA,189
TAACTCTTATAGGGCC,189
TCTTACTTAGAAAAGC,189
ACTGTAAGAAGTGGAA,188
CAACATTAAGGTTCAT,188
CACTGCATGTTAAATA,188
CAGATGAAAGAAGAGG,188
CGGGTAAACCACAAGG,188
CGGTAAAAGAAACTCA,188
CTCAAAACGTACGTAA,188
GACAAACGTCAGGCAA,188
GCCTCGTAAGAGAGAA,188
GGCGAGAGACAATTAA,188
TAGATAAGAATCAGTG,188
TTCCGAAGAAATGAAT,188
AAAGAGCCTGGGGAAT,187
AAGGTCAGATTTGGGA,187
AATGTGACGTTCAAAC,187
CAAAAACAATACCATG,187
CCGAATATGGGTAAAG,187
CTCCCATACAAACACA,187
GACCTTCAACCTTGTA,187
GCACAATAACGGAAAG,187
GTCGCACAAGCCTAGG,187
GTGACTCCACACAACA,187
TACAAAATTGATAATG,187
TAGCCGTTCCGTACAT,187
TCCGTTGATATAGTAG,187
TTTATTACAATGAATA,187
AAACTGTTAAAAACTG,186
AAATAAAAACATAAGA,186
ACCATAAGTAAAAAAC,186
AGGATATCCCTACAGT,186
CATTCTATGAAAATGA,186
GAGACGGACCTGGTGC,186
GATAATCAAGCCCTCG,186
TACAAAATCCCTCTAT,186
TATCTTAACTAGAATT,186
TGCGTTAAGGACATAA,186
AAAATAGATACCCACC,185
AAACATAATAGACCGT,185
AAACCACACAAGAATC,185
AAATGACTAAACCAGC,185
AAGTAAGTAAAGTAAC,185
ACATGGAGTTCGAACA,185
ACCTCCCACCGCGCAT,185
ATGCCTTCTGAAGAAA,185
ATTACTATTGACATAG,185
CAAACTTTAGAACCTA,185
CATACGTTAAAGGTCT,185
CCAAGACAACTTTCAA,185
CTGTACAGATGAAATA,185
GCGCACCATATGACCG,185
GCGCCCTCTGACACTT,185
GGATGACAAGACCACA,185
GGTAGAAAACAACAAA,185
TAAGAAGACCCATTAT,185
TATATATACCGAAAAC,185
TTAATAAGAGTCGACT,185
AAACTTGCAAACACTT,184
AAATGAGATCAGTCCG,184
AACAACCTGGGCAAGA,184
AATACAGCCAACACTT,184
AATGCAAATTGAAGTG,184
CCGAGAACTATACCCT,184
CTGATAGAATGTAAAC,184
CTGGCCGTGGTTGTGA,184
GACGTTAATAAGGCTG,184
GATATGTCAATCATCA,184
GCCCAAGGCGTAATAA,184
GCCCCTTTTTACGACA,184
TACAAAGTTCATCTAA,184
TACGATCAAAATCCGA,184
TATGCATGAAAGTGTC,184
TCGGCATACTTAATAA,184
TTGTTAACATTTACCA,184
AAACTACTTGCACAGA,183
AAGCTTACTCAAACGA,183
AGGGCATACAAATCTA,183
AGTCGTTTCTAAATGC,183
ATAACATATTACGGTG,183
ATAATAAGGCGTGCTA,183
ATAGCAAATACAGAAT,183
ATATGAAAATTATTCC,183
CAAACAGTACACAATC,183
CTATTACATACCTGAG,183
GAAACAAGTGAAAAAT,183
GCTGACGAGCGAGAGC,183
GTAAATTAAAACACTC,183
TAAATTCTAACCAACG,183
TAAATTTACAGAATAG,183
TTTACGACTGAACTTA,183
AAAAGGTTTCAACACT,182
AAGAAAGTAACCCAAG,182
ACCTTTCTAAGTTGTG,182
ACGGCGCATTTTTCAA,182
AGGAAGAGCGATATGA,182
AGGTACAGTAATTGAC,182
ATCAAAGAGACTTCCA,182
CAAACACTACCCAAAA,182
CCGAGTATATCCACTA,182
CGGCTCTTTGAATCTA,182
GAGTCTTTAGTATCCG,182
TAAATTCCGAATGGTG,182
TACGTTCTAAGAGAAG,182
TTCCATGAGAAAATGA,182
AAACTCGGGTCAACAA,181
AACACAAACATCAGCA,181
AATAGCGTGCACGAGG,181
ACTACCAATTCACAAA,181
CAAGGCGCCGAGAGCA,181
CAATGTATATAAACTC,181
CTACTCCGCTGGCAAT,181
GAGGCTGACTGCGATT,181
GAGGGCCCAAGTAAAT,181
GCAAAGTAAAACAGAG,181
GCGCAAATCAACAAAC,181
GGAGGAGCGAGAAGTA,181
TAATGACTCGAAAGTT,181
TACATTCCGGACACGA,181
TCAAAACTGGAATGAT,181
AAAACAATCAAGTAAA,180
AAAGTCTTTATCACAC,180
AACAGTATGTACGCTA,180
AACGGCGTTCCTAGTA,180
AGCCTTCCAACCTCGG,180
ATAATAGTAGTGTGCC,180
ATAGCTAGATAAAGTA,180
ATGGGAAGTTCTAACC,180
CAATAAACGTCATGAC,180
CCGCAAACCGTAAAAT,180
CGTCAGACTTGCTCAA,180
CTAGATCGACAGAGAT,180
GCAACCAGAATTATAA,180
GTCCGTTTCAGATGTC,180
AAACCTAACAAAGATC,179
ACAGAATTCAAACTAG,179
ATATTAAGGGAATATT,179
CAAACAAATGCATCAG,179
CACATTATACAAGAAT,179
GAAATATTAAATCATT,179
GCATTGACTGAATAAC,179
GGCCTTGAAAGACTTA,179
TCCCAATATAAGAAGC,179
AAAATACGATCCGATG,178
AAAGATTAAGAGCTCC,178
AAAGTAAAGGACAAAG,178
ACAAGGGCCTATGATC,178
ATACCATCATCGACTC,178
ATATCAAGGCCTCAAA,178
CGATTACAATAAAACA,178
GAAACCCTAAGACACG,178
GAGATATAATCTTGGG,178
GATTAATATTTGTCCG,178
GCCCAAGATATTTGAT,178
GTCTAGCGAGAAATTA,178
TAAGACATCATTTGAA,178
TAGACCTAACTGGTAG,178
TCATATGAATTATTGG,178
TGATTAACAGATCCTT,178
TGCAATCTATCCACAA,178
TTAAGCCTTGGTTAAA,178
ACAGTCGATTGACCGT,177
CGGACTAATTGTGGAT,177
CTAATAAAGCAGCAGG,177
GATCTCGTTAAATGAA,177
GCGAATGAAGGGAGAC,177
GGACACCCCATAAGAA,177
GGCGCTCTGATTTGCG,177
GGTTCGGTGGTCCTTT,177
GTAACAAATCACAAAA,177
TGCGAGAATAGAGAGA,177
TTGACATGAAGAGTGC,177
AAAATAGGAAGAATCT,176
AAACTATTCTGTAACG,176
ACGGATAAGGATCCTA,176
AGCTAACGTATGAATA,176
CAGAATGGTACTCGGA,176
CCCTTATGACAAAGGA,176
CGAACGTAATTAGAGA,176
CGATACTCGATTAATT,176
GACATAGTAATAATTT,176
GACGAGTAACCTCCTT,176
GCACTTGTGAGCGAAT,176
GCATAATACGTAAATT,176
GGCAAAATTGTTAATA,176
GGTGGGAGATTAATAA,176
TAGTAATTAGTAAAGA,176
TGCGTCTCAAGAAGCG,176
AAACGTAGACTCCTAA,175
AAATTCAAAAAATCAT,175
ATCATAAACCCTTATA,175
ATGAAGGGACTAGTCA,175
CTATATGTATGGCAGT,175
GATCATTTTACTGGTT,175
GCAATGCGACTACCTA,175
GGACCCGGATACCTCA,175
TGGGTACCTACGAATC,175
TTCGAGCTAGAATAGA,175
AAGAACTGTATTGTTA,174
ACTGCATCTGAGAACA,174
ATTCCGCGTCATTAAT,174
CATTTGCCTCTAGAAA,174
CCTATCAATGCGGATT,174
GCATACATCAAATATA,174
GCTACAGATTTACAAC,174
GTTTTAAGGAAATAAC,174
TAAAACAGAATCTAAA,174
TCAATAGTTATAGTCG,174
TGGAGAAATTATGAAA,174
TTAATGCTAAAGGATC,174
AAAACATAAAAGACTC,173
AAACAACAAAAAAGGT,173
AAGACTGAGAGATCAA,173
AAGTAGGAGAAATATC,173
ACATTGTTTACCTATG,173
CAAATCAAGTGTCCTA,173
CGTAATTTATTCCCTG,173
CTAAAGCAACTCCAGT,173
GTTCGAAATGCAGATA,173
TAGACAGACCTCTCAG,173
TAGAGCTCTAAACCCT,173
TTTAAAAAAAACAAAA,173
AATTCAAGAAAGCGAA,172
GGGGACATCTAGATTC,172
TCGATGAATAAAACTC,172
AAACTAACAGAAAAAC,171
AACTGACAAGGTCTTC,171
AATAACGACGAGAAGT,171
ACAAAGAAAATATATT,171
CTACCGAATTGCATTA,171
GACTCATCATGTAAGC,171
GCCTACACGATTCAGC,171
TCTACTTTGCAGATAA,171
TTCACGATTTGAAATC,171
ACAAATGTGACCAATA,170
ACAATTTGGCAGGAAA,170
ACACCACATCAGGCCG,170
AGATTAATCAACAAGT,170
ATCCTAAACACAAAAG,170
CAAGAAAGCGCGTCAA,170
GAGTTCTATACTAACA,170
TAACACGATCATACTC,170
TGAAGTTGTTCTAAGA,170
TGGGGACGCGATTTTT,170
TGTGCGCATGAAATAC,170
AAAATAACAAAACACT,169
AATTCCCTGACTCGGT,169
ACAAACATAAACACTA,169
ACCAACTCCCTGTCCA,169
ACCCATATAACGCATT,169
CACATCTAGTCGAGAT,169
CCGGAGCATACAACTA,169
CGCGTCTTCCTATGCA,169
GTAAACTTAAATTCTC,169
GTATAAAGATGGTTTA,169
GTCACGTAGTAAGTTG,169
TAAAATCAAGATTGAA,169
AAAACAAACTAAACCA,168
AAACATACCGTCAGAC,168
AAAGACAACTATATCT,168
AATAAAAACCGAAAAA,168
ACGAGAAGATACAACG,168
ACGTTGTGCAGATGGT,168
CAAACTAGTCGTGCCA,168
CACGTTAAATAAAGAG,168
CATAATTGCATGCGTT,168
CTATGAGGAAACCTGC,168
GAAATTTCAATATGGT,168
GCGATCAAATACAGAA,168
TAAAGAACATTAAACC,168
TGAGACACGAACATAT,168
AAATCCCACGAATACA,167
AAGAATAAACAGAAAT,167
AATAATACTGTGCTAA,167
AATTCGTTGCAACGTC,167
ACCCGATCCGATTCCA,167
AGAGAGCTCCAAAAAT,167
ATAAAGTTTAACTTAA,167
ATACCGAGAAGTGTTT,167
ATGGCTTCCGATAATG,167
CCAACCCATCACTAAT,167
CCCGTACGTAAAACTC,167
GAACTCTGATGGTAGC,167
GATACACAAAGTAACC,167
GATGGTGGTGAAATTA,167
GATGTACAGTTGTAAA,167
GTAAACCCAACGGAGG,167
GTTGGTGAAGATGAGT,167
GTTTTAAAGTAATCAA,167
TAAAATCACAAAGGAA,167
TATGCACAGACCATTT,167
AAACACAAGCGGGAGC,166
AAACAGGCAATCTTGT,166
AATAAGATATGATCAA,166
AGAATATAATATGAGT,166
AGACCATGAACAACCT,166
AGAGGTACAAATAATA,166
ATATAGGTCATATGGT,166
ATCCCAAGAAATCTTA,166
GTATCCGATGACCGTC,166
GTGTGGAGAACCAGTG,166
TAAATTCAACAATATA,166
TTATTCCTAAGGGAGG,166
AAGAAGACAGTAAGTG,165
AAGCTATTGCAATAAG,165
ATCACACTATCAGATA,165
ATCGCTAATAAGCGAC,165
CTGTACAGGCCCACTC,165
GACAGTATTCACTGAC,165
TCCGGCCACAATCCTC,165
AAATCCTTGAGAGAAA,164
AAGGACCAGTAAACAG,164
ACATAAAAAGATGGCC,164
CATCGTCGACAAACGT,164
CATCTCTACTTTGCAG,164
CTACGTAAACTCGCTG,164
GAGGCCCGCAACAGCT,164
AATAGGTAGCCCCAAC,163
ACCTAGAATTAAGAAC,163
ACGTAAAAAGACTGAA,163
AGATTTGGGGTATTAG,163
CGACAGCCAAAGCGAT,163
GATAATCCACTCTCCA,163
GATCTTCATTGCCATA,163
GGGATCTCAAACTACT,163
TACCACGAACTCACGC,163
TCAGCCTAAAACGCCA,163
TCCCCAATTGACGGGA,163
AAAAGCTTTTCCCGTA,162
AAGAACTCAAAAATAC,162
AAGCATAAGTGCGGAA,162
ATAGCAACATCGTAAA,162
ATGAACGACTTGAACA,162
CAAGCCAAAATTACTC,162
CACCATCCCTACATTC,162
CATAGGGAGCTCAAGA,162
CCTATCAATTCGATAA,162
TAAACTGTACCAGCGA,162
TAGCATCCGTACTCAT,162
TATGCAAACTCGGTAC,162
TCCCCCCTTTCAGAAA,162
TGAAAAAACAAAGATT,162
TTAAACTTATATAAGC,162
TTACCCAAGGACTCGC,162
CTAAACAAATTCGTGG,161
GGATGAAAGCGCGTCA,161
GTCACTAACTTTCGGT,161
ACCATTCACATTGATC,160
AGCGCATGTTTGTAAA,160
CTTGAATAATCCACTG,160
GATTCTGATTTTAACG,160
GCAGAAGGGAAATAGT,160
GTATAACAAAAGTCAA,160
GTATCTGGGAGGTACA,160
TGTCGTGATACTTGGA,160
TTTTGAATGGACACTT,160
AAACAGAAGACTATAA,159
ACCCAACATAGGATCC,159
AGAATAGTTGAACCCA,159
ATCTAATTGTGATAAG,159
CCTGTCAATAGCCAAT,159
GATAGACACATTATCT,159
GATATGCAAACAGACA,159
GTATAAAAACTTAACA,159
TAAAACTATTCTAACC,159
TAACCCAACCTCAGAG,159
TAATTTGGGCATCGCC,159
TATGTTATACCTTATT,159
TGCATTCCGATAAACC,159
ACGCAAACATACCATT,158
ACTTGGTTACATACAA,158
ATATGACGGGCTTAAA,158
CCATTATTTATTTAAG,158
CCCCCTTGTCATAAAA,158
CTTGAGATTAACAACC,158
GCTGAATACGTTAAAA,158
GGAACGTATACAAAGC,158
GGACTAAGAACCACGG,158
TCTATCTGGTCGGGGC,158
AAAGGCACACCGTACA,157
AAATATTAACATTCTT,157
AAATTGCGCCCAAAAG,157
AATGTACGCACAATGT,157
ACAAAGTCAGTCAACA,157
ACCCTGGTTAAAAGCC,157
ATAAACGACTAGAAAA,157
GAGTCTTCCTGATATG,157
GTTTGTAATACCAAAC,157
TATCAAACTCGAGCCT,157
AAGATTACACTGAAGA,156
AATCGACCCCCTGAGA,156
ATAATGCAAGTTTACT,156
GAAAAACTATGCAAAT,156
GATCATAATTTTCCCT,156
GGAGATCTTAAAATAT,156
GGTAAATTGAATAAAT,156
GTCGCATTATATGCAC,156
TCCCCCCTTATGTAAC,156
ACAAGAGCGCTAATAA,155
ACTTAGAGACATTGCT,155
ATCCTCATAAGATGCA,155
CAAAGGTAAACAAGAT,155
CCACAAAATGCTACAT,155
GACAAACTAGGCTAAT,155
GGCCGACCTTAAGTAT,155
GTAGCAAACTAATAGA,155
GTGGTAAAGGTCCACC,155
TAATAAACTTATCAAA,155
TGGCAATCAGCCAGAA,155
AAACACAAACAGAAAA,154
ACAGTGCACCACTTCT,154
ACGAATAGAAGATATA,154
AGGGGTAGCGTGTCTG,154
ATATACTAAAAGGTTA,154
GCAAATTATAACAAAA,154
GTAACATAGGGAGATC,154
TAAAATAGAACAATAG,154
TTGAAGGTACTTCAGG,154
AAGGACCTCATTTCAA,153
ATCAGTAACAGACTGT,153
CGCAACCATACGCTCT,153
GAATAACATAAAACTG,153
TTGTAGTATGATTTTT,153
AAACCAAATCTCAAAA,152
ATAACATATAAAGATT,152
CAAAATAAGCGGGAAC,152
CAAAATCGAAAAAGGG,152
CAAATTTACATAGTGG,152
CAATTTTAACCAATGG,152
CCAATGACCTATAGGC,152
CCAGCCTTCCTAGCCA,152
GAATACACCTAAACAG,152
TAATTACTAAACCACT,152
TATACAAATGAAAGTG,152
TATGAAGCACGTAATC,152
TCGAACCGACACGCTT,152
AATAGCAATCAACCCA,151
AATGAAAAAATAAATA,151
AGTCGGATATGTCGTC,151
TCGAACTTTCACGCTC,151
TCGTCGAAACATTGGA,151
CATAATACCAAATGGA,150
GTTACAGGTCGTCAGT,150
TAAAGATTAGGCGATG,150
AAACTACTAAATGCCT,149
ACGTCATAGACTTACA,149
AGAAGACACATAACAA,149
ATGGACAAAAGCCACA,149
CCAGTCACCATATAGA,149
CTTTGTAAAAAAGCTA,149
GCCCTTTACAAAATAC,149
GTTACTAAATAGAAAT,149
AGAAAGACCATCTAAA,148
ATATGAAATAACGCTC,148
GACCGAGGGAGGTTCT,148
GAGGACCCCTGAATAC,148
TCGCTGTAAACTGTAT,148
AATAGGCCACATCATA,147
CACACAAATAACCATT,147
CCAATTCCAGGCAAAC,147
CGAGAGTGTTTCTGCG,147
GAAAAGCCGTAACATA,147
GTTCTCTACTTACGGT,147
TAGCACGCCCCAAATC,147
TGATAACCATAGTGCA,147
TTCTCCGCCTACACCT,147
AAACAATACACTAACA,146
AAGGGATCAAATACTG,146
AATAAACAACTATGTT,146
AATCCAACTGAGAACC,146
ACAGTGGCGTGAATTC,146
ATTAAACGCATCTCAT,146
CAAACGAAGATGATAC,146
CCTGATAACGCGTCCA,146
GAGCGCAGGGCATATT,146
TTTAAGATACGATTTA,146
ACACTATGTAAACAGT,145
ATCTGGTACCCGGGAA,145
CTCAACTAAACTCGTA,145
GAATGATTAACCAATA,145
TAAACCACGGGAAACT,145
TTTTACAACCTATGAC,145
AAACTTACTACACGGA,144
AAATTACCAACGAAGA,144
AACCCTGTCGTCTGAG,144
CATAGACGTTCTCTGC,144
GAAAAAGACGGCAGTA,144
GAATCATAGTAGTACG,144
GAGCAAAATTTCTCAA,144
GGCTCTGAAATATATA,144
AAACAGACGGTACCAA,143
CGAAGAACGGGCCAAA,143
CGTAAAATATCAAACG,143
CTTTTTCACGAATACA,143
GGACAACACAAAACCT,143
GGTAGACATCATAAAA,143
GTGTGTCAGAACTAGT,143
TTGACCGTAATCCAGT,143
AGAAGATGTCTACCGT,142
GAGCATTACACAAACG,142
TAAAATCAAACAAACC,142
TAAACATCATACAACT,142
TAAACCAAACTAAAGC,142
TATTCAAACAACAAAT,142
TGATGACGGCAAAGTC,142
AAAACAATTTGCACAA,141
AACAGATAAAAAAACT,141
ATAATAGCTTATGAAA,141
ATAGCGAAATCTGTAA,141
ATAGTCAGTCTATAAG,141
CGAATCTCTAACTATA,141
GTATTTAATGTAATCC,141
TAAACACAGTTTAATA,141
TATCTTCGAAGTACGA,141
TCACTAATGTGTTTCA,141
AAACTAAAATGAAGGA,140
AAGACGCGTTCAAACT,140
AATCTAGACTCAACGA,140
ACTCAACCGTCGTTCC,140
AGATAATAAACCTATA,140
AGGTTATGCATAGGGG,140
ATGTGGGAGCTGCACT,140
CTTTCCAACCAATTGC,140
TAAAAAAAAAGAAAAT,140
TAGCGTAGAGAAGTGG,140
TGGAAAGGGCCCAATA,140
TGTAGTTCCTGAACTG,140
AAACACTTCCACCACA,139
CACATATGTTAATTGT,139
CATTTGATATAACTGG,139
GGAGTGAAGTGAAGTC,139
TACAAAAACCTAAGGA,139
TAGCTTAAAATTAGGA,139
TCTAGTAAGATATTTC,139
TGGCAATTACAATCAT,139
TTTGTTGATAACAGAA,139
AAACCAATAAACGGTA,138
CAAAGAATCGACTCAG,138
CAACGGAGGAATTTTC,138
CCCCAAGACAACTCCG,138
CTATACAAACGAGCAA,138
GACTTGAGTAAATAGG,138
GTGATGAATCCATATA,138
GTGGCGAGAGATCTCT,138
TAAAATTTAAACAATA,138
TATTATAGAGCAGAGA,138
AGAACTAAGATCAATT,137
CACTTTACCGTGAGTG,137
CATCATCTTTAGATAG,137
GGGCGTGAGACGCACA,137
GTATCGCCTTACCATC,137
GTGAAAATAGTTGAAA,137
TAAGAGACTAGCATGA,137
TATAAACGAAACGGGA,137
TTAAACTTATAGTAAG,137
TTCTACTAAAAGATAT,137
TTGACATTGAACCCCC,137
TTGAGTCATACCGTAG,137
AACCACATTATTAAAA,136
AAGATAGTCAACCCTA,136
AATGACATGGCCCCAG,136
ACACTATTCTTGAAGA,136
GAAGTGAATGACATTC,136
GCTCCGATCTTCCGAG,136
GTCTGCTTCTGAATTG,136
GTTCCAAGAGTTTGCA,136
TAAATAGAAAACCTAT,136
TAGTAAAATAAACTGA,136
TATGACATAAAGAAGT,136
TCCAATTTACGATGAC,136
AAACTCTGTGCCTGCA,135
AACAACTCTTGCATCG,135
ATTGGTACATAAGGGC,135
GAAATTGAGAATATAG,135
GACATAGGTTACTAAC,135
TAAACAAAAATGTACT,135
TAAACGTTCAAATATC,135
TAGTCCACCTCCCATG,135
TCCAAATGTACGGACC,135
TGGTCACACAAAAGGA,135
AAACCAAAAAAATAAG,134
AAACGCGCGTCAAAAC,134
AGCTCAAACTGACAAT,134
CAACACCCATGTGAAA,134
CTTCGCTGAACCCCAA,134
GAAAAACTTGATTCAA,134
GCATTAAGACAAGAAT,134
AAACCAGAACCCAAGA,133
AAATATGCTCAAGATA,133
AAGAACTGAAAATACA,133
ATAAGCACTCTAGCTT,133
CAAAGGTCGGGCACTT,133
CAAGATATTTGCCGTA,133
GAAAGTCCAGCTAAAG,133
GCTGATACTATAACTT,133
GTATTGCAAACCGATC,133
GTCCTCGCCATTAAAC,133
TAACGACATACACACC,133
TCCTGAACATAGAGCA,133
AAATTAAAATAGGATT,132
ACCACTGCATGACGCA,132
AGTTACTTAGCCTTAA,132
ATAACAAAAAATAAAC,132
CGGATTAATAAAGTCA,132
GAACAGATATGCCGCC,132
GTTTCCAGTTTATATG,132
TACCTGTAGATAACGC,132
TACTGAATTAATGCGA,132
TCAGAAAATAACCCCA,132
TCTTCTCATTTACAAT,132
AAGGAGTTCATTCTTA,131
AAGGTACTAATAGACT,131
AGTAACTCTAACTAAG,131
CCACGAAACGAGAAGG,131
GGCTGTTAAAATTGAT,131
TCCTTACGCGTTGCCA,131
TTAAAACCCAGAAAAA,131
AGTGGACTTTGTTGTC,130
CAAACTCAAACGATTG,130
GAATAGATACCCATCC,130
GACGCTCACCACATTA,130
GCAAAGCAGGACGGTG,130
TGAACACTCGGCCTCA,130
TTACAAGTTAAATGAA,130
AAAGTCCATTAAATGT,129
AATCTAATGCCCACGA,129
ACCGGTAGACGCATAT,129
ACGTACATTTAATGTA,129
ATGACCTGTAATCACA,129
CATACATAACGCTATG,129
CATTTCTGTTGAATCA,129
GAAGGTCAAATCCAAC,129
TCTAAATATAGCAAAC,129
TTAAACAATAATTCCA,129
AAGCTAATAGAATACA,128
AATGAATTTAAAATCA,128
AGTAAACTATTTGGGA,128
GACTTATTCACCCATG,128
TAAAATATACAAATGC,128
TTGCATTAGAGACACA,128
GGCAGTAAAATTAAAT,127
GTGAGATAGTGAGCCC,127
TCTATAATAAAGAACT,127
ACGCAACAAGAGTGTG,126
AGACGAATTATCATAG,126
TAATGATCAACCTCAA,126
TATTAAGATTTAGGGA,126
AAAAAACATTCTCCCA,125
ATCAAACAAATGCCAG,125
ATTCCACTACACAAAC,125
CATGTACTGTTGATCA,125
CGTAAACCAAAAAAGT,125
CGTCTCATATTCGGCT,125
CTCCTTATTACATTTA,125
TAAATTAGTCATTATA,125
AAGCCGTATTTTCTTA,124
ATACCTATAGCCCACT,124
GCAAACTACTTTACGG,124
TACGCCTAATACAAAC,124
TAGCGACAAAAATCAC,124
AAGTGTCTCTTACAAG,123
CACTAAAGTAAAATAA,123
CAGCAAAATGGTGGGA,123
CATATACATACGCAAC,123
CATGAACTCTACTGCC,123
GCCATGCCATTCGCAA,123
GCGAGCTAGCGTGGAC,123
GGCGGACCGCACAAAG,123
GGTGCATCATAAATAC,123
TAAAGCTAAACTATGG,123
TGGATCTAATTGCCTT,123
TTTTGTCCTAACCTAA,123
AAAAAAATATCATACG,122
ATGGCATACAAATTAT,122
CGTTAGAGCAAAGCCC,122
GACGAGTACTTATAAT,122
TCGGAAAACCGAATTT,122
AAATGACTGCTCATAA,121
ACAGACAGACCGTGAA,121
ACGAAACCAAAATATT,121
ACGAACCCTATCGGCT,121
AGAAAGAGATCTGTTT,121
AGAGCTACCACGAGTA,121
ATAGAGTCCTAATTTA,121
CATTAAGTAATAATGA,121
CCCTAATAACTAGACT,121
CTATACAAAAAAAGAT,121
AAAAGAGAGTTCAACA,120
AAACGCAAGAGCGTCT,120
ACACCTAGTAGTAAGG,120
CATGAATCGAAAGACC,120
CGTATTAATATAAGTA,120
GTAGTCCAGAATTAAG,120
ATCTACTCAAACTCAC,119
CAAGGCTTATTATCAA,119
CATAAATTCCTTGACA,119
GAAAACAACGTGAGTG,119
TCCCGAATGGCGGAAA,119
TTACCCTCCTATCTCA,119
AAAAAAATACCAAATT,118
AATCAAAACGTCAAAT,118
ACAAGGAAGCAGCTAA,118
AGTTGCCGTAATAATC,118
ATACCAAAGCCAAACA,118
CAACCGATAGAACGCG,118
CGGAAATCAAACAATC,118
CTACAATATAATTGCC,118
CTGTAAACATAACGCA,118
GCATAAGATGTGACAA,118
GCCCTTTTACACGAAT,118
GGATTAACTAGTCAAT,118
AATAAAATAAAAAAAC,117
CCACAAACATAAAGTG,117
CCGCTCACTACACCTC,117
GATAATATGTCAAACT,117
GTACACTTAATGACTA,117
TCAAACCACGGAGACT,117
TTAAATAAAACATCGC,117
AAGAGATTACATATTA,116
ACCAGATAGGCAAGCA,116
ATGCGATTGCTGAATA,116
GTAGCTAAATAGGCGG,116
TGCCCCAGACCATACT,116
ACCAATAAAAATCAGG,115
ACTGGATATGATTGGT,115
AGGATACCGTCAACCC,115
ATACAAGCCACCGGTT,115
ATACTAAAGATGTATA,115
CCACACCAGTTAAGTA,115
GACAGCAGTTCAAGCC,115
TGCGTTATATAAGTAC,115
AATCCGTCATAATTAG,114
ATATATATACCGGCTG,114
CAATAGGCGCCTGTTC,114
CCAGGGATGCTGGAGA,114
CGCTGTTTATCGAGTC,114
GTGGTTATCTAGACCA,114
TAAAACTAAGATAAAA,114
TACTACTCTTAACAAA,114
TCTCTCGTGATTCCAG,114
TGAGGCTTGTGGTCGC,114
AACCATTGAAAACAAA,113
AAGACACATTACGGCA,113
GATTCGTCATTGCCAA,113
GGAAACACCTTGTATG,113
GGTTTGCAATAAGTCA,113
TCGAGAGCATTTGACT,113
TGACGGTACAAAGCGG,113
TTCGAGAATATAAGCA,113
AATTGAGTTAAGTGTG,112
ACGTTTAAATGAACAA,112
AGAAAACCGTAAATTG,112
CATGCATGTTGCATTA,112
GTGAGCAAAACTAATG,112
TGTGAAGCGAAAAGCA,112
TTTAATCAGTTCGGTG,112
ACCGATAATCGAAGGC,111
ACGTCATGAAACCAAT,111
AGCAAACAGCCAATGA,111
ATTCCTCATGATGTTC,111
GATCAGATAATAGTGT,111
GTACTAAGACGAACGT,111
TATCTCAAAAAATCCA,111
TCCTGAACTACCCAAT,111
AAACGGATAAATGTCA,110
AAGCAACTTATGGGTC,110
ATTTCTACTGAATAAT,110
CATAATAGAACACAAA,110
CGACTACACAATTCTA,110
CGTCGAAAAGAAGAAA,110
TAACGTGACCACCTAA,110
TACCGTCACGCGGGCA,110
AAACTCAAAGTAGAAC,109
AACACCGGTCTGCTCG,109
CAAGCACGAAACTTAT,109
CCCACTGTCTACTCAA,109
GAGACGGTACCGGTAA,109
GATTAGGAACCGGGTT,109
GCTAAAATTCAACCCT,109
AAACTAGGGGGAGGCT,108
AAGTAATAGACCGTGA,108
ACGTAATAGAACATTA,108
AGTTATCAGAACGAAA,108
CACACAAGGAAACGTC,108
CATTAACTGGTTTAAG,108
TCGGAGACGATTTAAG,108
TGATATTAACTGTGGG,108
AAATACAAAGTGTATC,107
AAATACGTGCATTACT,107
AACGGAGAAGGGTCGA,107
AGAAAGCATACAGGGT,107
CGTCTGCGTTTAGATT,107
GGATCAGCCACATATT,107
TTCGCAGATAGTATTC,107
AATAACGAGCTTTAGT,106
AGCCCGTATCTATAAA,106
ATTCGGACCAATGACA,106
TAACCGATGGAGATTG,106
TCACACCCATTCACGC,106
TTAGCTCAACGACTGG,106
CCGTAAACAGAGAGGG,105
GTTTCCACCCCCAAGC,105
TTCATACAACGCTACT,105
ATAAACCACACTCTCC,104
CACCACGAAAGCAAAA,104
CGAACTCAACAAGCTT,104
GAAAACACCATTTTAG,104
GACTATGAACATCCAT,104
TAATGCGGCCACAAAG,104
TTACCCTCACCTATAA,104
AAACAAAGACTCAAAA,103
AAACCAGTGCCTAACG,103
AACATACAAACTAAAT,103
AACCCAAGCAATACAC,103
ACAATACTAAAGCAGA,103
CAAGTGTCAGGGTAGA,103
CCTGTCTTTGAAACTC,103
GCTGCATTCTCAGCGC,103
TCCAAAAGATATTACC,103
TTAAAAGATCGACTCA,103
TTAACAGATCTAAAGT,103
AATACGTACCATTCAT,102
ACCAGTGAAAGAGTCG,102
GACAACTTTTGGTAGG,102
GATCACAATTACCCAA,102
TAAACAAGTGAGAATT,102
TAAATCGTTAATAGAT,102
TCAGCGCTAAAGAACT,102
TCCTTATCTCACAAGC,102
TTATCCATCATACAAA,102
ATCATTTTTCTCACCG,101
GGAACTTCGGTTTACA,101
TAAAATAGATTAAGAA,101
TAATTACCTTAAGCTT,101
TATGAGGGCCTAGGAA,101
TCAAACCACGTCAAAC,101
TTATCCAGTTAATGCA,101
AAATAGCCAGGCCAAC,100
CACAATAATTAACTCA,100
CCTAGAGTTACACCAC,100
GACAAAACTTGTGTAT,100
GGCAAAATATACATAT,100
TCCTACTCGCCCAGTA,100
TGACATTATTCGCCTT,100
CACGAATATGGCACAT,99
CTATGACTAAACCATA,99
GCAAACGCAATTGCCA,99
GGGGCTGATATCTGAA,99
TCCGCCCAAGTGGGTA,99
TTTTCACGGAGATCCG,99
AAACCCCACAAACTCT,98
AGCCAACCACGATACC,98
CATAACATAAATAACA,98
GCCTCAACTACTATAG,98
TCAAACTTACAACGCT,98
AAAGAATAACGTAGGT,97
AATGGTCAACTGGAAA,97
ATCACGTGGAATAGTA,97
TATTGCACGATAATGG,97
AAACTACACGACGAAT,96
AAGGCAAAAAATACCC,96
ACAAAAACCTTTGCAA,96
ATGGTTACATGGCATA,96
CTTCCTCACTTTATAG,96
GTCTTCCCGAATCCGA,96
TACACTGTCGTGAGAG,96
TTGAGTTAGTCCCAAC,96
AAAAGAACCGTCTTAG,95
TATAACCGGGATCTGG,95
TCGATCGGTAAGTCCA,95
TGCATTCGAAGGGCTG,95
AGAATATCTGTTAGGG,94
ATAAACCTAAGCATTA,94
TTTGGAACCACAGCGG,94
CTGACCTTATGAAGAA,93
GAAAGCACAATTCTTC,93
TATGAAAGACTAAGGC,93
AAACACTAATAAACAC,92
AACGAGTATCACCCCA,92
CGAACTTATCAAAAAA,92
GAAGAGATACAAACCG,92
GAGTTAAACCAACTTA,92
GCCCACACCTCTAACT,92
CGACTTCCCACGCTTG,91
GACTATAGTTCGAAAC,91
GTTACACTTTATAACT,91
AAAAAACTGTAAGGCC,90
AAACACCCCCTCAAAA,90
CATGTAATGCACGGAT,90
CCGGCCAATATCCGGG,90
CTTCTTTAGCTTACAA,90
GAAGGTCGATATTCAG,90
GCTAAAAGTACTGCCG,90
TGCTTGACAACACCAT,90
CAAACCAATGTAGCCA,89
CAAACGTCCAGATGTA,89
GATCACAGAACGAGAT,89
GTCAACAGAGAGGAAA,89
GATAACACAAAAAAAC,88
TATAATCTAGTAAACA,88
AAACTCCCACATTTGG,87
ACAAACGCCGGGTCTC,87
AGGAAGACGCATAAGA,87
ATACAAAAAATTAATA,87
ATACGCCAATAAAATT,87
CAAGAAAAATTCGTCC,87
CCGACCCTGGTTTATT,87
CGAACTGTAGTACAAA,87
GAATATTCTAATCGAT,87
GAGGAGAAATTACAAA,87
GCAAATATACAAAAAC,87
GGACCACGTTATGCAA,87
TAAAATCTTGAGATCC,87
TCGAGAGAACAGGATA,87
TGACCTTCCGAATATC,87
ACCTTTGCTTAATGAA,86
ACTATTACGATTAACG,86
ATAAGCCAGGGACCAT,86
ATAATTACAAACTCAG,86
ATAGAACTTAAAACAT,86
ATATATCTTTGAACTC,86
ATGCTTCGTTAAATCC,86
GGGAAGCCAACACGAA,86
GGTAGTTCTCCGCCCG,86
TAAATAATCAAAATAG,86
TAATGCCACACCTTAG,86
TCAGATGCCCTTGGAA,86
ACCAAAAAGGAATCAA,85
ACTCCTATAAACGGGT,85
ATCAAAGAAACATTAC,85
GGGAATATGCCCTCCA,85
GTCACATCGAATACGT,85
TACCGGAAGGTGTCTA,85
TAGTACGAAAAATAGA,85
TGGCAATATCCATAGA,85
AAACTTCTACACTAAC,84
CAGAGGGAATTAGCCA,84
CGCGCCCCACAGTCTT,84
GCGTTATCAAATTAAG,84
TAACATATCGCACTAA,84
AAACCACGTGCGCCAT,83
ACACTGTCAACCAGAC,83
ACGAAACCATTTACTA,83
AGCAAAATTGTCCGTA,83
CTCGAAACTATACTGG,83
GCCAATAAACGCAGGG,83
AATAAAGCTAAGTAAC,82
CGAACCTTCTAATCAG,82
TAAGGATATGGAAACA,82
AACAATACAGGAAAGT,81
CAAAAGTAATAAAATA,81
TTAACGAACAGCGAAT,81
AAGTTCTATCTCTTGC,80
CAACAAAAAGGATCAT,80
GACCGCAAAATGTAGT,80
TAAACACACTTAAATA,80
TATCTACGAAAGTATT,80
AAACCAGATGAGTACG,79
AACCATATCCAATAGG,79
AGTCCTCAACGCTTAT,79
ATATTTTTAGACCTGA,79
CATGCGAACGTAATCT,79
CATTGAGCACTCCAAC,79
CCAAAGTTTAAAACAT,79
CCCATTATGCAAGGGA,79
CGAACAGTTACATACT,79
GCTCTTCTTAGCGGCG,79
TTAATATCTTGTGTAA,79
TTGTTACATTACGAAA,79
AAAGACCCTTAGAGAT,78
AACAAAACACACGAAT,78
AATTAACTGTCTAATA,78
ACAATAATAGATTTGA,78
ACCCCCCAAGTGCACC,78
CAAACCGAGTTGCTCC,78
CAATTCATTGCTGAGC,78
CTACTTTCACATAAAA,78
TAATTGCCTTAAAACA,78
TACAACTAAATCGGGT,78
TGAAGAACCTTCGAAA,78
ATCTTTAGTGATGTTC,77
GTAATACTTAACGAAA,77
AAAAAACTCTAGCACA,76
ACTTGACCTTCGTCTA,76
AGGCAGCGGCGTGAAA,76
GCCCTATAACAGTGAG,76
TGTATCCACAACAATA,76
AAGCAATGCGGTGTGA,75
ACACCCCCGCAAGGTT,75
ACACGAATCGCGTACC,75
CGCGAAAGCATTTCCT,75
GAATATCATACCAACA,75
TCGAGGATTCCGATTT,75
TGCACAAAAATAGCTT,75
AAAATGAGATTACTGC,74
AATTGCCGTCGTTTCT,74
ACATGCCTGCGAAGTT,74
AGAATGAGACTACTAC,74
ATAGGTACCCAATTTG,74
ATGAGCTAGAACAAAG,74
CTTTCGACCACCCATA,74
TATCCCGTTTATACGT,74
TGGGCGACTCACATCA,74
AATATGACTAATTACC,73
AAGGGCGGTACAATAA,72
AATATAACAGTGTGCG,72
ATCTCGTAAGAACTAA,72
CAGTAGGTGAAATTAA,72
CATTAAAACTTTGTGG,72
CGCTCACTATCCAATA,72
TAAGAAGTTGTACAGA,72
TAGATCCTAGATATTA,72
ACTACCCAATAGTGAC,71
ATGAGGAATGTTAGTA,71
GAAATAAATACAGAAT,71
GCATCAATTCAGCAGA,71
GGTCCGAAAATTTTCA,71
TCCTTGACCTTGCAGT,71
TTGCGGGAAACACTAA,71
CACAAACTGTGCAATA,70
GCAAACTGATTAAAAC,70
CACACCAAAGTATATA,69
GCCGCACTCCAACACA,69
TGGGTAAGGCGACAGA,69
AAGTACCACAATAGAT,68
ACCGTCATTACATAGT,68
CAATTAACTCGGCCCG,68
GGAGTCTAGGTACACC,68
GTTAAAAATAGCAAAA,68
AATAAAAAGGCTAACT,67
GAGTGCTATCGAAAAA,67
TAATAACCCGCAACCG,67
AATTTACATTATTCCA,66
ATATATACGATGACTA,66
TAGCACATTCCTAAAA,66
AAAGTCCAACACTCTT,65
AACAAACTGCTAAGGC,65
AAGATCATGATTCTGT,65
AACTGTCAGCCTTTGT,64
AGCACGGATGGGTATG,64
ATAAACTAGTTTATTG,64
ATGGCTCTCGTAGTAA,64
CCCGCATAAGCCCGCA,64
GATGACACCAGTGAAC,64
GCAGATCAAGCGTTTT,64
TCACATATTATTCTGT,64
AGTATAAAAATCCGTA,63
ATTTGCAATGGTCTCA,63
CAAACTCGATAGCCAG,63
CATCTGAACTTGAATA,63
CCTAGTATCGAGCCGA,63
TAAACCTGACTTTAAA,63
TAAATGGGACATCTAT,63
TAGCAAGCCCAATCGA,63
TTGTATTATACCAACA,63
CCTAAACTAAAAGCCC,62
CCTTTACTAACGCCTT,62
TACGCACAACACCTGT,62
AGAGCATGTTACTCCT,61
ATAACTGGTCGCTTAT,61
CTGGACCAGTCATAAA,61
GAAGCCGGCCTACAGA,61
GCACACTATAAACATC,61
GCCGGATGATGAATCG,61
GGAACACTTCAACATA,61
TACTTCCAAAGACTAT,61
TATGACACGAAATTGT,61
TGCAAGTGGGGAAACA,61
AAAAAATCCCTTAGGT,60
AAACTCCTGAACATAA,60
AGTACATGGATCAGGA,60
CGTCACTAGGTAATAG,60
CTAGTGGTCAACAGTT,60
CTGTTACAACGTTCCG,60
GAAATGACATTGACAG,60
TCGAGGTCTGCAGAAA,60
AAGGTTACACCTATAA,59
ACTGTATCAATAAAAT,59
GTAGGATTTTGATCGA,59
GTGTTAAAGAACTAGT,59
TAAACTTAGATAATCA,59
TACAAGTAGCGGGCTA,59
TCAAACTCTATGAACC,59
TGTCATATAAAGAAAA,59
ACGTACATCAGCTTGC,58
ACTGTGTGCAATAGTA,58
AGCAAGGTTCATCAGC,58
ATACAAACTAGATACA,58
ATAGACTCTTCTGTAA,58
CAAACCAAAAACATTT,58
TGTATGCACTGAAAAT,58
AACTAAGAGAAGCGGA,57
GGGCTGAGGAATCCGC,57
GTCACTAGAAATGGCG,57
ACATTCAAACGGTGTA,56
GGAGCTTCTGATTCAA,56
TAAGAATTATAAAAAA,56
TATAGGAAACCCGTTC,56
AAGCTTGATTCCAGAA,55
ACAGAAAATCTATCGA,55
AGTGCATAATATAGGA,55
GAATCTAAAGTCACAG,55
TGAGCCACCGCTCCCA,55
TTAATTAGTAATAGAC,55
GAGAATCGTCCCAACA,54
TCTAGAGGGGAAATTA,54
TGCTTTGACATACAAC,54
TTACCAGGATACAAGA,54
AATTGAAATTAAAGAC,53
AGACCGATTAGTTGTG,53
GCACCTCTCTAATATG,53
TAAATAGTACACAATT,52
TAAGTGTGCGCTCCAA,52
TGAACGTCACACTAAT,52
AACGGAACTGTTAAAC,51
AAGCTTCATAATTAAT,51
CAGAGAAAATAGTTGT,51
CGCTAACATAACAGAT,51
GACCGGGTACACCGAG,51
GCATACAAGTTAGTTA,51
TACCCAAGCGACCTTA,51
TATCCCCTCATACGGG,51
GTGATTTGCACATAGA,50
TTTACTCGACTTTAAA,50
ACAAAACCCTTAAGAC,49
ATGCGCGCTGTCCAAC,49
ATGTGTCAAAGAGTTG,49
GATATAAACCACCAGC,49
GATCTATAGGCACTCC,49
GTAGTATATCGACGCT,49
AAACTCTTAAAAATAA,48
AATCTACCACCAAATA,48
CTCTCAATACGCCGCT,48
GACCGTTAACAACCCT,48
TACTAAGTCGGTACTG,48
TCAAACAAATTCAGAG,48
TCAATTCATTTCTCTA,48
TCTGACGTAAGGTTCT,48
TGCATCAAACGAGCCG,48
AAAGGACTGAGTCTAT,47
ATACAAACTAAATATC,47
CGAGGACAAAACTTAA,47
CTAACCACTGACCTAA,47
CTACAATACAATTAAA,47
GCCGTAGTATATTGAA,47
TATTGAGATCGCACCA,47
AACAAACGCCAGCCAT,46
AATAAGGCCGGAACCT,46
AATTGGAACGACTTAC,46
ACCAGTAAACTCTTAC,46
ATTCTAATTCCCAACA,46
CAAAGTCGCGCTTTGG,46
CGAAAAACTTGAAGAA,46
GAAACATTTGATAGAC,46
GCGCTATCTAGATGCA,46
GGCAACCACCACTGCC,46
TACCTCATCTTGACAG,46
TTTTATAAAAAGTTAC,46
ATATGCTCCTGTCTTA,45
ATTATTTCTGATAATT,45
CCAATACTAATTCATG,45
CCTGTGAATATCGGAT,45
CTTAGGCGTGGGATAT,45
GGAACCGCCAACCTCC,45
TAACGAATGTACAGCA,45
TGAGCATACCCACAAT,45
ACGCGCTAAACCATTC,44
ACTAACAATCCCACAT,44
ACTTCTTTTATCCCAT,44
ATTCATCTCAATAATA,44
GCAACTGCGAATAAAC,44
GTACGTGTAATAGCTG,44
TGCACTAATACAAAGA,44
AAATGCAATACTGAGC,43
ACATCTTTTCCTAAAA,43
ATATACAATCAATATG,43
ATCTAACGCCGCTACA,43
CCTAAAAAAAGCATAA,43
GTACTTACAAACATTA,43
GTGAACAATTAAACCA,43
TTTGAAGGAAAAGGCC,43
AACCTTGACCACATGA,42
AATAACCACAACAGAA,42
AATACTTAAACCCACA,42
ACCAAGAACTAAGCTG,42
CAAATACTTCGCCGTT,42
CACGATATTGCCGTCT,42
AAAGGGTACCGAATTT,41
AAGGAACAGCAAGCTG,41
CAAAAGTACTTAATAC,41
GTCAGCCTCTACACAA,41
GTCTAGCAAAATGTTA,41
TAACAGCATTCTTGTA,41
TAGACCGACCTAACTA,41
TTTACTAATAAACAGA,41
AGAGTGTCCGACTCCT,40
TACAAACGGTTACATG,40
AAGATTATGAAATAAC,39
AATAAACTCGTTGGTT,39
AGCCCGCAGTCAGAAT,39
CGTGGTCGCAGATCAA,39
GAAGAGAGTAGAATAA,39
GTCAAAAGCAAAATTT,39
ATGCCGTGGCCATTTC,38
CCATTAAACGCTCGAT,38
CCGATAGGGGGAATGA,38
CCTGCCCAGCTACTTA,38
CGTCCAGCACACTAGA,38
GAGCAAGTAGTCACAT,38
GCCCAGATAGGTAGAT,38
GTCCATGACTGTACAT,38
TACAAACTCTTAATAA,38
TGCCGACGCAGTGGAA,38
TTTTATATCAGGAGAT,38
ACACACACATGCAGCT,37
ACAGCCCTAGCGGGTG,37
ATGGAAAATTAAAACA,37
CAAACAAACTAATACA,37
CCCACCAAATTGCTCT,37
GAGTGAAAAGAATAAC,37
GTAACACGTTAACCTC,37
TAAAGAGAATAAAATT,37
TACCTTTAAGGGCCGC,37
TACTGCATATGCGGTG,37
TCAAAACCGCACCGCC,37
TCAATTAAAATGCCTC,37
TCATTTAATAGCAAAA,37
TGTAAGAGACTTACTG,37
AGACCAAAACGTGGTA,36
ATACACCCCGCTCCCA,36
ATCCAAGCAAGAAACC,36
ATGTCTAATTCCATAA,36
CTGGAGCCAACAAATC,36
GAATGGCTATCGTGAT,36
GCTAGAGCCGAATGAC,36
TAGACCCTCGGCTTCA,36
TCGATCCCTTTTAATA,36
TTCCTATGAGATTATC,36
AATTACATAGGACTGC,35
AATTGTATGAAATTAA,35
CTACAACATATGCTCT,35
CTATCAATTACTTTCT,35
CTCCCGACCCCTCATG,35
CTTAGTACTAGTGGAT,35
GCATACACCTCCTAAG,35
GCATATATACAACTAA,35
TATCGATGAGGGTTTG,35
AAAAAATTCCAGGCCA,34
AAACTGTATAATAGTT,34
AACGCATATAAGGAAC,34
AATTAGAAGTAACTAA,34
ACAATACATGTGCCAG,34
AGCGAGAGCATCACAT,34
AGGCAGGAATAGAATC,34
ATCATATACTATATTA,34
CAGCTTAGAGATGTGC,34
GACTAAAATTAATTTC,34
GCCTAGACACTACTAT,34
TACGCACTAAGAATGA,34
TCACTGCAAGAGCGCT,34
TCGATATCGTATTGAC,34
AACAAAGTTATCATTT,33
CACACTTTAAGCATGC,33
CCCAGAAAGAGTCGTC,33
CGCAGACCAAAGAGAA,33
GAATAATATAAAAACA,33
TCCAGCCAAGTTCAGT,33
TTACATTCATAAAGCC,33
AACCTACAAAGACACC,32
ACCCTTAGGACAGAAA,32
CAAGGATCTCTGCTCC,32
CATGTATTAAGAGTAG,32
CGCACCCGAATAACTA,32
CTACTCGTCTCAAAAA,32
CTTTTCACATTCATTG,32
GTCACTCAAACATATA,32
TACGAAGAAATTCAAG,32
TTGTGAGCACGCAACA,32
TTTAATGCTGCCATGT,32
TTTACACCCCTAACAA,32
ACATCAACCAAAAAGC,31
ACATGCCTAGTTTGAA,31
ACCCTAGTTACATATC,31
CTAGTACATGACTAAA,31
GCACGACCATACCTAA,31
GCGAGACCGGGTGGAA,31
GTGAGACACGTCACCA,31
GTTAGAAATGTAATAC,31
TAGTGAGTGAGATACA,31
AACCGGGCCTTTCCGC,30
ACATGAATGATCAAAC,30
AGCTTACCGAATAACA,30
CAAACGAATGAGGTTA,30
CACTTAACAATACACG,30
TAACATGAACCAGGTC,30
TACACGAATAGCAGGT,30
TCATAGAAACATGAAC,30
TGTGAAATAAGAAATG,30
AAACATATGGTGAAAA,29
ACGAACAGGCTTTACC,29
AGGGTAGAAGTTTTAA,29
ATATCCAGTATCATAA,29
ATATGTCACACCGGAC,29
CACAGACAGTAGAACA,29
CATAAACGGGGCACAA,29
CGGGATTTTAGAATAA,29
CTGATGGTAAATAAGG,29
GACATGTAAATTGCTG,29
GAGCGACTAGGTTTGC,29
GTCGCCACATATACCA,29
TACCCACTTCCTCAAT,29
TCATATCTAAAAACCA,29
TCCTGTTGACCCAAAC,29
TGATCGTACATAATTT,29
ACAAAATTGGATTGGT,28
ACACACCTAATACAAC,28
ACAGTACGCTGGTATG,28
ACTGTAACTAGATATC,28
CAGGTACCAGTATTCT,28
CCCTACAGTGACTACC,28
CGATAGTAACACTAAA,28
GTTTCAATAACTAAGT,28
TAAATCAGCAAGCCTT,28
TACTGTCAACTAGTGA,28
TCTATATAATATAATT,28
AAGAGCTACTACGGAC,27
AGCGTTTATGAGCCAA,27
AGTAAAAAATTATTGC,27
ATAAACGACAAGATTC,27
ATCATAGAGGTATACG,27
CATACGTCGTTAATCA,27
CATTAACGTTCCGACA,27
CCAACTGTAGTCTCTT,27
CCAGGCGATTAAAGCA,27
CCCTTATAAAGCTTTT,27
TAAATAACTCGCCTAC,27
TTCCCTCATCAGGAGT,27
AAAATCCTATAAAAGA,26
ACTAATCATCTTGTTC,26
ACTTGCCCATAATCGG,26
AGAAGCTCATAGCAGG,26
AGCAAAAAGGTGTCAC,26
ATAGATTCAGTCTATC,26
ATCCATAGTCGGGGAT,26
GCATGTACTTATCCTA,26
GGGAAGCATGTGCATA,26
GTAAGGGAACGCAAAT,26
GTAGCAATGAAAACAC,26
TAGGCTATGAATCGTT,26
TATCAATAAACAATGG,26
TATTGGCAAAAACGTT,26
TCATAGCACCATAAAA,26
TCCAAAAGATTCATAT,26
AAAAAAACGGAAAACC,25
AAATAACTCCTAAGAT,25
AACTTGTATCGAGAAC,25
AATAACGATATTATTT,25
ATAATTGTCGAGTAAA,25
ATTAAGAATACAACAT,25
CAAAAATAAACATCAT,25
CACGAAGCCTACCATT,25
CAGGCACATAATAATG,25
CGGTTCATACTGCGCT,25
GAATCTCCAAATACAC,25
TTAATTCTCTGCCGGT,25
AAAACAAATATGGTAG,24
AACACCTATACAAATA,24
ACGTATCCTGCATTTA,24
ATAAGTTAGACCATGG,24
CAGTCAACCTTGGCCC,24
CGACCAAATAAAGCTC,24
CTCGAATTTGCTAACC,24
GCCCGGACTAGTCTGA,24
TCTGAGTCTCAAATTT,24
TGATGTTCTACATATA,24
TTGACCGGTTCGTGCA,24
AAAATACATGGCTGGC,23
AACATAATCACTTAAA,23
AACATGATCAAAATTG,23
AAGAATAAGATACCAA,23
ACATTCCTTCTTAATC,23
ACTGACTTCAGCCGGA,23
CCAGACATGTCAGACT,23
CCTCTAATACTAATAA,23
CCTCTCTCACCAATCC,23
GAAAATTCAGTAAAAT,23
GAACTGGACAAGTTAC,23
GTCCCGGCTAACCCGC,23
TACAAGGTCCATAAAA,23
TACATTAACCCGAAGT,23
TCCACAAATTAATGAG,23
TGGCTTCACGTATAAT,23
TTTTAAAGGTTGACAA,23
AAATTCCCGCGAAAAG,22
AATAACATTCAATAGG,22
ACCATTATCAGTCTTA,22
ACTTATTAAGAGAGAA,22
AGGCTCAGTACCTGCT,22
AGTTCGAAACCAATAA,22
ATAAATAAAAAGGACT,22
CAAAGCAGCCAACGAA,22
CAACGGATGTAAAGAC,22
CAATATAACTACCAAC,22
CCAACGATAAACGCTC,22
CCACCACTAAGCGATG,22
CCCAAGACTATAGGAA,22
CTACCAAAAAAATAAC,22
CTCGTCACACGTAAAA,22
CTGCCCGAACTATGTT,22
CTTATAGGACGAATAC,22
GACAGTCTGCCCTTCA,22
GACCACGAGAAGGACT,22
GCGTTATGATAGATCT,22
GCTAATCGAAAGCTTA,22
TAAATTTTACGATACG,22
TCGTAACTCAAACACA,22
TGCATTCACCGTCGTT,22
TGGATATGTTGACCTC,22
AACCGTCGAAATTGTG,21
AAGTTTCCGGCTTCTC,21
ACAATGTGGTTGCGGA,21
ACTGGGACGGTATCGT,21
AGAATAGAAGCGGCCA,21
AGATCCTATGCTTTAG,21
ATAGGTCCAAATCTAA,21
ATTGAGGTGAATCACA,21
CAAGGGGAACTTGACC,21
CAATAATGCAGAGTTG,21
CCCGTCAATAAACAGC,21
CTGACCTCTCACAACG,21
GTAAAGAACACACTCG,21
GTTGCAGACGGACCCC,21
TACGAAGCCTAATAAC,21
TACTATTACTCCTCCT,21
TAGGCACCGCTCCATA,21
TATTCCAATATACCCA,21
TCCGATCTGCACACCC,21
TCTATATTAGACCAAC,21
AAAGCTAATTTTTGAA,20
AACGGTTCACACAAAA,20
AATTAATACAGATGGA,20
ACAATATTAGAAATTC,20
AGCAAATACGTCGTAG,20
ATATATCAACGCTCAC,20
ATCAACACCACTAATC,20
ATTAACGACACAGTTC,20
CTATTTCTATTGGAAA,20
CTCAACCCTTCTATAC,20
CTTATCCCTTTCTATA,20
GAATTCCTACACCGAT,20
GACTCAACTTTTGCAC,20
GTAATATTCGTCGATA,20
GTTTGTAAAACTAATC,20
TAAACGCACACTACCG,20
TAAGATGAGCTTAACG,20
TACATTCATCGCCTTG,20
TATACAACAATCTCTA,20
TCCTCGCGCGTTAAAC,20
TCTAAGAATCCGGTAT,20
TTCATAAATGCCATCA,20
TTTCATCACCGCAGAG,20
TTTCTAATCCTAATTT,20
AAACAGGGAGAATACA,19
AAACCCATTATTAGCA,19
AAATACCAAAAAGGAC,19
AACGATACAATGAAAA,19
AATCTAATAGACAGCA,19
AATGCACAAAAAATCT,19
ACAACCCCAATCACCA,19
ACACGCAAGAGACTCC,19
ACAGGATTCTGGTATT,19
AGATGTATCGCACACA,19
ATCCTTACCCAAGCAT,19
ATGTCGAATATGATAA,19
CAACTAGAACCATATT,19
CCCCCTTCGGTGGATC,19
CGATCAAAATAGAACT,19
CGCATCTATTCACACG,19
CTAGTTCCTAGGGTAA,19
CTGTACAGGACAAAAG,19
GAATAAACCACGGTGG,19
GACAAGAATCCTTAAA,19
GATACGATTAACCATA,19
GCAGAGCAGCTCATGT,19
GCAGGAAAAAACCCGG,19
GCTCCCCTAAAAAAAA,19
GCTCGGACCACAAGTG,19
GGCATTAAAAGGAAAT,19
GGTCTGGCAACAAGTG,19
GTCAAAGGAAACCCGG,19
TAAAATATTATTCCAC,19
TAAAGTTGCCACTTGT,19
TACAACTAGTCCACGG,19
TACGAACACAATAGAC,19
TCCCTGCCCCAATAAA,19
TCGTCTGTCGAAACGC,19
TCTTGTAACACTTGTA,19
AAATGTGCAACTGCAA,18
AACACACATTTGTTCT,18
ACGACGGCAAAAGAGA,18
ACTTGAGATTACTGAC,18
AGTCCTTCACATCAAA,18
AGTGGGCATACTGCAC,18
ATACTAACCTTCGAAC,18
ATAGACTTGATTCCAT,18
ATATAGATAACTAATA,18
ATATGTGAATAAACAA,18
ATCACACTTAAACACG,18
ATGTTACACTACTGTG,18
CAACTATCGTCACAAT,18
CAAGCTAACCCAAAAC,18
CAGGCACTATCGAAGA,18
CAGTAGTGCATATGAA,18
CCAGATCCAGTATCGT,18
CTCCCACCGAATTAAA,18
GAAGAAACGACGTGAC,18
GAATGAATATAGCGGG,18
GAGCCGCACAAGACTC,18
GATTCAATTTCAAGTA,18
GGTAGCTATCTACTAA,18
GGTCTTCTGTTATTGA,18
GTCATAACACAGACCA,18
GTTAATATACAAGGTT,18
TAAAATACCTCAAGCA,18
TAACCTAGCGACCCTT,18
TAGTCAAGCGTTCCTA,18
TATGCTTACCATCACA,18
TCTGAAGCAGCACTAA,18
TTACGACTGGAACAAC,18
TTTACTTACATGACAT,18
AAACTCAGACTTAATA,17
AAAGATAGTCAGTGGG,17
AAATCTATGGACTCAA,17
ACATGACGATAGCCAA,17
ACTCGCTTATCAACTA,17
ACTCTATAGTTGAAGC,17
AGCTATGTACAGCAGT,17
ATCAGCGGTAAAACTG,17
ATCCAATCATATACAA,17
ATGCTAACCGCACTGG,17
CAAAAAACCCCTCTAA,17
CAAAGACTACACATTG,17
CAAGAAATTTTCAAGC,17
CAAGCCAATGTCATAA,17
CAAGGTCGGATAAACA,17
CAAGTTCCCGATAACA,17
CAGGGCAGACTTAAAG,17
CCGTATCGGAAGGCAC,17
CGTTCATACGCATGTG,17
CTAAATGATTAAAAAT,17
CTAGATGACCTGTACG,17
GAGAGTTTGCAGTAAC,17
GAGCTATAAGCTCCAG,17
GTCAGACAAAAAGCAG,17
TAATACCCCGATTAGT,17
TACAGAGCAGAGCTGT,17
TATAACTAGACGGTCA,17
TCCGCCAATACTAAGC,17
TGTAGAATCACATTAG,17
TTCGTCGAATATACGA,17
TTGTTAGAATAACCAA,17
TTTTACCCTGCCATCC,17
AAATAAAACCATCCCC,16
AACGCTGTAAGGGCTC,16
AATGTCTTAGTTCGAA,16
AATTACCAGGCCCCAT,16
ACTAGGGATAAGATAA,16
ACTATGCACAATTATA,16
ACTTACTACTCATGCC,16
AGACAGTTACTAGGCA,16
AGCAAGAACTGTTACA,16
ATAAGTAATCCTTACT,16
ATAATGTAATCATGGT,16
ATAGCCTAGAAAAGCT,16
ATGAGTGAATATTAGA,16
ATGATGGACAACTCCA,16
ATGGATATACCTATCT,16
CAACAGACAAAAGAAT,16
CAATTTGAAACCACAA,16
CACAACGAAACGTCCA,16
CACAATTCTGATATCT,16
CAGAACATACCACAAT,16
CATACATCAAGATCCC,16
CATCCGAAAAACGCCT,16
CCCCCAACATCCATAT,16
CCGGTATTAGCTTCTG,16
CTACTACGCTATCATA,16
CTAGGTTTAATGCTTT,16
CTGGAAGAATCAAAGC,16
GATGTAACGCGCCGCC,16
GGAGAAACCCCGTACA,16
GGTCATAAGAAATTAT,16
TACACAATGTCCCCTT,16
TAGAGAAAGCCTGTGC,16
TATGAAATCATCCATA,16
TCAGCCAGCTAAAATA,16
TCTAGGATATCTAACG,16
TTAACAAGAGCGTAAG,16
TTAAGGTTACTGTATA,16
TTAAGTTATAAATAGA,16
TTCCGCAATCGACATC,16
TTTGATATGAGATAAG,16
TTTGGTCATTACTCTA,16
TTTTGACGTCACCTCC,16
AAAAACTGCGCTCGGG,15
AAAAGACGAGACAAAT,15
AATAATAAATAGAGCT,15
AATACATCAGCTAACG,15
AATATAATATTCAGCG,15
ACAATTGCTCCAGGAA,15
ACACTTATTTATAATG,15
ACATATGAACACCACG,15
ACCTCAATCCGGTCAT,15
ACGCCGTCGCAAAAGA,15
ACGCCTTACTGATACC,15
AGGATTCCACATGTAT,15
AGTGACTAGACACATA,15
AGTGATCGATCACCAT,15
AGTGTGGGGGCTTCTC,15
ATACAATAAGCAGGCT,15
ATCAGACAACACTAAA,15
ATGGATTAATACGTCA,15
CAAGACCATACAGCAC,15
CACAACGAATTGCACT,15
CATAGCATCCTCCTCG,15
CATCCCACAGAAACCT,15
CCAAGACCTTGGCCAA,15
CCAATCCTTTGTACCC,15
CCAGAATAGCAAAATA,15
CCGAGGTAGCACGTAG,15
CCGTTAAAACAACTTA,15
CGTAGTGGTGACAAGA,15
CTAATAACACCTTACC,15
CTAGATAAAACGATAG,15
CTGGAAACTAGTATCG,15
CTGGATCGCGCAAAGA,15
GAAGGTTGCTATAAAT,15
GATGACCAGCCGTACA,15
GATTATGGCGGCGAAC,15
GGGCACAGAAATATAC,15
GTCTTGAGCCGTACAA,15
TAGAACTACATTATTG,15
TAGTAGCCACTGTATT,15
TATGCTAAAATTCTAA,15
TCATTGAATAACTCAA,15
TGAGAAGCTACTGTCC,15
TGTAGTGGACTCAAGA,15
TTAAATAATAGAATAC,15
TTACTCACAGATAAAA,15
TTATACTCTAACTTAC,15
TTATGCAGCATCAATC,15
TTGGAGTATGGACTAT,15
AAACAAACTAAGATTA,14
AAATTGAACTGGAAAA,14
AACTTTTAACTAACCC,14
AAGAAATTGTATACCC,14
AAGGTAATCTTAAATA,14
AAGTAAATATTTCTTA,14
AATTCACTATGTCAAC,14
ACAGGAACCAAATGCA,14
ACAGTGGGTAATAGTT,14
ACGTTCAATATCAAGA,14
ACTCACGTTTGCCTTA,14
AGACCTACAAATCGCG,14
AGGACGAGCGCAGTAC,14
AGGGTATATCCCTAAG,14
AGTTGCGACACTTAAC,14
ATAAACCGCGCGGCAA,14
ATAGAAACAACCTTAC,14
ATGGCGCCCCAGTTAG,14
ATTTCCAAGTCTCTAC,14
CAAGGCTCTCCATATT,14
CAAGTTAGCTAAATCT,14
CAATTAAAATGATAAT,14
CAATTGGCTACCAGAA,14
CAGACAAATTTCACTA,14
CATATAGCGTGTAGCT,14
CCTGATAAACATATGG,14
CGGTTACGTTCATGTG,14
CGTGCAACAAAGTACT,14
CTACCACATAGTGTAT,14
CTATTTCTTTTCTAAA,14
CTCGATATCAAATTAC,14
CTGATAAACTTATCCA,14
CTGATTAACAAGAACA,14
CTTGAAGTATTTATTA,14
GACCATTCTACCCAGC,14
GAGCAAGTGCAATAAC,14
GCAAATAAATTACCAT,14
GCGACGGACTTGTCCA,14
GTAAAACTTCCAAGAG,14
GTACCGCTTATAACAG,14
GTCAGTGAGCGTTAAA,14
GTTAATAATAATCCAT,14
TAAGTAGAATCCCAAG,14
TACAAACACGTTAGGA,14
TACCCATCACTAATAT,14
TACTCTAGGCCAGTTC,14
TAGCAACGATACAGTA,14
TCAAACCAGTATAAGC,14
TCTACAATCTAAAGTG,14
TGACTAGACCATCCTC,14
TGGCTATTTTATTACT,14
TTCAATGCGACAAATT,14
TTCGCATTTTCTAGAC,14
TTGCTCAACCGGAAAA,14
TTGGAGACGAATGCAT,14
AAAAAGTAACCGAACC,13
AACACTACCCATCAGG,13
AACCACCATCGGCTAA,13
AACGAATCCAAAGTGG,13
AACTTGCTTCGTTGAG,13
AATAATCATATAGTTA,13
AATATAATGAATCAAA,13
AATTAAGCTGATTATA,13
ACATGTGATAACAACC,13
ACCCGCCACTCGACGT,13
ACTGCAGGCCCAAAGT,13
AGACAGGAAAAAAGGA,13
AGACTCAATTTTTAAT,13
AGCACTGCACTAGACA,13
AGCCATCGGCAGCTTC,13
AGGAAGTGAACTTTAC,13
AGTCCACTTCGACAGC,13
ATATATTATATTAAAG,13
ATATGTGACCTCTGCT,13
ATCTGGCACAAGCATT,13
ATGGAGAGTACCTAGG,13
ATGGTTTTACAGTCAA,13
CAAACAATTCCTATAC,13
CAAACCAAAACCCAAA,13
CAAGAAGGCATGACAC,13
CAATAGATTAAGAAAC,13
CAATTGAGAACAATGA,13
CAGACCTACACGACAT,13
CAGCGTTTCCAACCCA,13
CATAACAGATTGACTA,13
CATCAGTGACGGTCTA,13
CCACTTCCTACAACCA,13
CCATAACTGTTGACTC,13
CCGAACCTTACATTCA,13
CCGAGTACCGAGATAC,13
CGCCTATAAATTGTAG,13
CGGACTCCGTAGAGCG,13
CTAAGCGGCATGGAAA,13
CTGGTATAACAAAGCA,13
CTGTAACTCAAAACCC,13
CTTAATGAACGTAAAG,13
GAGGTTAACAGCACTG,13
GATCTAGAAAAATCAC,13
GCTATTGTACCAAATT,13
GCTGTTAGGGAAGATA,13
GGGAACACTGATAGTA,13
GTCAACACTGCCTGAA,13
GTCGATGTCGATTCCC,13
GTGTTCATTTGGCGAG,13
TAAATAGATTATTTTT,13
TACACAACCGCTTATC,13
TACAGCAGACGTGCAG,13
TACGTCATAGCTCGAT,13
TAGATCCTTCATAAAA,13
TATATAACCGCATCAA,13
TATCGAAAACAGTATA,13
TCAAAATTCCAGACAA,13
TCAAGTCTGAATTCCA,13
TCCATCAAGAAGTAGA,13
TCGAAACTCTTACCGA,13
TCGCAATGATACTATC,13
TCTAGCCTTAGAGACT,13
TGAAATAGTAAAAATT,13
TGAGATAGAGAATGGG,13
TGCAGACATTACCAGA,13
TGGGACACCATACGCT,13
TGTAGATTTTGGAACA,13
TGTCATACGGTCATAC,13
TTACCATCCTATTCAA,13
TTAGCATTAAAACACA,13
TTCAGGAATCCTCTAT,13
TTGAATGCCTATTCCA,13
AAAGCATGAAAGTATG,12
AACAATAAGCACGAAA,12
AACGGAATACCCTTAC,12
AAGACAGTTCACAGAC,12
AAGCATCCTTAGGCCT,12
AAGCTGTTTGACAATG,12
AAGTACAGGGTGATTC,12
AATACAGACATACTGA,12
AATCGAACCTAATCCA,12
ACATGGTCCCTCACCA,12
ACCCAACCATTACACT,12
ACCCTATAAGCTGAAG,12
ACCTATAATGGTGTAT,12
ACGTTCAACTCATTCA,12
ACTAACCTTTGAATAC,12
AGAGAAGCCATCTGCA,12
AGAGCTAGCAGAACAC,12
AGCCCACATGAACCAC,12
AGGAGAGTATACTGCC,12
AGGATCTAAAATAGCA,12
AGGTAGCGAATCTAAT,12
AGTTTCACTTACTTAC,12
ATAATATACCAGAGGT,12
ATCAAGGGGATAGACA,12
ATCCGAATGACAGTGA,12
ATCGCCTCTCGGACAA,12
ATGGCCTGCCAAAGAT,12
ATGTAGCTACACATGC,12
ATGTTCGATATAGCTA,12
ATTATCGGATCTTAAT,12
ATTCAATATACTGCAC,12
ATTTTTTAAAACGAGT,12
CAAAGTATAAACCTCT,12
CAAGAAATCGTAGTTG,12
CAAGCTATCTATCTAA,12
CACAAAACAAACGTTA,12
CATCTTCGCACAGTCA,12
CATGCGAACATACACG,12
CCAGCAGCAGTACATA,12
CCAGGACCAGAGTTAC,12
CCCCAAAACTAAAGAG,12
CCCCTTGCGTATAATA,12
CGATAATTAACTGCTT,12
CGTAATGTATCTAATA,12
CGTCAGATCAAGCTAT,12
CTAAAAACGAAAATTT,12
CTATGCCTATTAGGGG,12
CTGTTCTGGTTGAATA,12
CTTGAACTCCCATGGT,12
GAAAACGATACAACAC,12
GAATCACCAGCACTCT,12
GAGTCCCTGGTTTAAA,12
GATAAAAATCAAAAAC,12
GATTAACCATAGTCAA,12
GATTTGCCAATATTTA,12
GCCCCCCAAATGAATG,12
GGAAAAACTAACAAAC,12
GGACATCCGTGTATCC,12
GGCAAAACCATGTAGA,12
GGGGTAATTTATACTA,12
GTAGAAAATGAAACAA,12
GTCTTAGAGGAACAAG,12
GTCTTTAGATCTCGAT,12
GTGATCCCGGGACAAT,12
GTTAGTGCTTCCACAC,12
TAATAATCACCCAATA,12
TAATACCTTCTGAACA,12
TACAACCCAATGCGTA,12
TAGCTAATTTATATGA,12
TCACATCTAAAAGAGA,12
TCCAAGGCAGTAAGCA,12
TCTATGAACCAAGCTA,12
TGAAGTTCACTAGACG,12
TGCAGCTTCGTCCCAT,12
TGCCATCACTCTCGTA,12
TGGGTGGGGTCGCCCA,12
TTCCCTGCTGCTCAGA,12
TTTCAAACAGCTTCAA,12
AAAAAAGTTCTTAAGG,11
AAAAAGGCTTGTGTTA,11
AACAGAGCGAAAAGAA,11
AACAGCATAGAGGCAG,11
AACAGTAAATTGTCAA,11
AACATCAGAAGGTACT,11
AACGGCGTGAACAAGG,11
AACTATGTGAACTAAT,11
AACTTCATGAATCCTA,11
AAGAGGCATTGGGCTC,11
AAGCTGCTCTCGGGCC,11
AAGGTTAAGTATCACA,11
AATAACCCAGATGATG,11
AATCACTCTGAGAAAA,11
AATGTAAGAGAACTTT,11
AATTAAAGGTGCGATT,11
ACACCACATACTTAAA,11
ACCAATTGGCAGAAAG,11
ACCCGCACTCTTAAGC,11
ACGGTGTCACCCTGTG,11
ACGTAATGGATGGGAA,11
ACTTTACATCGTCAAT,11
AGCAACAATAGGACAC,11
AGCAACATGAAGGACA,11
AGCTGATCAATTAAAA,11
AGCTTTTTCTAGAACT,11
AGGACTATAACTTCAC,11
AGTATTGAATTGACTA,11
AGTCCGGATTCATAGA,11
AGTCGACAACCACCAG,11
AGTGCTAGAACAAGGT,11
AGTTGGCGATATCACA,11
ATAATTCGACCAAGCG,11
ATAGCAGGCACAACTT,11
ATATGTACTATATGGT,11
ATCAAAATAGTTTCAA,11
ATCCGTTGTAACTGTA,11
ATCTATATAAAACGAT,11
ATGAACAGACTGGGAT,11
ATTATAAAAATAGGCC,11
ATTGGCAACTAAACCT,11
CAAAAACATTATGAAA,11
CAAGTACGGATGATAG,11
CAATACACCTTCCAAT,11
CACCAATGACTGCTCC,11
CACGATAAGCTAGTTG,11
CAGAAACCCTGGAAGC,11
CAGGTCCAGCATACAA,11
CAGTAATTAATACGTA,11
CATAGACCACATTGGT,11
CCCAGGATGTTTGTAC,11
CCCGAGAAACAATAAA,11
CCGAACGCGCCAGTAC,11
CCTTAAGGATGACTCA,11
CGAAAGTCTCTAGGAA,11
CGCATTAACTTAGGAC,11
CGCGGACCGGAAAAAC,11
CGCTTCCTATAAGTTC,11
CGGGTTAAATAGTTGG,11
CGTCTACCTCTACTCA,11
CGTTTAAGACCTCAAC,11
CTGAGTAATTCGGTGT,11
CTTAAGTTTGGAAAAT,11
CTTGAGTAATCAATTC,11
GAAAGCTTTCAACTAA,11
GAAATTACAATTATGG,11
GAAATTGAAAGAAGAT,11
GAACCAGGCCGTTTAA,11
GAACCGTCCCCACTCG,11
GAAGAAGTCCATCCAC,11
GAAGTTCATACGTAAA,11
GAATGGTAAATTATGG,11
GACCAAACCGTTATTC,11
GAGAGACATATTTCTT,11
GCAACAATGCACGCAG,11
GCATCTTCTTGGCAAG,11
GCCAACAGTTATATTG,11
GCTTCGGCTGGAGCAA,11
GGAACAAGTTGACCAC,11
GGAATAATTAACTGCG,11
GGAATACGCCTCACAT,11
GGATAATGGAGCAAGT,11
GTAGAAACCCAGTACA,11
GTTGAACCTTTCAAAC,11
GTTGAATCTGAAAACC,11
TAAATCAAGACAAGAC,11
TACCACATATATCTAA,11
TACGACGCAAAATCAT,11
TAGAAACGTCTCAATT,11
TAGTAATAATTTTGTG,11
TAGTATGCAAGTAGGA,11
TATCTACGCTTCACGT,11
TCACCCACAAACCGGA,11
TCCAAGCACTGACAAA,11
TCCGCTGCGGTGGATT,11
TCGACCCAAACTGACA,11
TCTATTAGTGGTCGGC,11
TCTCAAATCGAGCGGA,11
TGATAAAGTCCTAAGC,11
TGATATACGCTTTTAA,11
TGCAATCTTATGACTA,11
TGCAGAGACACTCGCC,11
TGCGCTATCTTCAGTA,11
TGCTGACCATATGCAG,11
TGCTGTGGATTAAAGA,11
TGGACCGTCACTTTGA,11
TGGCAACCAGAACCCT,11
TGGGATGGAGAAAAAT,11
TGTACGCTGAGCTCAC,11
TGTCATACCTCCAGAC,11
TTAACCTACAGATGGG,11
TTATTTTCCTTAAAAA,11
TTCCACCAACCCAACG,11
TTGATTCCCGAGTATC,11
TTGTATTATTTCAATA,11
TTTAATTCCCTCATAT,11
TTTCTGCAGGCATTAT,11
TTTGGAAGGGCGAGTA,11
TTTTAGTCACGAAGGC,11
AAAAAAGTTTTCCTGG,10
AAAACTAATGTTCTCC,10
AAAAGTCCTAAATGAA,10
AAACACTAATATAATG,10
AAACCTCCGGGCCACC,10
AAATATTTATGTGTTC,10
AAATATTTTAAAATTT,10
AAATTTGAAAAAATGT,10
AACAACAACCAAAGCC,10
AACAGGAAGAACTTGA,10
AACCCACCAACCAAAA,10
AACCTCCAATGATACA,10
AACGAACCAGCGACTG,10
AAGAACCAAAAATCGA,10
AAGATAAAAAACCACT,10
AAGATCTTATTCATCC,10
AAGGAAGCCAAAAACC,10
AAGTAGGACCACCCTG,10
AAGTCATGTCTAACTC,10
AAGTGTAACTCACGAA,10
AATATTATGTCCTATC,10
AATTAGTATTTGCCGG,10
ACACGTAATCACCACC,10
ACCATTAACGCTGTCC,10
ACCCAGTGTCCAAACG,10
ACCCTAGTCACAGACT,10
ACCGACATCGCTAACA,10
ACCGGTACAAGCAACA,10
ACTATAGTGAGAGTCA,10
ACTGCAAGAATATATG,10
ACTGGATTGTCTCTAC,10
ACTTCTGTAAAAACTT,10
AGAAAAAGTTGGCTCT,10
AGAAGCCTATACATGA,10
AGACAAGACGGTATAG,10
AGACATCTAAACTCTG,10
AGACGCTGATAAACAC,10
AGAGCCATCAAGGATG,10
AGAGGAAGCCAAGCTC,10
AGCACTTCACAACAAC,10
AGCCTGACCTGTAAAA,10
AGGCAATATGGCGCTT,10
AGGTACTAATATTGCT,10
AGGTATTTGATTCAAT,10
AGTAGAGTACAGCCAC,10
AGTCCTCTAGAGACAG,10
AGTTCGCCATAAGGGA,10
ATAACAAGTGATAGTA,10
ATAGACAATTATGCTC,10
ATCACGTTATAATCCC,10
ATCAGTCGTCCTTAGT,10
ATCCTTGTATAAATCC,10
ATCTCTCATACACCAA,10
ATGCCCTTATTAATCA,10
ATGCCGCATAATTATC,10
ATGCGATACTTTCTTG,10
ATTCATTCTACTCACA,10
ATTCCTACAATTAGAG,10
ATTGTTGTGTAAAGGC,10
CAAATGAGCAGCACTG,10
CAACCTAGAGGTACAT,10
CAATCCGGAAGCCGTT,10
CACACGAAGAGGATAA,10
CACTACGATCAAACAA,10
CACTAGATGATGATTG,10
CACTTTAAAGCCAACC,10
CACTTTTGACAAAAGT,10
CAGCTATCAAACCCCA,10
CATACAGTTCCCGAGG,10
CATGCAAAGTAAATAA,10
CATGGAACCGGAGGTA,10
CATGGCAATCGACCGT,10
CATTATCCTACGTCAT,10
CATTCCAAATACTACC,10
CATTGACGGCTAAGAA,10
CATTTAATAGTAGGTA,10
CCACTCGGAGCCCCAC,10
CCCATACTAGCTATTC,10
CCGTTATCAAAAAAAA,10
CGAAGCGTAAGAACAA,10
CGAGCTTATGTTGGAT,10
CGATAGAGTACGCACT,10
CGCCTAACTGAAACTC,10
CGTCAGATCCCAAAAA,10
CTACAAAGGTTAGGTC,10
CTACTTAAGACTTAGC,10
CTAGAATTCGTGAATA,10
CTATAAGTACGCTTAA,10
CTATCAAATTAACAAA,10
CTATCAACCATCTAAA,10
CTCCCGACTACGAAAT,10
CTGAGATTACTAACGA,10
CTGCGCGGATAACTAT,10
CTTATACAATACCAGA,10
CTTGGCAGACTCATAC,10
CTTGTGTATTAGCAGT,10
CTTTCCATAAATCAAG,10
GAAAACCCAGTTCCGA,10
GACAAATTTTCCCCCC,10
GACTTACTTGTCCTAA,10
GAGCTTGATGACGCGC,10
GAGTAAACGCCTTGGG,10
GATCTCGATTCGCTCC,10
GCACAGCATGTACCAC,10
GCACTAAAACGGCACG,10
GCAGCGGAAATTAAAC,10
GCATAACACGACCATT,10
GCATACGTGTACAATT,10
GCCACGAAACTAAAGC,10
GCCCATGATGTATAAT,10
GCGAGAAACCTACACG,10
GCTGCATACAATAACC,10
GGACCGAATAGAGGTA,10
GGTCAACCTGATGGCC,10
GTATTTACTACTAAAG,10
GTCCCGTCAAACAGTG,10
GTCGTAGTTCAGATGC,10
GTCTCCTGCGAACTAG,10
GTTCGGCTATAACCAC,10
TAAACATGGTACTCAG,10
TAAAGGAAACTTCGAG,10
TAAGAGCAAACTATAG,10
TAATAATCCTCCAAGC,10
TAATCCACTTTCAATA,10
TAATTCAGAAATATAG,10
TACAATTAGATCAAAC,10
TACAGATAAAAATACA,10
TAGAATAGGTCCATTA,10
TATCTAACAGGACTAA,10
TATGCCTCAAGCCATA,10
TATTCAATACCCATAT,10
TCACCGACAACAGATC,10
TCAGTATCCATTTGGA,10
TCATCTAAACTACAAG,10
TCCTCAACTATAGACT,10
TCGAAAAATATACCAC,10
TCGACCGTCCGACCCA,10
TCGCCAATCAGTTCAT,10
TCTTAATATCCAACAG,10
TGAATGACCAAACTAA,10
TGACAATATGGGCGTA,10
TGAGATAATATGCTTA,10
TGATGACATTAATAAG,10
TGCCAGATAAATGACG,10
TGGCAAATAGATAGAG,10
TGGCGCACTCACCAAA,10
TGTCCGTACCTGCAAA,10
TGTCTAGCATACACAG,10
TGTGTTGAAATCACTT,10
TTAATCAGAATCCTCC,10
TTAATTGAGAATGGCA,10
TTAGCGCAATCAGCAG,10
TTCAAAATAGATCACC,10
TTCAAACAGGGTGCGA,10
TTCCCAATCCGTGATG,10
TTCGGAACGGCCAATA,10
TTGCCGATTCCTATTA,10
TTGTGGTACGAGCAAC,10
TTTTCAGTCTCACAGG,10
TTTTTTAATTGTTGAG,10
AAAAAACTAACTTGTA,9
AAAAAAGCGGAGCCGC,9
AAATCCTTATGTGTAA,9
AACCAAAGGCACTTCG,9
AACCAGGTCATTAGTG,9
AACCTTTGTTGAAAAC,9
AAGAATGTTTATAGAT,9
AAGAATTAATCACCAA,9
AAGATTGAAAAGAGAC,9
AAGCGTATATAGAAAT,9
AAGGAGCCACAAAAAA,9
AAGGGTACGTGAACAT,9
AAGGGTATCTCAAATC,9
AAGGTGTGTGAAATAT,9
AAGTCCTATTATAAAC,9
AATAATCTGTATTCGT,9
AATCAAGAAGAAGCGT,9
AATCCATCACGCACAA,9
AATCTAACCTGAGTAT,9
AATTAAAAACTAAAAG,9
AATTTCTTTAATGATA,9
ACAGAAATTCAGAATA,9
ACAGGGTTCCTCGCAT,9
ACATAGCCTTATTCCA,9
ACCGCGCGAGCTACAG,9
ACCTATAACTGACAAT,9
ACCTATGAACAAGTCT,9
ACGCGGTTATGACACC,9
ACGTGAGGTTGGAAAT,9
ACTCTACGTCGAACAA,9
ACTTAACAGAAACCAT,9
ACTTCAGAGGTACTTT,9
ACTTGACTTTTTATAA,9
AGAACCTTTAAGTCGG,9
AGAGCCCCTTAGACAC,9
AGATGGGGGACTATGC,9
AGCAACACGATATTTC,9
AGCACAACTTTCAAAG,9
AGCCGAGCGGAAATTT,9
AGCCTGCTAATCATAG,9
AGCTCGCTTGGTGCAT,9
AGCTGAACATGAGCAC,9
AGTATACTGATGACCA,9
AGTCCACAATACTATA,9
AGTCGCAAACCAATAA,9
AGTTATGCTGCAGGCT,9
ATAAATGGTAACCAGC,9
ATAACGAGGCAGAATA,9
ATAAGATTTACAGTTT,9
ATAAGTTGAACGCTAC,9
ATCAAATCAGAAATAT,9
ATCACAGGAATATCCG,9
ATCATTCTGTAGCCGC,9
ATGACCTGCAACATAA,9
ATTTTCCACTGCAGGC,9
CAAAAACCTGCATACG,9
CAAAATTGCATACTCT,9
CAACGGAAGAAATGAA,9
CAAGCAGAATAATGCC,9
CAATACCCCTGACTAA,9
CAATATCACTACACAA,9
CAATCGGTTACCGGCA,9
CAATCTATGATACAAA,9
CAATCTTTAAGGAATA,9
CAATGATGATCCGTGC,9
CAATGGGAAAGGGACA,9
CACCGATAGAGTAAGT,9
CAGACTATGTATAGAG,9
CAGCTAATGACGTGAT,9
CATAACCGCCAAGCGC,9
CATACCGACCAACCAT,9
CATAGTTTAGTTGAAA,9
CATCACGTCTTAATTT,9
CATGTATTCCTCGAAA,9
CATTAAATAAAGACAA,9
CCCTCCAGATAGAAAG,9
CCGAATCAACCATTGG,9
CCTCTTAAGAATGAGA,9
CCTGGAGGGCCAAGAA,9
CCTGTTTACAATGGTG,9
CCTTCGAATGACCACC,9
CGAAAACGGAATTACT,9
CGATCAGCGCCCCTAA,9
CGATGTCGTCTTGATT,9
CGCAATTAACCGAGAC,9
CGGGATGTAAGACCGA,9
CGTCAATTCTGAACGC,9
CTAAAATGGTCACCTA,9
CTCCAAGCACGCGGAA,9
CTCGGTGATACCCTCA,9
CTCTGTAATTCCAAAA,9
CTGTAGATAGACATAA,9
CTTATAAAGTATGCGC,9
CTTCGCTTAGCTGAGC,9
CTTGAGCCATCTTGCT,9
CTTTAGCTTACACATT,9
CTTTTCATGGGCCAAC,9
GAAACAATCCTAACAA,9
GAACAGACCCGATGAC,9
GAACAGCCTATAAGAC,9
GAACCTGTTAACCCAA,9
GAAGTGATATTCGATC,9
GAATCCCACCCGCTTT,9
GACATAGAGTACATAA,9
GACCAATTACACGGGC,9
GACCTCACAGCTTAAT,9
GACTCTAAAAGTAAAC,9
GACTTAGAGTCAATAC,9
GAGCAAGTTTTCGCCT,9
GAGCTAATGCCAATAA,9
GAGCTAGGAGTTTAAA,9
GAGCTAGTAACGAGCA,9
GAGGACCGCCGCATCG,9
GAGTTTAAAGATGAAA,9
GATAAATGATTCAACG,9
GATGAGTGGACTACAT,9
GATTTCCCCTCCACGC,9
GCAACAATAAAAACGT,9
GCACCGATGACCCAAG,9
GCATAAAGCAGGTACC,9
GCCATCTAATTTCAAT,9
GCCCACAGGAATAACC,9
GCCCGGGATATTCCTA,9
GCGATACATTAAATTA,9
GCGGATTCATGGAAAC,9
GCGGGGAACTATCTGA,9
GCGTGGCACCAGGTTG,9
GCTAGCTGTCTACAAA,9
GCTATAAACCACGCAC,9
GCTCAGTCCTAACATT,9
GCTCTTCACTCAACTC,9
GCTGAGTTCGCGGACC,9
GCTGTCTAAGAATGGA,9
GGACTGAGCAATATAC,9
GGATACAATAGATAAA,9
GGATCTTGTGGCAGCA,9
GGCACCGTATAGAGCA,9
GGGAATCAACTCCTAG,9
GGGATCATTATCCACG,9
GGTATGATAAATCAAA,9
GTAACTGAGTTCGAAT,9
GTCGAGCGTCTTCGAA,9
GTCTACTTTACCAAGC,9
GTTTGGGTCCATACTA,9
TAAAGATCGGTGGGAA,9
TAAAGTGTCAAGTGAT,9
TAAATATTCTTTTTGA,9
TAATCTGACTCATGTA,9
TAATTGCTCCTAATAA,9
TACAAAGCATATTCAA,9
TACACAAACTTCTAGA,9
TACGAAGTGGCTTCGT,9
TAGCTGATGTTAATTT,9
TAGGCAGAATCTACAA,9
TATACCCTCAAAAGGT,9
TATACGGATGATGATG,9
TATAGTATTGAAAAAA,9
TATATTCCACTTTAGG,9
TATCCATCAAGTATTC,9
TATGAAATTTCCTTCA,9
TCAAAAAGTTGCAATT,9
TCACACCGTAAGATGA,9
TCATCAATCTGGGAAC,9
TCATGAGACACTACAG,9
TCGTGCTACAATGCAG,9
TCGTGGTGTTAGGGCT,9
TCTACCACTACTTAGT,9
TCTAGACGAAAGTAGA,9
TCTAGTGTTACCCATA,9
TCTTTTCATTCCTAAC,9
TGAAAGAAACCGTAAT,9
TGACGTTAAGATATAG,9
TGAGAAACTCATTCAC,9
TGAGATACTGACTATA,9
TGATAGGACATATTAT,9
TGATTAAACGCTAAAC,9
TGATTTTGAAGAACCC,9
TGCTCAGCTGGCCTAG,9
TGTTCATAGTCGTCAT,9
TGTTTGATGATGATCT,9
TTACGGGAGTAAAAGG,9
TTACTGTCTCAACCGG,9
TTATACGAAACAACGT,9
TTCCGAGGAAGGCAAA,9
TTCGATCGAAGCCGCG,9
TTCGTAACACCAATAC,9
TTCTCCTGAACCGCGA,9
TTGCCAGTACTAGCTT,9
TTGGAATATCCCAATT,9
TTTAAACAATATGTAG,9
TTTTCCCTCATAGCCC,9
AAAAAACACTTGACCA,8
AAAAACGGAGCAATTT,8
AAAACTATATATACAC,8
AAAAGTGCAGTAACGA,8
AAAATAACCACAAAGT,8
AAAGAGAATGAAGCCT,8
AAATAATGATGAGTGT,8
AAATACCTGTCGTTAA,8
AAATCGGAAAAGCTCT,8
AAATCTAATTAATTCT,8
AAATTTACAAGAATCT,8
AAATTTTACAGTTCAT,8
AACAAAACAAGTACCA,8
AACAAGCCTAGTTTAG,8
AACCAAAATAAAGCTG,8
AACCACACTTGGATAT,8
AACCAGATTACCAGAA,8
AACCGCTTTGACACCT,8
AACTAAGGCGAGGGGT,8
AACTTCTCAATCTATT,8
AAGACCCGAGTGACCC,8
AAGCAACCTAACGAAT,8
AAGCAGTGATCCTACA,8
AAGGTCCACGATATAC,8
AAGTGCGCCAGAAAGA,8
AAGTTAAATGTCTATT,8
AATAACGTAGGTTCAT,8
AATATCTGAACCAAAT,8
AATCCAAACGTTACCT,8
AATCGGATGGAGAAAG,8
AATCGTGTTAATTCAA,8
AATGATCATCGAAATC,8
AATTGATACAGTCAGA,8
ACAACGTTATAAATGA,8
ACAAGAATCGATTATT,8
ACAAGTCAAATGTAAA,8
ACAAGTTAGACTGTAA,8
ACAATTCCAACGGATG,8
ACACTCTTACAACATG,8
ACAGGATGCTTAGTAA,8
ACATGGCTTCGTGAAG,8
ACCACGTGCAGGCAAC,8
ACCTGGACGTCAAACT,8
ACGAGACCGCAAACAT,8
ACGCGACAGGAAAGGC,8
ACGCTGAAGCCATAAG,8
ACTGATGAAAGCTTAA,8
ACTTCCAGACATTCAA,8
AGAAGAGAAAAGGAAA,8
AGAATAAATGCCCTTC,8
AGACCATATCCTCACG,8
AGACGGAACCAGAAAA,8
AGACTTTTATTAGCAA,8
AGATTGTATCGCAACA,8
AGATTGTGGGACCGGA,8
AGCAAACCACCTACAC,8
AGGAGTGCTTACAATT,8
AGGCAATGGGTAAAAA,8
AGGTAGCTCAGCAATC,8
AGTCAGTCGCTGGACA,8
AGTGAAAACAGCACAG,8
ATAAAGTATCGTCGAG,8
ATAACTGGTAGATTTG,8
ATAATGAATAACTTAG,8
ATACAATTAACAATTC,8
ATAGAATAAGTTAGAC,8
ATATAGGGATACCAAT,8
ATCAAAGAAAGACTAA,8
ATCAGAAGAAACGGGT,8
ATCATCAATCAAACGT,8
ATCCGATCCCCATGAG,8
ATCGGAGTATGAATAA,8
ATCTAGTTATCCCAGA,8
ATCTGATCGAAGGCTA,8
ATGACTATTGCTATAG,8
ATGAGTAGCACTCATA,8
ATGTAGATAATTATAT,8
ATGTCGCGAAACATCA,8
ATGTGACTATAAAACA,8
ATTAAAAGTAGACCCT,8
ATTACTCCAACATGAG,8
ATTCTCAATTTACACA,8
ATTCTGACCAAACCGT,8
ATTTAAAAGCTAGTAG,8
ATTTTCGACGACATGC,8
ATTTTTAAGACTGCAA,8
CAAGCGAAGCCCGTTA,8
CAAGTAGGACAAGGAG,8
CAATAATGAACTCAGC,8
CAATCAGAATAAAGCC,8
CACGCCACCTCCCCAT,8
CACGGTCACCAGGATA,8
CACGTCAGGACGCGAT,8
CAGTATCACAACGGAC,8
CATGCTTGCATACATT,8
CATGGCGTTTTAACAT,8
CATTAATAGAATGAGG,8
CATTACGGTCTACAAC,8
CATTTTTAAAATCAAT,8
CCACTTGTCAATGGAG,8
CCAGTCGACGTTAACC,8
CCATATACTGAAGAAG,8
CCATGAACATGCCCCA,8
CCCAACAAAGCAATAA,8
CCCGACCCAACGATAT,8
CCCGGAATCCGTATCC,8
CCCGTATTTGGCAAAA,8
CCCTATTGACATCATG,8
CCCTCCATGATTCAAG,8
CCGTGCCATAACACAG,8
CCTCACCCAAAATAGC,8
CGAGAAATTACAGGAA,8
CGATACCCCTGAAAAA,8
CGCAGGAACCGAAACC,8
CGCCACAACCTTTTTG,8
CGCGGAGTTATACTGT,8
CGCGGATACAAGTGAC,8
CGCTAGCATTTCATCC,8
CGGACTCCATAATACA,8
CGTAACTATTAGGAGT,8
CGTTGACGTATCCAAG,8
CTAACGGAATTTCGAA,8
CTAATACTTCAACTCG,8
CTACGGCATCTACAGA,8
CTATCGTTATGAGCCT,8
CTCAAGTACTAGTCCC,8
CTCACTGCTCCGCGAA,8
CTCAGTTAGCCTAGTT,8
CTCGAAAGACGAAAGC,8
CTGACGTGTAACACCA,8
CTGACTATAAAGAGGC,8
CTGATTGCTTAGTTAT,8
CTTAAGAAAACCGGCG,8
CTTAATCATGTGAGAT,8
GAAATATTTAATACTG,8
GAAATGGGTATAAGTT,8
GAACGTTCACTGAGGA,8
GAAGCCCATCGAATCT,8
GAATATTCTAGCCCTT,8
GAATGATAAGGTTTAA,8
GACAATTTCGAAAACA,8
GACCAATATACATACA,8
GACCGGTACATCTTAC,8
GACCTTGCTCGTACCT,8
GAGGACTTATAGTACT,8
GAGTTTCGTGATCCCT,8
GATACAAAAACAAGTG,8
GATAGAAACCAGTGGC,8
GATAGACTAAAATATG,8
GATATAACCATTATTT,8
GATATGCACCAGCAAA,8
GATCACAAATCTCGCC,8
GATTAAACACATCGCT,8
GATTAAGCCAGAACCA,8
GATTCATTGACTGTTA,8
GATTCCACAAAACCGC,8
GCACAACGTCTCCGAG,8
GCACTGGAAGGACTGA,8
GCATAGTACTGCTTCC,8
GCCCGGGGTACCCTTC,8
GCTATTTTTCGAGCAG,8
GCTTCATAACATATAA,8
GCTTGCTGCCAAGACT,8
GGAAATCAATAAAGCA,8
GGACAACAAGCCGACA,8
GGAGAATACAAATATG,8
GGATGATCGGTGGTCA,8
GGCATTAAAAATTCTT,8
GGCCATACCGGCTCAC,8
GGCGGTACGATTTGCT,8
GGCGTCTAACCAACTT,8
GGCGTTCTATCCACTC,8
GGTCAATCCCCCTGTA,8
GGTCCAGAGTATACAA,8
GTACCATCCTATTGTA,8
GTACCGAACGGAATAG,8
GTACTCACATTACTAA,8
GTAGAATATGCTACTC,8
GTAGTTGTAGATGAAT,8
GTATTCTTACAACCAT,8
GTGAAACGGAATTGCC,8
GTGGTATCAGAAACAA,8
GTTCTTCACTACTGAA,8
GTTTAGATATATAACC,8
TAAAACACCTTGCCTG,8
TAAAACACGATAAGCA,8
TAATAATAGTGCCAAT,8
TACAAAAGGTCAGCTC,8
TACAACTTTTTTGAAA,8
TACATTCCTCAAAAAA,8
TACCAAAACCAGTAGT,8
TACCACCATCCTTAGC,8
TACCACTTAGTCGTGC,8
TACTATCTACCAATTT,8
TAGACTACCGATCACC,8
TAGAGGAATTACTATA,8
TATACAACTCGTGCTA,8
TATATACATATGATAT,8
TATATACTTCTGTGGG,8
TATGCAACAAAATTAT,8
TATGTATTCCAGGCAG,8
TATTAGATCAAAGCGC,8
TCAAAAACCTATACAT,8
TCAACATAAAAGTTAC,8
TCAACGTCTTGTCAAA,8
TCAATTAAACCAGAGT,8
TCAATTGGTAACCAGC,8
TCCAACCACGTTGCAC,8
TCCCTAACTAAGGCTT,8
TCCGTGGAACTATAAC,8
TCCTCCACCGTTCCAC,8
TCGGAGTAACATACCC,8
TCTCATCCAATAATAG,8
TCTGATCCGGAAAGAT,8
TCTTAGTCAGTTGGTA,8
TGAAGACGCAGATTCG,8
TGAAGCTACTAGAAAC,8
TGACTTATGTGCGGTC,8
TGAGAAGAGCAAAAAT,8
TGAGTTCACAGCCTCG,8
TGGATTAATAAAAATA,8
TGGCTCCCACAATCGA,8
TGGGCAAGATCTACAA,8
TGTAAGCCAAAAGGAA,8
TGTACTACAGAAATGG,8
TGTGCGATTTTCCTAG,8
TTAAAAAACAGTGGCA,8
TTAAACGATTGTAGCA,8
TTAAATCTTTGATAGT,8
TTAACGGGAGAACACC,8
TTAATCGAGTTCTAAA,8
TTACTTCCGAGTCAAT,8
TTAGAAGCTTGCCCGT,8
TTAGGAAAGTCACAAT,8
TTATACCCCCACTAAG,8
TTCGCCTTATAACCAG,8
TTGTTCATCGTCCCTA,8
TTTAGCAACCTGGGAA,8
TTTATTCGGACACTCC,8
TTTGGACTGATTAATT,8
TTTGTCCTCCCCTTCG,8
AAAACGCCCTACTATC,7
AAAAGTATCGGCTTTT,7
AAAATTATATCTAATT,7
AAAATTGGGATCAAAG,7
AAAGAAAAACAATCTT,7
AAAGAAGATCGGTATA,7
AAAGTTTATTATGATC,7
AAATACTCCCACTCCT,7
AAATGCGACCGACGAT,7
AAATGGAAAATAAGAC,7
AAATGGAGATGAACAA,7
AACAATGTAACCGCAC,7
AACAGTCTGTGCTGAA,7
AACATAAAATGTATTG,7
AACCTACATAAGCACA,7
AACGCACAGCCTGGCA,7
AACTAAGTAACTTACC,7
AAGAACGCCTAAAATC,7
AAGAATAGAGACAAGA,7
AAGACATCAACGTCGG,7
AAGCCACACTAAATCA,7
AAGCCTTCACTAAAAG,7
AAGCGTAATAAGAGCA,7
AAGGAACTTTAACTAT,7
AAGGCCTAAATTATTC,7
AAGTACCGCTGTGCAC,7
AAGTATAACCAACGAG,7
AAGTTCTTGAAAAAGA,7
AAGTTTGCACTTCAAC,7
AATAAACACTACGTGA,7
AATACAATTGTGGCTT,7
AATACTAGCATACCAA,7
AATAGAGGGTACACCA,7
AATATTACGATGCGCG,7
AATATTTATGATTGAT,7
AATCCTCTCTAGACAC,7
AATCGGTTAAGTGGGG,7
AATCTATATAGAAGAA,7
AATCTATGATCACGTT,7
AATCTATGATGACCTA,7
AATGAACAATACCTAC,7
AATGCCGAAATATGGC,7
AATGCCGTCTAAATAT,7
AATGGCGTCTAAACGT,7
AATGTCGTCGCAAAAA,7
AATTAGACCTATACAA,7
AATTATGTCGAAACCA,7
ACAATCTTTACAATGA,7
ACACAAAGATAATCAA,7
ACACAGAACCTACATT,7
ACACTCCAACGTAAGC,7
ACAGACCGTGTATGAT,7
ACAGTCAAATTAGAGC,7
ACATAATTAGGTGTCA,7
ACCCGAAGAAAACAAA,7
ACCCGTGCCTACAAAA,7
ACCGAATGCCCTATTC,7
ACCGGACTCCTACCTC,7
ACCGTAAATCATGGAT,7
ACGAAACTTAAGTATA,7
ACGAAGTAGGAATCGG,7
ACGATCTATCAATGTC,7
ACGCGTAACTTTTAAC,7
ACGCGTACACAAAGAT,7
ACGGAAAACAACAGTC,7
ACGTACAAATGGCATA,7
ACGTTAATAAAAGAAA,7
ACTAGTACATACACAG,7
ACTCATTCAATCCTTT,7
ACTTAAATCCCTTATG,7
AGAAAAAAAAATAGTC,7
AGAAAACATTGACATG,7
AGAAGCTAGAGCTTCG,7
AGACATATCAAACATA,7
AGACGCTATTACCTAA,7
AGATCCGTAAACTTCC,7
AGCAGAGAGCGTTGAC,7
AGCATGGCAATACGAC,7
AGCCGTCCTCGTGCCC,7
AGGCCACAAAACTAAT,7
AGGCCGACCTTTATAG,7
AGGGAATAGGTAGACA,7
AGTACAAGAAGGTCTG,7
AGTAGTATGCATCAGT,7
AGTATATAATGATATA,7
AGTCCAACTCTCACGT,7
AGTGAATGTATGAATG,7
AGTGACACAGAAGCTT,7
AGTTGAATAGCTGGTT,7
AGTTTATGCATATGAA,7
AGTTTGTTGAATGAAA,7
ATAAAAATGGTGCATA,7
ATAACTATAAAATGCA,7
ATACAGACCAAACCTC,7
ATAGAGCAGATCCAAG,7
ATATAATTCTCTAGAA,7
ATATTAACCTTTCTCA,7
ATCAAAGTATATGAAG,7
ATCAGGCACACACTTA,7
ATCATGGTTACACATG,7
ATCCAATTGGTGAATG,7
ATCCAGCATAACATAA,7
ATCCCTATGACAACTC,7
ATCCTACTACTAGCCA,7
ATCGAGGTATGAGAAT,7
ATCTGTAATTCCAAGA,7
ATGAACAGTCTTGAAA,7
ATGCACCATGCAATTG,7
ATGCTACTGGACTAAC,7
ATTAATCGATTTTAAT,7
ATTAATGGCAGACAAC,7
ATTACAGCCTTAACAT,7
ATTACCGGACTTTCCA,7
ATTAGGCTCATCATCA,7
ATTAGTAGAGGTATGG,7
ATTGCATTAACAAGAC,7
ATTGCGGATGTACGAA,7
ATTGGGACTCCAGATA,7
ATTTCTTTACTGAAAG,7
ATTTTACAAAAATTAC,7
CAACAGATTCCTGCAG,7
CAAGAAAGCCCAACGA,7
CAAGATGCAATCCTAA,7
CAAGCTTTTCTGGTCA,7
CAATTCAACAAATAGC,7
CACACACAGATATCAG,7
CACATTGTAAAATGAA,7
CACCCGGATTGGCCTA,7
CACTATCACTATACAG,7
CAGAGTTACTTAATTA,7
CAGATAAAACATCGTT,7
CAGATCCCCCTATTTA,7
CAGCCCATTCGGAAAG,7
CAGGCAAAATTCGACT,7
CAGTACACCGAGTCCA,7
CATACAAGCATGATGA,7
CATACACCAAAAATAG,7
CATATAACATCACCAA,7
CATCAACCGAGTAGTT,7
CATCCACGACTAGAAC,7
CATCGTCATAATGTTT,7
CATCTAAAAATCCTCT,7
CATGAAATTGTTAACC,7
CATGTAGCTAGACTTG,7
CATGTCATACGATCCC,7
CCAACGCAGAATACGG,7
CCAAGGAGTAGAAACT,7
CCAATAATCATGCAGC,7
CCAATAGATACCTATA,7
CCATAACATAGGACGA,7
CCCAGTAACCGATATG,7
CCCTCTATGCTCATGC,7
CCGACTTCTGTTGGGC,7
CCGGAACGGCAGCAAA,7
CCGTCCACGAAGCGAG,7
CCTACGACTATAAGTC,7
CCTCAAATAAAATCAA,7
CCTGACCCGACTATAA,7
CCTGATTGCTTAGAGT,7
CCTGCACTGAACAAAG,7
CCTTTCACGACCTGAA,7
CGAAACTAAAATTTCA,7
CGACCGCTTGAAAGTG,7
CGCATATACCAACAAG,7
CGCATTCAAAGCCCAC,7
CGCCACCAACCTGGAC,7
CGCCGTATCCCGGGTA,7
CGCGACTATATCCTAT,7
CGCTAACATGAGTTAC,7
CGGACGACATCATCCT,7
CGGAGCGGGTCGAAGA,7
CGGTCAAAAGTCCTCA,7
CGGTTACAAATGATGG,7
CGTAAACCAAAAAATC,7
CGTAAGAAGCCTTTCA,7
CGTCTCCTCAACGAAA,7
CGTGACGATCAGATTA,7
CTAAAAAAGGAGTACC,7
CTAATGGGTGACAACT,7
CTAATTTAGGAATAGC,7
CTACATAACGCCTAGC,7
CTAGCAAAAGGGCAAC,7
CTAGTTGTTTAACCCG,7
CTCCAAAGGAATGGGA,7
CTCGCAGCCGCTTGAC,7
CTCGGCGGTCCTGTGT,7
CTCTATGCCCAGGGTA,7
CTCTTACAAATTTTTC,7
CTGATAGGTTTGACTG,7
CTGATTTATATGAGAA,7
CTTCAATAGAGACGAG,7
CTTCCCACACCCCTCC,7
CTTTATCGACCCCCAT,7
CTTTATGCCGAGTATC,7
CTTTGGGAGTCTAAAT,7
GAAAGCTTACGACGAA,7
GACAAAGACCCGCCCT,7
GACATTAATATCCTGA,7
GACCAATTCAGCTAAG,7
GACCAGTTTATAGGAT,7
GACGGAATACCAGAAC,7
GACGGAGAAACCACAA,7
GACGTATTAGACAAAA,7
GACTATAGCTAGCTGG,7
GAGAGCGAAACAGCTA,7
GAGATAGTTAATGAGC,7
GAGCAGGACTCGTGAA,7
GAGCTTCTCCAGTCAT,7
GAGGAATCAACAAAAC,7
GAGGATACGCTATAGA,7
GAGTTATCTAATTAAA,7
GATAAAAATAGATACC,7
GATACATCGTATATCT,7
GATCCAATGACGTAGA,7
GATGACGACGAGGAAA,7
GATGGTAGAATGACAT,7
GATGTTGACTGACCTT,7
GATTTTACCGCATTGA,7
GCACTAACATCGAGAC,7
GCATCTAACGTTCACG,7
GCATGGAGACACAACA,7
GCGACCAATAATATCA,7
GCGGTTGAATATAAAA,7
GCTCATTATAAACAAT,7
GCTCTGTCTATTTACT,7
GCTTGAGTCTATGGCC,7
GGAAGAAGGATTGAAA,7
GGACAAGCACATTTTA,7
GGATGGACGTCCAACG,7
GGCTGAGAATCGGTCG,7
GGGCCCTCGTCTCCAT,7
GGGTACACTCTGTCAT,7
GGGTGTTATATGTTGA,7
GGTAGAAAATAATCAA,7
GGTAGTCTATCCCAAT,7
GGTCAGCCTTCACAGA,7
GGTCATTCGCTAATCA,7
GGTTGGTATTAATCCT,7
GGTTTAATCCACTGAG,7
GTAACGTACGAGGTAA,7
GTATACTAACGTCTTT,7
GTATGGACAAGTAAAA,7
GTCTACGCCGGCAAAA,7
GTGTCTAGTGTCGCCC,7
GTTAAGCGAAAGTCAA,7
GTTAGCGATTTGTGGG,7
GTTCATTTGCTCCGAT,7
GTTCCCAACAGGAATA,7
TAAAAAGAGAAAGGAT,7
TAAAAAGTCAAATGTA,7
TAAAATCGATTGGTTT,7
TAAAGGAGTGTGAAGA,7
TAATCCTACCCATTTT,7
TACAATCCACCCACAC,7
TACACTGAGTAACTAC,7
TACAGAAGCGAACAGA,7
TACCAAAACATTTATT,7
TACCCTTACGACCAGC,7
TACTAATATAAGACCC,7
TACTACAATATCTGCC,7
TACTATATCCAATCAC,7
TACTTCTAAACCGGGT,7
TAGAAAAACAGGCCGA,7
TAGAACTACAAATACG,7
TAGCCTCGTGGACCGA,7
TAGGAAGCACACTTGC,7
TAGTTTGACCTACTCA,7
TATATAAGACAATCCA,7
TATATACCTAACTACA,7
TATGTCCGAAAGGAAC,7
TATGTGAAATCCTCAT,7
TCACCAAGCAACTTAC,7
TCAGATTGGAACCTTC,7
TCAGCCATAAAACCAA,7
TCAGCTCTAGTCATAA,7
TCATTGGCATCACAAC,7
TCGCTTGGCTAAATTC,7
TCGTATTAGGAATGAC,7
TCGTCAATGTCTAAAT,7
TCTACAAATCAGTTAC,7
TCTCAGTGCGCTTGTA,7
TCTCATACTGGACCGA,7
TGAAACGCCAATCAGA,7
TGAACAGTCGACGTAT,7
TGAACTAAAGATGATT,7
TGACGGATTGCGTGCG,7
TGACTAAAACAAGACT,7
TGAGTCGTGCTTCTAG,7
TGATGACCGCTCATAC,7
TGCGGAGATCCCTACA,7
TGCGGTTTAAAAAATC,7
TGCTAAAGCGTTAACA,7
TGGAAGCAGCTCCGCA,7
TGGACACTAACCAAGG,7
TGGATTTGGCACACTC,7
TGGCACCCTTAGTATT,7
TGGCTTACATTAATCA,7
TGGTCTACGTTAGGTT,7
TGTACAAATCCAGGAA,7
TGTCAAGAAATAAAAC,7
TGTCGAATATAATACC,7
TGTTTATCACTTTAAA,7
TTAACAACCGAATGCA,7
TTAACATCTTTAGCCA,7
TTACGTTCAACGAAAT,7
TTATACAATTAAAAGT,7
TTATTGTTAACCAACA,7
TTCAGAGTTGAAGACG,7
TTCCTATACCAGTCAT,7
TTCGAACGTATACGCC,7
TTCGAATTGTCAAAAC,7
TTCTACCCCAATAGGG,7
TTGAGAACGACCAGGA,7
TTGCAATATCTAGCGG,7
TTGGGCGAAGGGCACC,7
TTTAGAGACGATATCT,7
TTTATGTGATGCCTAC,7
TTTGCAGAAGAACGTA,7
TTTTGCACTAGTCGCT,7
TTTTGGTATGGCTGTC,7
AAAAAATCCGATAAAA,6
AAAAACATACGAATAA,6
AAAAACTTGATCCAAA,6
AAAAAGACATGATAAG,6
AAAAAGCGCCCTCAAC,6
AAAAAGTACAGATCAT,6
AAAAATCCCACACGAT,6
AAAACACTGAATTTAA,6
AAACCCACCAACGGGT,6
AAACCTGCAATTTCTG,6
AAACTGTGATATGCCT,6
AAAGATCAAAGTCATA,6
AAATATATGAGTGCAT,6
AAATCGCTTGACAAAG,6
AAATGGTGATATAATG,6
AAATGTAGGCCTTATT,6
AACACAACTAAATCCT,6
AACACATTAGGGCCTT,6
AACCCCCAGCGGTACC,6
AACCGCACTCCCTAAA,6
AACCGCCCCAGATACA,6
AACGAAAAAACATAGT,6
AACGAATACGGCTGGG,6
AACGGATGAGCAAAAT,6
AAGAAAAAATTAATTT,6
AAGACCTATTGCGGTA,6
AAGAGAGATATATAAC,6
AAGAGCGAAGAAGAAT,6
AAGAGTAGAGACCAGA,6
AAGCACCATATAAACA,6
AAGCAGAATCCCGATA,6
AAGCCTGGGCACTCAA,6
AAGCGGACGATTCTCG,6
AAGCTCTGCACCGGGA,6
AAGCTGTTAAGGACCT,6
AAGGACTTAGTACATG,6
AATAGCTATCTTAGAA,6
AATAGGCTTATCACCG,6
AATTATCTACCTTCAC,6
AATTGACCACTACATC,6
ACAAAGCTGTATTACC,6
ACAAATAAGATAATCA,6
ACAATGCACTCTAGCT,6
ACACAGCAGCATGTCG,6
ACACCCATGCCCAGTA,6
ACAGCTCAAGTCACAG,6
ACAGTATTTGTCGACT,6
ACATACACAAGCTCAC,6
ACATCATAATCTTGTA,6
ACCAAAACGTCATGAC,6
ACCAAACTTCGACCGT,6
ACCAACCATACATACC,6
ACCAATTGTAAAACCG,6
ACCCCAAAAGCTCAGT,6
ACCTGTTCTAATTGAA,6
ACCTTAAGTAAACACC,6
ACCTTATGTGTCATAA,6
ACGAAAATCCAAATGT,6
ACGCAAGGAAGACCGA,6
ACGGAAGGAACTTACA,6
ACGGGCCGTAACAATT,6
ACGTTGCTAGCATTTT,6
ACTGGCTTATTCACCA,6
ACTTACATTGACACCA,6
ACTTTATTAGGCAGAA,6
AGAAAAGAAGTCAGTT,6
AGAACAGCGGATAGTA,6
AGAAGCGAGTATGAGA,6
AGAAGCTGAAAGTTAA,6
AGACGAACCTTTCACG,6
AGACGCTAAATCCCTC,6
AGACGTAAGAGTTATT,6
AGAGACAGTTGACTGT,6
AGAGGAACCTTACCTA,6
AGAGGGGATGTTATCT,6
AGAGGGTCAAACATTG,6
AGATACATAGTCCAAG,6
AGATACCTGCATGTAA,6
AGATCAATTTATCCCA,6
AGATTAATCATTCAAA,6
AGCACAACCAAGTCAG,6
AGCTACCTACGAACAT,6
AGGAATCTGCGATCGA,6
AGGGGTTAACCCATAA,6
AGGTACATAACTAATA,6
AGTAAAATGATGACTA,6
AGTCATAATACGCTGG,6
AGTCGAGAAAAACAAT,6
AGTCTCCACAAGTGAA,6
AGTCTTGCAACTACGA,6
AGTGCTACAAATATAC,6
AGTGGCTAAAGGTCAT,6
AGTTATTATCGCTGCA,6
AGTTTCGCAGCTATTG,6
ATAACAGAATATAGAA,6
ATACAACATTAATGAT,6
ATACACACAAATTTAA,6
ATACCAATCAGCGATT,6
ATACGTCGCATAAGTA,6
ATAGAAAAGAATTACT,6
ATAGCAGTTGCACCCA,6
ATATACACAATCCAAC,6
ATATAGTCAAAAGCGG,6
ATATATCTGCGGCACA,6
ATATATGCTACAGGGA,6
ATATCTACAGACAAAA,6
ATCACGACTATCACGG,6
ATCATTTAAAAACAAA,6
ATCCAGCACCCGTTAA,6
ATCCATATTGCACTTA,6
ATCCCCTCCGCCCATA,6
ATCCTGAGACAACATT,6
ATCTGATTGACAAATG,6
ATCTGTCTAAAATAAA,6
ATCTTAATCGAAAGGG,6
ATCTTTCATCGAAAAA,6
ATGAGCGCTGGGAACA,6
ATGATATAATTGGTAA,6
ATGGAAACGCTCAGTT,6
ATGGAACTGTACCTTT,6
ATGGACCCTTAATTCT,6
ATGGACTAAGCTTCTT,6
ATGGCACAGGAATTCA,6
ATGTCCTTAACCCACC,6
ATTAAACCCAAAACAA,6
ATTAATTTGACATTAA,6
ATTACCCTGGGGACAC,6
ATTAGATCTTAGTCTG,6
ATTAGCATTTGAACTG,6
ATTATCATTCTGGTGG,6
ATTCCTTAATTCAAAA,6
ATTCCTTTGTACTACG,6
ATTCTTCTTAGATGTA,6
CAAAAACCAAAAAATA,6
CAAAACCAGCGTTGTC,6
CAACAATACGAAATAA,6
CAACCAGATCCAACAG,6
CAACCCTACTCTCCCC,6
CAACGCAAAACTCGCC,6
CAAGAATTAACAACAG,6
CAAGTAACAAATAACG,6
CAAGTCGTATTGAGTA,6
CAATACCGATTCTTGA,6
CAATAGAAGATGGCAA,6
CAATATGCGATATCCG,6
CAATCAGGTGCACTGT,6
CAATTTGCACAACTTA,6
CAATTTTTCTCTTCTT,6
CACAAATAGACTCACA,6
CACAAGATGTAATATT,6
CACAGCTCAATGCCAA,6
CACCTATAACGACACG,6
CACGCAACCCCGACAA,6
CACGCACCGCTGCGAT,6
CACGCTAGGAGAAGCT,6
CACGTCCCACATTCCT,6
CACTCAGCAGAACCAG,6
CACTGTGCTTACCAGC,6
CAGAACAGACTTTGAG,6
CAGATCAAAATCGCAC,6
CAGATGAACTCCCTAT,6
CAGTCATCAAAGTGTA,6
CAGTGATCTATTGACT,6
CATAACTGGCAAAAAA,6
CATAAGGCGTATTCCA,6
CATACACACCTACAAA,6
CATATGTTCAAACATC,6
CATCATACTCATCCCT,6
CATGAATGCACAACAA,6
CATTAAATTTACACTC,6
CATTCCCCAAGGAAAC,6
CATTCTCTACATGAAT,6
CATTGTGCTCAACGAA,6
CATTTGCTTTTAGCTT,6
CCAAATTATCCCCTAT,6
CCAAGTTGTCGTAGAC,6
CCAATAAATACCTCCA,6
CCACGCTCGGTCCTTT,6
CCAGAATCTATGGAAC,6
CCAGAATTTAGTTTCT,6
CCAGTGGAAAAACGAA,6
CCATATAAAAGTAATA,6
CCATGCCCAATATTGG,6
CCATTGAAGTAAGTCA,6
CCCAAATTAGGTACTA,6
CCCAACAGCACAAGTA,6
CCCAACCAAAAACATA,6
CCCACTAGGTGGATGC,6
CCCAGTCAACCAAGGA,6
CCCATATTGAGTTTTA,6
CCCCCATTGGAGAAAT,6
CCCGAGTATATGAGTG,6
CCCGCTCGGGACGGCT,6
CCCTAAGCGACCACCG,6
CCCTCCGAACTGAGGC,6
CCGATCCTAGTCCAAC,6
CCGCTGTAAACAGTCC,6
CCTACCGCATTAAACA,6
CCTCATCCCTTACCAT,6
CCTTTCTAAAGTAGGA,6
CGAAAAAATATGGAAT,6
CGAAGATATTGTCAAA,6
CGAATAAACGATCATT,6
CGACTAGCAAGAAAGC,6
CGAGTAAATCATACTT,6
CGATGGCCGGGGGACA,6
CGCGAAATCCCGAATG,6
CGCGTGAAACAGATCG,6
CGGAATGTGTGCCCCC,6
CGGGCCACTGCTATTT,6
CGGGCTCACAAATATA,6
CGGGGATTAAATTGAC,6
CGGTATCAAAGAGTAA,6
CGGTGCATTTCCAGGT,6
CGTACCCTAAAATACA,6
CGTAGAATAGACACCG,6
CGTCAATTGGTAAGAA,6
CGTCACAAATAACTGG,6
CGTCTCCATAAATAAC,6
CGTGTAATAAATACTG,6
CGTGTATTTCGAAGAC,6
CGTTTCGGCAGACTCA,6
CTAAAACAGCGTTACT,6
CTAAAAGTTCGCGATC,6
CTAAAGCATCGAAACC,6
CTAACATCTGCAATTC,6
CTAACGGAAAGGAACT,6
CTAACTCTCGGTAATA,6
CTAATGCCAAAGAGCC,6
CTACAAAATTATGTTC,6
CTACAAACGAATAATA,6
CTATATAGAGTAAGCA,6
CTATGCTTTGTCGCAG,6
CTATGTAGTTATGCAT,6
CTATTCTACATATAAA,6
CTCAAAGAAATCAGGA,6
CTCAACATAACGCCGA,6
CTCCAAGGACGCTCCA,6
CTCGCAATGCCCGAAC,6
CTCGGGTATTACTTAA,6
CTCTACAAAATCCATT,6
CTCTGGGAGTCTATGA,6
CTGACAATAAGGATCC,6
CTGACCCGCAATAGGA,6
CTGATAGAAAAAACCA,6
CTGCCTCAATACCTAG,6
CTGCGCCGACCATATA,6
CTGTAGAAACCCATAG,6
CTTAGGAGGTACTCAG,6
CTTATATGAAAGGGAC,6
CTTATCAACATAGTAC,6
CTTATGCTAACCGTCC,6
CTTCTAAAAAGACAAA,6
CTTGTTATAGACTTTC,6
CTTTGTAAAGACAACG,6
GAAAAGAGAATCCTAG,6
GAAAATGACATAATCT,6
GAAACACCTAAAGAAC,6
GAAAGCCGAAAAAGAG,6
GAAATCGTAGAAAACA,6
GAAATCTTCTGGTCGA,6
GAACAATAAGATGCGG,6
GAACCGGGCAACCAAA,6
GAACCGTATACTGTAC,6
GAAGTGTATGGACAGT,6
GAATAACGAAATACAT,6
GAATGGTCATTGATTA,6
GACCAAGCCTATGTCG,6
GACCACACACATCAAG,6
GACCACCCTTTAACAT,6
GACCAGCAGCTCTTTT,6
GACCTGCCCAGCACAT,6
GACGCACACTTCCCAT,6
GACTAACCAGGAGACG,6
GACTCGTTACGAAATG,6
GAGCTTGAAAAGTTAC,6
GATAGAAACCGTCAAC,6
GATATGACCGTATACG,6
GATCACTAGCCTAAAG,6
GATGGGCCATCGCCGG,6
GATGTTGAAGCTACCA,6
GATTTGAATCTGCCAT,6
GCACAAGTTGACTTGG,6
GCACAGATTGAATTAC,6
GCAGATATCCCGATTA,6
GCAGTCACAATATTAC,6
GCATCCGCGAATATCT,6
GCATGTAAAAATTATA,6
GCCAAAAACAGTTAGA,6
GCCAGAATGACGGCAA,6
GCCATATTATTGAGAA,6
GCCGAGCCTAACACCA,6
GCCGCATCGTTCGAGG,6
GCCGGACCAATGAACA,6
GCCTATCTCCGCTGAT,6
GCGCTCCTGGTTGACT,6
GCGTACGGTTGATTCA,6
GCTAATGCAACTAAGG,6
GCTAATTGGTATCATT,6
GCTGAAACCTTACCTA,6
GGAAGGAGGCATTAAA,6
GGATAACGTAGTCGGA,6
GGATGCTTCACAATCG,6
GGCAGTTGATGGAAAA,6
GGCATGCATGGGACAA,6
GGCGCTGCGTCACGTA,6
GGCTTCTCTGCACTTG,6
GGGTCTTGAGACTCCA,6
GGTAGCTCATTAAAGA,6
GGTTACACACTACAAA,6
GTACATCCGATTAACA,6
GTACGCCAAAAACACA,6
GTATGACAGAAAGTGC,6
GTATTACACAATCTCA,6
GTCAAGTGGTGAAGTA,6
GTCCCAATAGGGCTTG,6
GTCCGTTTCATAACCC,6
GTCGTATTTTAAAAAA,6
GTCTAGGTAGGACACA,6
GTGAAATGTCTAAAAC,6
GTGATCCATAACACCA,6
GTGGTACGCGAAAAGT,6
GTGTACCATCGAGAAA,6
GTTAATGGTCCCCCCA,6
GTTACAGATCTCACGC,6
GTTCAATTACTCCATA,6
GTTCATAGAACTAAGG,6
GTTCCGAATGAAAAGC,6
GTTGTACTCCGATAAG,6
GTTTACAACAATCCCT,6
GTTTTACTCACTTCAA,6
GTTTTAGAAATTGAAA,6
TAAAAATTCGTTAATA,6
TAAAGGAAATCCGTGT,6
TAACAACAACCACAAA,6
TAAGAAAGGTTCATAC,6
TAAGCAAGCTTTCAAA,6
TAAGCTCAACTTAATA,6
TAAGGAAAATTCATAG,6
TAAGTAAGGTTAAAAT,6
TAATACTGCAACTAGG,6
TAATCGAATAAGAACT,6
TACAAGTCCCATTTGT,6
TACAATAATCTTCGTC,6
TACAATCAACAAATAT,6
TACATCCTCGTCAGCG,6
TACCCTACAACTCAGG,6
TACCGAGAGCCCCTAT,6
TACCGATAAAATGTAC,6
TACCGGTCTTGCGCCT,6
TACGAGGGGTTCAGGA,6
TACGTGTCATAAAAGG,6
TACTGGAAATTTCTCT,6
TAGAACAGATGAGTGG,6
TAGACCAACAAGAGTT,6
TAGATAATCAGCACAA,6
TAGATAGTAGGCAAGT,6
TAGCGAGATAACCACT,6
TAGCTTCTGAGTAGCG,6
TAGGCACACTAAACGA,6
TAGTTATACAGTAATC,6
TATACAGTGCATACTT,6
TATCTTATCAGTCCCC,6
TATGAGATGCCTATAA,6
TATGCGCCAACTATGG,6
TATGGGACGAAGATAG,6
TATTAGAATCCAAAAT,6
TATTCACACCCCCCTA,6
TATTTATTAGGATCAT,6
TATTTGGCAGGCTATT,6
TATTTTCGATAACCAA,6
TCAAAACCCATCTAAT,6
TCAACCAAACACTTAC,6
TCAACCTGGTTTTAAC,6
TCAAGAAAAACGACCC,6
TCAAGGTATTATTCAG,6
TCAATCAACAACCAGA,6
TCAATTGTTTAGCTCG,6
TCACAAGGTAACGAGA,6
TCACGCTGTTTGAATA,6
TCACTAATTATAAGGC,6
TCACTTATAGCACAAC,6
TCAGATGATACGATAC,6
TCAGCAGCCCCAAAAC,6
TCAGCGAATGACTGGA,6
TCATTGCGCAGGCAAA,6
TCCAACGAGTTGTAAA,6
TCCACCCCTATCCCAA,6
TCCAGATAAAGAGAAG,6
TCCAGTTATAATATTT,6
TCCATGAAAAAAAAAT,6
TCCCAGAACACAAAAA,6
TCCCAGGTCAATTGTC,6
TCCGAAGTTGTACAAA,6
TCCTAACCCAGTCCAC,6
TCCTCAATCCATATAC,6
TCGCCAATGTCGACAA,6
TCGTGAATGATTGTAC,6
TCTAAACTTAACCTCT,6
TCTCCAATAAGAGATT,6
TCTCCAATGACCTGAT,6
TCTTTAAAATTATCGA,6
TGAAAAAGAGCGGTCA,6
TGAAACATCTGCACAA,6
TGAAACTTTGTTATAG,6
TGAATCTAAACTAACG,6
TGACAATACTGAAAAA,6
TGACACAAAATCGAAA,6
TGACAGATGGGTATAT,6
TGACGGATATTATGAC,6
TGACGTGAACGAAGTA,6
TGAGTGCTCCCTCCCT,6
TGAGTTGACCCCGCAC,6
TGATAATTATGTTGGG,6
TGATCGCGAATTAGAA,6
TGCAACACATACGGCC,6
TGCACCTTCGAGCTAA,6
TGCAGACCTTTTAAAA,6
TGCCCGAAGTTTGCAC,6
TGCTAACCAAAGTTAC,6
TGCTCAATTACCTCAT,6
TGCTTCCACATCAATG,6
TGGAATACCGCGAGCC,6
TGTACTGCATACAGAG,6
TGTCCCATAGCATTAA,6
TGTCGCCCGCACAAGC,6
TGTGACAATTTCCACG,6
TGTTTAATACCAAAAT,6
TTAAACACAAATCCAT,6
TTACAGTATGTCATGA,6
TTACCACCAATATACT,6
TTACTTCATTCAACGC,6
TTACTTCGTGCCAACA,6
TTACTTGAGTCCCACA,6
TTAGAAACTATTACAC,6
TTAGAAATTAAGACTG,6
TTAGAACAGGTTTCAT,6
TTAGTCATAATACATA,6
TTATACGCATATTTCG,6
TTCACAAATGGGACTA,6
TTCCTAGGAGCCCTCA,6
TTCGAGCCTGGGCAAT,6
TTCGATTGTAAAGAGT,6
TTCGCCGTTCGTTTCC,6
TTCGTAATACGAGAAA,6
TTCTGCTAGATGGAGT,6
TTGAGACTTAATGCGC,6
TTGATGATACTTTAAA,6
TTGCCGGGTACGCTAA,6
TTGGATAAGTCGTAAG,6
TTGGTTCAATTCACAC,6
TTGTCCGTTTGAAATT,6
TTGTTACTCACATATG,6
TTTAAAGGCGAATTCA,6
TTTAACCAACTGTGCA,6
TTTACCTAGCTTGCAA,6
TTTACGTACGCTTGAC,6
TTTATGCCCTTATCTT,6
TTTCCTTTCCTCACGA,6
TTTCGGTGGTGCTGAG,6
TTTCGTACCGAAATGA,6
TTTGATACTAAATTAT,6
TTTGGCGATCCTCCAA,6
TTTTTTAAGCAGGGTC,6
AAAAACGGTCTAAACG,5
AAAAACTCCGACCCAC,5
AAAAAGCTGCAGGTCA,5
AAAACACGCCACCGCA,5
AAAACAGCAATTTAAT,5
AAAACCCTTGCGAACA,5
AAAATGGATTTTATAC,5
AAAATTTACAATTGCT,5
AAACAGTTAAAGACCA,5
AAACCAACTCGGGACA,5
AAACCAATAACGATAA,5
AAACCACTAGCGAAAC,5
AAACGCTGAGGCAAAA,5
AAAGATCGGCAAAGTA,5
AAAGCGGCTATGTCAT,5
AAAGGCGAACCACGTG,5
AAAGTTAGGAATTGAC,5
AAATGATTACACACAC,5
AAATGCATCCTCTATC,5
AAATGCCAACCAACCG,5
AAATGCTATCTCAGTC,5
AAATGGACTGGCTCTC,5
AAATTCAAACGACTAG,5
AAATTTAGCAATACAA,5
AACAAAATTTCCAAAC,5
AACAAACACTGTGATA,5
AACAAAGATCCACCTA,5
AACAAATCAGCGTCCC,5
AACAATCCCTATCATT,5
AACACAAGACAGGATA,5
AACACATTATTTGACA,5
AACAGATTAGACAACC,5
AACAGCAACTGGATGA,5
AACATATAAAAAATCT,5
AACCAATTGCATCAAC,5
AACCAGTACACTTGCA,5
AACCATACCATAGGAT,5
AACCGATAAACACACC,5
AACCGCCACAGACCCT,5
AACCGGTATCGCCACC,5
AACCTCCAAACGGTAA,5
AACCTGCGCAACCGTA,5
AACGAATCGGAGAGTG,5
AACGAGGTGTCTGTTC,5
AACGCTGTTAGCGGCC,5
AACGGATAAAAAATAC,5
AACGGTCTACAGGGTC,5
AACGTGTCGACACGCA,5
AACTAAAACCCCTAAC,5
AACTAGCAACCCGTTT,5
AACTGACGTCAGAGTA,5
AACTTAATTCTAGCAT,5
AAGAATATGAATATTA,5
AAGACCGTTCGAATAA,5
AAGAGAGAGTAGCCTT,5
AAGATCTTCCCAAGTC,5
AAGATTTATTCCCGAT,5
AAGCAAGATATACTTT,5
AAGCGTCTTACAATAG,5
AAGCTTGACTGCGACT,5
AAGGACCAATCTTTAA,5
AAGGGCTCTGAACTGA,5
AAGTAAGACCAGCCTG,5
AAGTAGATCGCTCCTT,5
AAGTAGTCAATTAGCG,5
AAGTCCAACTCACAGG,5
AAGTGAAACCATCTCG,5
AAGTTCACAAGTAACT,5
AAGTTCAGATTGACAT,5
AAGTTGGGGACGGAAG,5
AATAAAAAAGACATTA,5
AATAAAACCATTGACA,5
AATAAGACGCAACCTA,5
AATAAGCCGTGTGGGG,5
AATACCCATAATGAAC,5
AATAGTGACCTACAGG,5
AATCACTGCTAGAAGC,5
AATCCAGGCAGCAAGT,5
AATCCAGTGAGCACTG,5
AATGCAAAGGCTTTGC,5
AATGGAGCGGGTTCAA,5
AATGTGTTTCTCGTTT,5
AATTCAAACCTCCGTT,5
AATTCAACTGCCCTTT,5
AATTGACCAACACAGG,5
AATTGATAGAAATCGG,5
AATTGATGCATTATTT,5
AATTGGATCAAGCAGT,5
AATTTCTTGGCACACG,5
AATTTGTATTAAATTA,5
ACAAAACCAAATTCAA,5
ACAAATATAACTGAAA,5
ACAACGATACCGAGAA,5
ACAACGGTGATCAAAC,5
ACAAGAATCCCCTAGT,5
ACACATGATTTTAACC,5
ACACCGTCCCGCCGGA,5
ACACGGCATAGCCCAA,5
ACACTAGCGGGGTATC,5
ACACTTGAGGACACTA,5
ACAGTCGGGATGAAAA,5
ACAGTGCAAGTCCCAT,5
ACATAACGCGATTGTC,5
ACATAGGGAGAATAAG,5
ACCAAAGTAAAAACTG,5
ACCAAGAGGAAGAGTC,5
ACCACGGGACATGATT,5
ACCCAGGAGGCCGTCA,5
ACCGGCAATAGGGATT,5
ACCGTAGAGCGAAACA,5
ACCTACAGGGTAACCT,5
ACCTCGCATACCCTTC,5
ACCTTAACAATTAAGA,5
ACCTTTCATGCAAATT,5
ACGATTATTTTGTGTT,5
ACGATTCGTAACAGCA,5
ACGCTACGTACAGCTG,5
ACGCTATTAAAAATCA,5
ACGTACCAAGTACACA,5
ACGTCATGATCTCACT,5
ACTAAAAAAATAGATA,5
ACTAAAATAACTTTTC,5
ACTACGATCCATCTTT,5
ACTACGTCCACTTACC,5
ACTAGTCGGAGTGCGC,5
ACTCATATAAGCCAAA,5
ACTCCTTTACGTGATA,5
ACTGCGCAAATCAGTT,5
ACTTCTGATAGTTCGC,5
AGAACACAATTCTTAC,5
AGAACTAAGAAATACC,5
AGAACTCAGGGTGATC,5
AGAACTTTCAGAAGGA,5
AGAAGAACGAACGTAA,5
AGAATCATCAGATATG,5
AGAATTGCGAGGAAGA,5
AGAGAACACGGCACGA,5
AGAGAATAAACATTGA,5
AGAGGAGTTAGTCAAC,5
AGATAGGCTCATCCTT,5
AGATATACCCAGACTC,5
AGATGGTATATCATAA,5
AGCAAACTTTAATGCA,5
AGCCACTTACACCAAG,5
AGCGAGTTAGGTTGCT,5
AGCGCACACTAAAATA,5
AGCTAGTGGACTAGTT,5
AGCTATTGCTGACCCC,5
AGCTTTAATCATATTA,5
AGGAATTAAACGAGAT,5
AGGAGAAAGCAGTAAA,5
AGGCATGAGGCCTCAA,5
AGGCCTTATTGCCGCG,5
AGGCTTTGTAAGTCGC,5
AGGGCCCTGTGCAATC,5
AGGGTAATACCCTGAA,5
AGTAGAGCTGTTACGT,5
AGTAGCCAAAACGAAC,5
AGTATGACGAGTTCTA,5
AGTCATAGTGGAGAAA,5
AGTCGCTCTACTATAA,5
AGTCTGTAGCCTAGAT,5
AGTGAAAAATCTCTAA,5
AGTGATCTTAACTTTA,5
AGTGCCCGTAGGAGTG,5
AGTTAATGGCTACTCA,5
AGTTCGCGCACCAATT,5
AGTTGAAAAACAAACC,5
ATAAAAACTCGTAGCA,5
ATAAAAATTAACATGA,5
ATAAAACACCATGTCA,5
ATAAAATGCGACCTAT,5
ATAAATAAAGGTACAT,5
ATAACAATGAAGCTGA,5
ATAACGCTAAATGGAC,5
ATAACGGATCATATGA,5
ATAAGAGATTTCAGTA,5
ATAAGGACATCCATCA,5
ATACAGTAGCAACTGC,5
ATACAGTCGCCAACCG,5
ATACCGATTTTCCTTG,5
ATACCTGATACAACCA,5
ATACTAAGGCATCATT,5
ATACTATGGGAACCCC,5
ATACTATTTCCGGGAA,5
ATACTCCGACATAACC,5
ATACTGCTCCATAAAC,5
ATACTTATAGGCTCAA,5
ATAGAAAACCGAAAAT,5
ATAGAAGATGCCTATC,5
ATAGATTGCCCCATTT,5
ATAGCCTTCATACACG,5
ATAGTCAAAAATGATG,5
ATATAAAATATACAGG,5
ATATAATTTCTTTTGA,5
ATATAGGAGGATCAAT,5
ATATGGCACCCTTAAC,5
ATATTTCTATACTAAG,5
ATCAATCGAGAATGAT,5
ATCATTCCACTCTGTT,5
ATCATTTTGGATCACT,5
ATCCAAACTAAAACGA,5
ATCCATGAGTGTGTAA,5
ATCCCCCCGCACGTGG,5
ATCCGATAAGCAGATA,5
ATCCGATACACTAAAT,5
ATCCTAACTCAACATC,5
ATCCTCCAAAATTTAC,5
ATCCTGCAAGAGAGTG,5
ATCCTTTGCAAGCACT,5
ATCGATGCCGTCGACA,5
ATCGCACAAAGTTCAT,5
ATCGGAAACTTTCAAG,5
ATCTGATTACGTAGTG,5
ATGACTTTTTATTGAC,5
ATGAGGTCTGAATCAA,5
ATGATAACCCCTCAAT,5
ATGCATGCAAGCACAT,5
ATGGCCTACGCTGGAT,5
ATGGCTGAACTACCCC,5
ATGGTACGCTCAAATG,5
ATGTAAATGTACTATG,5
ATGTCACTCAACCGAG,5
ATTAAACCAGACTCAC,5
ATTAAATTTAATAGGA,5
ATTACTCTGAGAATAA,5
ATTAGTTAATACAACG,5
ATTATCTGCATCTACT,5
ATTCCCTACAAAGTTA,5
ATTCTAATATCCAAAC,5
ATTGACATCAACAACC,5
ATTGATGCACATAGTT,5
ATTGCACGTACTAAAG,5
ATTGCAGCTGAAAGAT,5
ATTGGAACTAAATATA,5
ATTGGACGAACTAAAA,5
ATTGGGATCCTATCAA,5
ATTGTCCTGTAACATT,5
ATTGTTAACATAACAG,5
ATTTACTAAAAATGAA,5
ATTTCACTAGCCAAGA,5
ATTTCATCACTCAACT,5
ATTTCCAGAATCATTA,5
ATTTCGATGTATCACT,5
CAAAAAGAACAAAATT,5
CAAAATTCAATCAGGC,5
CAAATTCTACTCAATT,5
CAACGATCGGTCTCCC,5
CAAGAACGCTGATCAT,5
CAAGCCATCTGGATCT,5
CAAGTGGTTGTAACAT,5
CAATACATGATATATT,5
CAATAGGCGTTATATC,5
CAATCGATATGAAATA,5
CACAGACCTCTTCAGG,5
CACATAGATTTGTCGA,5
CACCACCGCGTTCATA,5
CACCCTCTCAAAAACG,5
CACCGTACATGGAACT,5
CACGAGGCACAAAACG,5
CACGTAGACTGATAAT,5
CACTAAACATACAATC,5
CACTATCGGCACATAA,5
CACTCAATCAGACCAA,5
CAGAACATTATATATA,5
CAGATGCTTGAGGTGG,5
CAGGACTCCTTTCTAT,5
CAGGCTGTTTCCCTGA,5
CAGTAGACCAGTAAAC,5
CAGTGCTAAATTCAAT,5
CAGTTAAACGTAGCTG,5
CATAAAGACCCTGTAG,5
CATACAACCTGACATT,5
CATACTATTAGCCAGA,5
CATAGAACAGTACCCA,5
CATAGATTTCTCATGA,5
CATATCAAAACTGCAT,5
CATCAGCAAATTACCC,5
CATCATGCAAATTTTA,5
CATCTCTTCTAGTTAT,5
CATGCGCAGACGCCCC,5
CATTAACTATAGCTCA,5
CATTAATACCAGCTAG,5
CATTATCATATAATCC,5
CATTCATAAATTAAAG,5
CATTCATTACATCTAA,5
CCAAAAATCCCGATGA,5
CCAAAGTCAAATAGTC,5
CCAAATAAGACCAATA,5
CCAATACGTACCGATT,5
CCAATGAGAAATAACC,5
CCACAAATAGGTTCAA,5
CCAGAAGAGACCTTAC,5
CCATAATCATCTATTC,5
CCATCATAAATAAATT,5
CCATCCGCGTTATCTA,5
CCATCTCACAAGTCTC,5
CCATGGATGTCTCTAC,5
CCATTAAATAAGCCAC,5
CCCAACTAATACTTGA,5
CCCACCTGCAACGAAT,5
CCCAGTGAATAACAAA,5
CCCCAATGAGTTAAAA,5
CCCCCATAACAAACAT,5
CCCCTCAAAAACTCAG,5
CCCGACAAATACGACG,5
CCCGCATATTCTGTCC,5
CCCTAACGCGTACCCA,5
CCCTATTCATATACCG,5
CCGAAATGACAATCAA,5
CCGAACATGTCTCTAA,5
CCGACGATGAACACAA,5
CCGAGCATGATCTATG,5
CCGGATGAAATCAAAT,5
CCGTAAGCACATTTTA,5
CCGTCTGCATCCATTT,5
CCGTGAATAAGAACCA,5
CCGTGAATACCTCCGC,5
CCGTTCAGGTTAACCA,5
CCTAAGCGCGTACCGC,5
CCTACCCCGCCATCAC,5
CCTACTATGTGCTTTG,5
CCTAGCCACAATTCAA,5
CCTATTCGGAACACCA,5
CCTCTGCGCCGCTGGA,5
CCTGTACCCTATCTCC,5
CCTTACATCGAAAACA,5
CCTTGACAATACAAAA,5
CCTTGGAGAACAAGGT,5
CCTTTGCGACACGGCG,5
CGAAATAACCGTTACG,5
CGAAATCTAACTTCTC,5
CGAACGAGACTAAACA,5
CGAAGTATCAGAGTTA,5
CGAATGGCAACCCAGA,5
CGAATGTTAGTACCAA,5
CGACAAAGCCATTTAT,5
CGAGTCAGGAAACACA,5
CGAGTCGCAAATCCTT,5
CGAGTGTATGATCCAA,5
CGATGTGTTCCAATAA,5
CGATGTTTAACATATA,5
CGATTCACAATAAGCC,5
CGCAGTTATCGCGCCC,5
CGCATTGCCTGAACCC,5
CGCCCCCTTTCTCATT,5
CGCGAGCCATAATAAG,5
CGCGGATTGAAGTCAC,5
CGGCAACACCTTCACA,5
CGGCCCGCAGAAAGAT,5
CGGTACAATACTCACC,5
CGGTTAATCCACGAAA,5
CGTATCACACACAAAA,5
CGTCCTGGAGACGTCT,5
CGTGGACCATTTTAAA,5
CGTGTTCCAAGACCCG,5
CGTTACAATTTAAATC,5
CGTTGATGAAATGATT,5
CTAAACCCGCCAACCA,5
CTAAACTGCAGCCTCA,5
CTAAGACTTAGATTTT,5
CTACAAACTGCCCTGT,5
CTACACCCAAAACTGT,5
CTACGTCCAGAACTGA,5
CTAGCTTTGCTAAAAT,5
CTATAAATATCATGGA,5
CTATAGAATCTAAGTT,5
CTATCTAAGTGCAAAT,5
CTCAATTATCTCCAAT,5
CTCATTCGTCTTTTCC,5
CTCCACTCTAGCTAAC,5
CTCGCTAGTCGATTCA,5
CTCTCCCCAGTTAGAA,5
CTCTCCCGCTACAAAA,5
CTCTGACTTTACTTAA,5
CTCTGTGGCACGTTAT,5
CTCTTAAACCGATAAC,5
CTCTTTTTATCGCAAC,5
CTGAACGGTAACAGAA,5
CTGATACTATTAAAGC,5
CTGATTTCTTATAAAA,5
CTGGAACAACCTCACA,5
CTGTAGCAAAGACAAT,5
CTGTCAAACTCCTACC,5
CTGTCCAGAACTAAGG,5
CTTCCTTGACCAACTA,5
CTTCGAAGAAAACGAA,5
CTTGAACTAGATAACT,5
CTTGCGAACTACAAAA,5
CTTTACCAGTCTTATG,5
CTTTATCAACGCGCCA,5
CTTTCACTAAAGAAGA,5
CTTTTCATCTCGGGCG,5
CTTTTCTACAGCACAA,5
GAAAAATATCATATCA,5
GAAAACTAATTATCGC,5
GAAACACATAAATCAG,5
GAAACACTATGCACAA,5
GAAACCTAATCCATAC,5
GAAATGGAACATAACC,5
GAACGCCCTTTTTTGG,5
GAACTATAGTTGTGCT,5
GAACTATTTTTCAATA,5
GAAGAAGTCTCCAAAC,5
GAAGACAAGCGAAATC,5
GAAGCATGCCGCTGCT,5
GAAGGTGAACAATTAG,5
GAAGTTACACACATAA,5
GAATAAGGCACGTACG,5
GAATGCAGCTTGTCCA,5
GAATTGGCACTTGCGA,5
GACAAATCAGGGAAGA,5
GACAACCGAATTATGC,5
GACACACATATTGTCA,5
GACACTTCCATGAGAA,5
GACAGTCAATACCAAG,5
GACATAATAACTCCGG,5
GACATGTTAGCTCATA,5
GACCAAAACGTTAACA,5
GACCCAGATAAGACTC,5
GACGATACGTAAATAC,5
GACGTCAACCAAGGCC,5
GACTCAACATGCTTTA,5
GACTCTGTAGTCGGTC,5
GACTGGCATTAAAGCT,5
GACTTGCCACTTGTCA,5
GAGATCCAATGAACGG,5
GAGATCTATAGTGAAT,5
GAGCTAAAACTAATGT,5
GAGTGAGCTCTCATGT,5
GATAAAGTGTCCAATT,5
GATATAAATCAATCTT,5
GATATCGGCTTTCAGG,5
GATCAACAATGTATAG,5
GATCACTCCTAGAGAA,5
GATCCTCAAATCCATC,5
GATCGTATCTTATAGA,5
GATGTAGGTGCGGACA,5
GATTATTGAGCCTATT,5
GATTGACGTAACGAAA,5
GATTGTCTGAGTTCAC,5
GATTTCGATTCGACCG,5
GCAACTAATCAAAACG,5
GCAGAATCGAGAGTAC,5
GCATATAAACCGCTGA,5
GCATCACTGTATAATA,5
GCATTAACGTTACCGG,5
GCCACAGGGAGTAGAC,5
GCCATACGTGGGGGAA,5
GCCCCTAATGCCCAGC,5
GCCCGAGCGTACACAA,5
GCCGACTGATAAAAAA,5
GCCGGGAGAATAACCC,5
GCCGGTACTTTCCAGA,5
GCCTAACTCATTAACA,5
GCGAAAATTAACAACA,5
GCGAAACGCGCCCTCC,5
GCGAAATTAAAAAAGA,5
GCGCAGGATGCTTATA,5
GCGCGTGTTAAGCTAA,5
GCGGAACAGATGTTTA,5
GCGTAAAAACGATCAG,5
GCGTCCCAGATAAAAA,5
GCGTTCTGTATAAATG,5
GCTAAAAACTTACCAA,5
GCTAACCACTTAACCA,5
GCTAATTACATCCGCG,5
GCTATAAAACTGCAAA,5
GCTATCACCTTGTATA,5
GCTCAAAAACACACAA,5
GCTCAGGAAACAGAAT,5
GCTCTTACACCGCAGC,5
GCTGTATGTATTGGTC,5
GGACATACCTTACGAT,5
GGAGATCCGTGGTTTA,5
GGATAATATAACTGTC,5
GGATAGCCTTCCAAGC,5
GGCACTCGCCGCTAAC,5
GGCAGAGCCGAGAAAG,5
GGGAACTGAAACCTTT,5
GGGACTTATGGAACCA,5
GGGGAATTCCTACGGT,5
GGGTAAAAAACCAAAC,5
GGTAAAGAATATTCGA,5
GGTACTCCAACCAGAG,5
GGTAGCATCAAAGAAA,5
GGTATACACCACCCAC,5
GGTCGCCGACACGTAT,5
GGTTCTATAGTTCTTT,5
GGTTTGGATACTAAGT,5
GGTTTGGCGCGGCTGC,5
GTAAACACAATACATA,5
GTAAATCTCCGAACCA,5
GTAACTTGCGATGCTC,5
GTAAGACGCCAACAAT,5
GTAATACAAAGTAACA,5
GTAGAGTTGTATCTTG,5
GTAGATTCTACATTGG,5
GTAGTTGACATCCCCA,5
GTATTGTTGACGGAGT,5
GTATTTGTACATTAGG,5
GTCAATCTTTCCCACA,5
GTCAGCCGCAAGTCCC,5
GTCCGGAAGAGATTAA,5
GTCGATCCAGGGACAA,5
GTCTGCTGAATAGTCA,5
GTCTGGGTATACTCCA,5
GTCTTCACGAGTAGGC,5
GTGAATACATTAAGGC,5
GTGAATTAGACAGGAA,5
GTGATCGCTCCAAGAT,5
GTTAACAACTATTATA,5
GTTAAGTCTTCTTATG,5
GTTGGAGTATAATGCG,5
GTTGTAAAGAAAATGT,5
GTTTAAACTCAACTGA,5
GTTTATACACTGACGG,5
GTTTCGAAAGATCATA,5
TAAAAACCGGGGACAC,5
TAAACCAAATCAACAC,5
TAAAGGAGCTTCTACG,5
TAAATCCGGCGAGGCT,5
TAACAACGACAGGCTT,5
TAACACAAATCACAGA,5
TAACATGATCATTAGT,5
TAACCCGACCTACAAG,5
TAACGGTGCGATACCC,5
TAACTAGTGAACACAC,5
TAACTTAAATGAAACA,5
TAACTTGCATTGTGAC,5
TAAGCGAACTAATCAA,5
TAAGGGCACACGGTAA,5
TAAGTGCTTTCCGTTT,5
TAATATGGACATTTAG,5
TAATTCTGCAGCACAT,5
TACAAAACAAGAACTC,5
TACAAATACAAATAAA,5
TACAAGCCTGGTAGAT,5
TACAGCACACCAGCGA,5
TACCGGCTAAACCTCT,5
TACGCTTATTTAACTC,5
TACTAAAACAGACGAT,5
TACTAATGCAACCAGA,5
TACTAATGGAATGCGG,5
TACTATGGTTTAAACG,5
TACTGAACAATTACAA,5
TAGAAAAGGAATGGTC,5
TAGAACAAAAAAGCAA,5
TAGAACACACACATAA,5
TAGATACACCGATATC,5
TAGATCTTTCTCTATT,5
TAGCTAGTTGATCTTG,5
TAGGCAAATTGAGTTG,5
TAGGGAGATTCCAGTG,5
TAGGTGAAATTTTCAG,5
TAGTAAAGAGGCCATG,5
TATAATCATAACTCTC,5
TATACTATGATGTAGC,5
TATAGATACTGCATAT,5
TATAGGTGAGAGTTAG,5
TATCAAAATTTAAAAA,5
TATCAAGCCCGCAACT,5
TATCGACACGAGAGCT,5
TATCGACAGCCCTAAC,5
TATGAACGAATAAACA,5
TATGCCTCAGGAGGAT,5
TATGTCCCAAATTAGG,5
TATGTTATCATCTCAA,5
TATTACTACTTTAAGA,5
TATTCAGGGCGACAGA,5
TATTTCCAAAAAGTCT,5
TCAAATCCACTCCTAA,5
TCAATTCTCCCTGCAT,5
TCACTAAAAATGAAAA,5
TCACTAAAACTGCAAC,5
TCACTGCGACCGGATA,5
TCAGACGCGTCTAGTA,5
TCAGATAACTCTTCAA,5
TCAGATATTCTGTGAG,5
TCAGCTCATAAGCATA,5
TCAGGACAAGGCACAA,5
TCATAATATCTGGTTG,5
TCATTATGCTTCACAA,5
TCCAAATTCCATTATA,5
TCCACTAAGTGAAAGT,5
TCCAGACACATTAACC,5
TCCAGTAGTCTTAACT,5
TCCCCTCACCAATTAA,5
TCCCTTTAGTGACCAG,5
TCCGAAATTGCCGAAT,5
TCCGACATGGACTAAA,5
TCCGACGATCTCACCA,5
TCCTATAAGACTACTT,5
TCCTGGGAAAATTTAA,5
TCCTTTACCGGACGGT,5
TCGCGAGCTCAGCTAA,5
TCGGTAAAAATCTATT,5
TCGTCAATTTTTAAAA,5
TCTACGCTCTGGTAAC,5
TCTAGAAATAACCATC,5
TCTCAATAACCAAGCT,5
TCTCTAGAACAATCGC,5
TCTGAGGTCCCTACCC,5
TCTGATACGTATCCAG,5
TCTGCAATAGTTTCGT,5
TCTGCATAGATATCCA,5
TCTGGCATAAAGAAGA,5
TCTTAGACAAGAGAGA,5
TCTTCTCAAAACAGAG,5
TCTTGACCCGTGAGTG,5
TCTTGCCGAGACATAG,5
TCTTTATGGAAATGAA,5
TGAAACACCATACCCC,5
TGAACCGATCTCAATA,5
TGAATCGCACGAACTT,5
TGACAGCTCATTCCTC,5
TGACCCCTTGCAGATA,5
TGACCGTCTTGTTCGG,5
TGACGTACGACTTCAT,5
TGAGGAACTTAATAAC,5
TGAGTAAACCCTTATT,5
TGAGTACCCGGCCATC,5
TGCAAAGATGACAATC,5
TGCACATGACATGGTA,5
TGCAGTCAATCCACAG,5
TGCATAAAACAAGAAT,5
TGCATGTAAAACCCAA,5
TGCCAGAACTATCATA,5
TGCCTACGGTGACATT,5
TGCGATAGACTGAACA,5
TGCTAAAGAAATTAGA,5
TGCTCAAACTGAGAAC,5
TGCTTGCACATTCAAC,5
TGGAAAGTAACCGCAA,5
TGGAATTTAGGTTCTA,5
TGGAGACATCATCCAG,5
TGGGAAAGCTTCTGCC,5
TGGGGAACTTTGCGAA,5
TGTAAAAATTGCACTT,5
TGTAATTGGGGAACGA,5
TGTACGAAGGGTAGAA,5
TGTCGACAAGCAGCTG,5
TGTGAAAACCCAAACG,5
TGTGACACCGGGTCTG,5
TGTGAGCCTCACTAAT,5
TGTTACTGTAGCCGAT,5
TGTTATTACATAAATC,5
TGTTCCTCCCTTACCG,5
TTAAAACGGACCTTTC,5
TTAAACGAACGGTTAT,5
TTAAGTGGACATGTTA,5
TTACACTCCAAACCCC,5
TTACGAAAACGGGTTA,5
TTACGGAGAAAACGTA,5
TTACGGATTACCGAAA,5
TTAGCACTTGCACTAA,5
TTATAAATACCAACTG,5
TTATAAGGCCGGAGGT,5
TTATAATCGGACTCTT,5
TTATATAACCCACGAT,5
TTATCAACCCATCAAG,5
TTATCTCATATTCTAT,5
TTATTCTGTGATGGAG,5
TTCAACAACATTAAAC,5
TTCACAATAACATTCC,5
TTCAGTCATGTCATTA,5
TTCATGCATCCCCACG,5
TTCATTACGATTGTTT,5
TTCCAAACAAAATAAT,5
TTCCGGGCTGAAAAGG,5
TTCTACTTATGCCATT,5
TTCTTCATTCCCAGCC,5
TTCTTCTAGGTGCACC,5
TTGAAGTTGGACTGAA,5
TTGAATAGACTTCCCA,5
TTGAGCAGGATGGTGG,5
TTGAGCCACAAAAGAG,5
TTGATAGTAAACTGAG,5
TTGATGACTAAACCTA,5
TTGCACGGTGTCGCTC,5
TTGGATAATCAAAATC,5
TTGGCTGAACAACTGG,5
TTGGGATACCCCCAAT,5
TTGGGTAGCGACTTTT,5
TTGTACTCATATTGTA,5
TTGTCATAAGAAAAGT,5
TTTAACAATAGACCTT,5
TTTAATGCATGCCACA,5
TTTACAATAGGTCGGC,5
TTTACACCACATAACC,5
TTTACATCATCAGCGG,5
TTTCACGACCTAAGAA,5
TTTCATCATCTAGCCC,5
TTTGACATTAGCTGGT,5
TTTTCCCCATACCTTT,5
TTTTTCCCCAATTTCA,5
AAAAAATCCATTTAGC,4
AAAAACAAGATGTCGA,4
AAAAAGAAATAACGAA,4
AAAACAGTCCTTACCG,4
AAAACGATATGAATAC,4
AAAACGTTATACCTTG,4
AAAAGACTGTTACTCA,4
AAAAGCGACTAACCAC,4
AAAAGGCAGCAGTCCC,4
AAAAGGGCAATGATCC,4
AAAATATGTATAGCTA,4
AAAATCGCTCTATATA,4
AAAATCTAGCAGTTAT,4
AAACACGACCCGTCAC,4
AAACAGCATCCTGTCT,4
AAACGAAAGCTCATTA,4
AAACGACAGAAGACAT,4
AAACTAAGTAGTGAAA,4
AAACTCGTAACGCGCC,4
AAAGAACTCGAACAAG,4
AAAGAAGCATAGCCGA,4
AAAGATTTTTCGATAA,4
AAAGCAAAAGCCGTTC,4
AAAGCGTTCCATTAAG,4
AAAGGGTTAATTAAAA,4
AAAGTAAAACATCGTG,4
AAAGTGCTAACATACA,4
AAAGTGTTTGCCATAA,4
AAATAATACACTTAGC,4
AAATACAACCTAAAAG,4
AAATAGGAAAATTCAT,4
AAATCACCACAGTTAA,4
AAATCAGACGTTTTAG,4
AAATCGAATCTTCCGA,4
AAATGAGACCTCATGT,4
AAATGATCATAGTGTG,4
AAATGTAAGCATGAAC,4
AAATTGTTGGAGTACG,4
AACAAATAGCAAGCGA,4
AACAAATCACTTAAAA,4
AACACGGAATACGGGG,4
AACACGTGAGAATACT,4
AACACTGAACTTGGAC,4
AACAGAATTGTTCTAT,4
AACATAACATTAGCGC,4
AACATATAACTGCGAC,4
AACATCCTCATTTTAA,4
AACATTTCCGGCATTA,4
AACCAACATCTACGAT,4
AACCACCCGTAAAAAT,4
AACCCAAGGACTAAAG,4
AACCCACGCACAAACA,4
AACCGACCAAAGTGCT,4
AACCGCGTTTCAACAG,4
AACCGGACTGCTCCAT,4
AACCTAAGATATTATG,4
AACCTTTCATGAGTAA,4
AACGGTAAAATAGAAG,4
AACTAATCTTATGCTA,4
AACTACCGCACTGACG,4
AACTATAAGACCCGTT,4
AACTCAAAAACTTGTG,4
AACTCCACATCTTCTC,4
AACTCCACTTTGTAAC,4
AACTCTTTTACTTAAG,4
AACTGATTAATACTTG,4
AAGAAAGGCTGACTAA,4
AAGAAATTACACACTA,4
AAGAACCACAACACTT,4
AAGAACGTACCAGGAC,4
AAGAACTCCAGCACTA,4
AAGAATAGCGAACAGT,4
AAGATCCCTCGCAAAG,4
AAGATTCAGCATGTGC,4
AAGCCAAGCCTGACAT,4
AAGCCGAAAAAATTAA,4
AAGCCTCACAACGTAC,4
AAGCGACCAATCAGAA,4
AAGGGTGTAAGTATAA,4
AAGTACAAATGTGGTC,4
AAGTACTGTAACGAGG,4
AAGTATTTACGAACGT,4
AAGTGATTGCATTGGG,4
AAGTTACCTATGTAAC,4
AAGTTATAGTGGTCTG,4
AAGTTCAAGTTGAACA,4
AATAACGATATGTAGT,4
AATAACTTACTAGATT,4
AATAAGATGAAAGACT,4
AATAATATCGTTGCAT,4
AATAATGTAAAATATC,4
AATACAATAATAAAAA,4
AATACACACATTACCA,4
AATACATGAATGGTAG,4
AATAGGTCATAGCTCC,4
AATATACAAACAGTCA,4
AATATCGAAGATCCTG,4
AATATCTTGAGAGCGC,4
AATATTCAATGGTAAA,4
AATCAACCGCCAGTTA,4
AATCAAGAACGCAGTA,4
AATCAATCATGTAGAT,4
AATCATTAGATACCAG,4
AATCCGATAGATGATT,4
AATCGAACAAAAATAC,4
AATCTTTCAGAAGGAC,4
AATGATTAGTAGTAGA,4
AATGGCTACAATTACC,4
AATGTAACATCAGACT,4
AATTACACCCTTACGT,4
AATTCCTGATGAACCC,4
AATTGAAACAAAGGAG,4
AATTGAATAAACACAC,4
AATTGTATATTCTGAC,4
AATTTCATACGTGCGA,4
AATTTGAACAAAGGAA,4
AATTTGAGAGAAAAGG,4
ACAAAAGCATTATAGG,4
ACAAAATACAACCACA,4
ACAAAATACACTAAGG,4
ACAAAATACCCTGGAA,4
ACAAACCCGACCCAGG,4
ACAAATCTTCATAATA,4
ACAACCCTAAGCTCGT,4
ACAACTGTATGCCAAG,4
ACAATAAGCTAAACCA,4
ACAATACTACACTTAT,4
ACAATCTCCTGTTCTT,4
ACAATGATAAAAAAAC,4
ACAATGGACAAATAAC,4
ACAATTCATTATGAGC,4
ACACGTGAAGCTCGTG,4
ACACTGATAGGACACT,4
ACAGAACTAGCGACTT,4
ACAGATCATTAAATTA,4
ACAGCCAAAGAACCCG,4
ACAGTGATGCAAAAAT,4
ACAGTGGGGCCAATAT,4
ACAGTTAATCCGTATG,4
ACATAATCCATGACAT,4
ACATACGCTACTAAAG,4
ACATAGACACGATTCC,4
ACATATCCTATAGGTT,4
ACATATGCCTAATAGA,4
ACATCAGTACCTCTGA,4
ACATGTTACCTAAACA,4
ACATTGATTAACCTAA,4
ACATTGCTACTCAACC,4
ACCAAACAATTCAACA,4
ACCAAAGGCTCACCCA,4
ACCAACGATCAAAAAA,4
ACCAACGTCCATGGCA,4
ACCAGGGTCAAAACTC,4
ACCATAACAGCCATTC,4
ACCATATCAATAAAAA,4
ACCATATTGTAACGAA,4
ACCATCAAATGAGGCG,4
ACCCAGATATTTGCAA,4
ACCCATCCAAACATGC,4
ACCCTACATGGGTTGG,4
ACCCTCTTTAACACTA,4
ACCGACAGGCTTTGTC,4
ACCGCGAATACGACAC,4
ACCGGAAGCATCGATA,4
ACCGGATGACGCTTCT,4
ACCGTTTATACGAGGA,4
ACCTAAGACCCTGATA,4
ACCTACAGAAAGAGGA,4
ACCTAGGCAGGCGTTA,4
ACCTCATATTAACAAT,4
ACCTCTCAAGTCACAA,4
ACCTGGCATCATCCTC,4
ACCTGTCTGTATCCCA,4
ACCTTAAAACATTTTG,4
ACCTTTCCAATTATTC,4
ACGAAACATTATCTTA,4
ACGAAAGTCAATTAAA,4
ACGAATCCCCTTGATA,4
ACGAGATGGTCAGACG,4
ACGATATTCAAGCATT,4
ACGCACCACTCCGTTT,4
ACGCAGCAACTGCAAA,4
ACGCCACCTAATTGCA,4
ACGCCTGGCCAGGCTC,4
ACGCTTTGCGCGCAAG,4
ACGGACTACATGGAAT,4
ACGGAGATAACACCCA,4
ACGGAGCAAATGGAGA,4
ACGGATTTACTTATTC,4
ACGGTATCTACAATAG,4
ACGGTCACAAGCAAAG,4
ACGGTTGGTATCTCAG,4
ACGTAAGCAGAAGCAG,4
ACGTAGAAGACACAAC,4
ACGTATATCGAAATTT,4
ACGTCACTCTTGCCTG,4
ACGTCGTTACAAAAAA,4
ACGTGAGCACTCTTTA,4
ACGTTGAATCCAATAT,4
ACTAATACTGAAGTTT,4
ACTACATTCTGCTGAA,4
ACTACGTGTCAGAATT,4
ACTACTTACCCCATTA,4
ACTAGGTCGCGAATAC,4
ACTATATGTTAGCTAT,4
ACTATGACTTTACTAC,4
ACTATGCTGTGCAGTT,4
ACTCAAAAAGGAGCTA,4
ACTCCAGGTCACTCAA,4
ACTCGACAAGCATGGA,4
ACTGAAACTAAGCACT,4
ACTGACATACGTGAGC,4
ACTGAGAGTATCAACA,4
ACTGGCGATCTAAGCC,4
ACTGTACAATCCATAA,4
ACTGTCAACAAACAGG,4
ACTTAAAATGAATTCC,4
ACTTACAAAGACCCAA,4
ACTTCCGATGGAAAAA,4
ACTTCGGTCGCGACAA,4
ACTTGGTGGTCCGCGC,4
AGAAACAAGATAACCG,4
AGAACATCTCGTTAGA,4
AGAACTGATAAATATA,4
AGAATTTTCAATGCCT,4
AGACACTTATCAAATA,4
AGACATATAGCCATAA,4
AGACCGATAGTGTCTG,4
AGACCGGAGACGAATA,4
AGAGCGAAATTCGCTG,4
AGAGCGCGAAAGCCAG,4
AGAGCGTAGAGCACTA,4
AGAGGAAAAATAAACT,4
AGAGTAGAATTGACTT,4
AGAGTCAGTATAAATA,4
AGATAACCTGTAATTA,4
AGATATATCGTCGATA,4
AGATCCAGTTAATAAT,4
AGATCCGGGCGTAAGC,4
AGATGAATGCAAACGT,4
AGATGGCAACCATAAA,4
AGCAAAAATTCTGTAT,4
AGCAAACCGACCGAAT,4
AGCACCAAAATATTGA,4
AGCAGGTGACTAGGAC,4
AGCCACGAAATTATTT,4
AGCCCACATGAATTCA,4
AGCGAGGAATACATAG,4
AGCGAGTAATCCAACA,4
AGCGCAACACTCTTAC,4
AGCGCAAGGGACTTGA,4
AGCGCATCAAGAGCCA,4
AGCGCTCCTCCTCACC,4
AGCGGGATAGTAATTA,4
AGCGTGGATTCATTGC,4
AGGAAACCCCTTGTAA,4
AGGATAATGGGTTAAG,4
AGGATGCATGAGACAA,4
AGGATTAGTAGAATAT,4
AGGATTTCGAACTACT,4
AGGCATCCCAGGTGGT,4
AGGCCATTTCGCTCAT,4
AGGCTAAACCAATAAT,4
AGGGGGATGTCTACAG,4
AGGTAGCCACTGCGGT,4
AGGTCAGGATGAAGTA,4
AGGTGTTAAACAATTT,4
AGGTTACCCGACAATT,4
AGGTTTACATCTAACA,4
AGTAAAATAGGATCCG,4
AGTAACATCTATACAA,4
AGTAACTTACCTATCC,4
AGTAGACCAGTTATCA,4
AGTATAGTGACAGACA,4
AGTATTCAGGCAGAAC,4
AGTCAACTACCGCTAA,4
AGTCAATGTTTGTTCA,4
AGTCCAAATTAACGAG,4
AGTCCTAAAACTCATT,4
AGTCCTGGCCCAGCTA,4
AGTCTATCGTTAAGAA,4
AGTGAAAGACTCTACA,4
AGTGACAATGAATTTT,4
AGTGAGACTGAAACAT,4
AGTGCACAAGACAATA,4
AGTGGAGTACGAACTG,4
AGTTAGATTAACACTG,4
AGTTTTGCTACTTAAA,4
ATAAAGGTTTAAGGGG,4
ATAACCAAGTTTTTTA,4
ATAACGGTTGCAGATA,4
ATAACTACCAATTCTT,4
ATAAGAAACTCACAGT,4
ATAAGAACTTCCCAAT,4
ATAAGTCTATACCAAC,4
ATAATCATGGTTATAA,4
ATAATGAGCCTGATTC,4
ATAATGCCCTAAACGA,4
ATACAACAAATCAATA,4
ATACACAAAAGGACAA,4
ATACACACTTTCTACA,4
ATACACTTAAAAGAGA,4
ATACTGGCTGAAGTCG,4
ATAGAGCGGAGGACAG,4
ATAGAGTACCCAGCGC,4
ATAGCCACAAAGCCGA,4
ATAGGTATAGCCAATG,4
ATAGTCCCCCTACAAT,4
ATAGTTAGGCGTTAAG,4
ATATAAAAGGGGATGG,4
ATATACAGGAATAATA,4
ATATAGTAAGTTGTGA,4
ATATCGCAACGCAGTG,4
ATATGAGACAACAGCT,4
ATATGGTATGATATGT,4
ATATGTTATATGACCC,4
ATCAGAATAGACCTAA,4
ATCAGATATGATATCT,4
ATCAGATTATGAACGG,4
ATCAGTTCACACCTCT,4
ATCATCACTACCCTAG,4
ATCATCATGATGTAGA,4
ATCCATACTCACAACT,4
ATCCGATAACAGGCTT,4
ATCCGGAAGTGTATCG,4
ATCCGTCTACCTCTAC,4
ATCGAATAGACGTAAT,4
ATCGCCTAGCCCTTGT,4
ATCTATGGGCTTATAA,4
ATCTCCCCATGCAAGC,4
ATCTGCACAGAATACC,4
ATCTTGACTGCTCCAA,4
ATGAATGACATCGCGA,4
ATGACAGAACTATGAT,4
ATGACTCGACGAATTT,4
ATGACTTTGGCTCTTA,4
ATGATACAAAGGGTTA,4
ATGATATCATTCTGAA,4
ATGATCCGGCAAGGTT,4
ATGATCTTTGTCAACA,4
ATGCAATTGAAACTGT,4
ATGCACCTAAAATATT,4
ATGCCACCGGCCTTAT,4
ATGCCAGAAATTCTGC,4
ATGCCAGATTTTAAGC,4
ATGCCCATAATCTACC,4
ATGCGGATACAAAATG,4
ATGCTGACCTAATCGT,4
ATGGCACATTTCGCAT,4
ATGGCATAAATTGCAG,4
ATGGCTTCAAAGTGCC,4
ATGTAAGCGAAGCGCA,4
ATGTGACGTGTGAGAC,4
ATGTGTCAATGGGGAC,4
ATGTGTCCACATTGAT,4
ATGTGTGCACAGAACT,4
ATGTTACCCTTGGACC,4
ATGTTCCCAGAAAACC,4
ATTAAAACATCTCAAT,4
ATTAAGGCAACTGAGG,4
ATTAATATTCAATGTT,4
ATTAATCTCGAACGCG,4
ATTAATTACAAGAAGA,4
ATTACAGGAATGCTCA,4
ATTACCAAGCTGATCG,4
ATTACTAAAAGAGTAG,4
ATTATTGTTGAAAGTT,4
ATTCAAAAGCCAGTGT,4
ATTCGTTCTACAATCC,4
ATTCTAGAACTGATGA,4
ATTGATGTGTCAACCC,4
ATTGGGTATTAAATTA,4
ATTTACCAGGGTAGGT,4
ATTTACTGTAAAGTAC,4
ATTTCATCCCTAAGAT,4
ATTTTACGACAATAAA,4
CAAAAACCTGATGTAG,4
CAAAACCATGTATCCA,4
CAAAAGTATAAGTTGG,4
CAAAGCGCGCTAAAAA,4
CAAAGTAATACAGACA,4
CAAATTGACTATAACG,4
CAACACAGCAAGCCGG,4
CAACAGATTCTAACAT,4
CAACCATTGTACCTAT,4
CAACCCAGTGGAGATA,4
CAACCGCCACCCCCTA,4
CAACCGGGTATGGTAA,4
CAACCTCTGAAAAATG,4
CAACGATCAGTTAGCC,4
CAACGTATTTACACAT,4
CAACTTAACTATGCCT,4
CAACTTACTTAAACAT,4
CAAGACGGATAACGTT,4
CAAGCATTTCACCTCC,4
CAAGCGTCCCATCGAG,4
CAAGGCATACTAACGA,4
CAAGTCTCGACACCTA,4
CAAGTGCTTAAAAAAC,4
CAATAACCCGAAGAGT,4
CAATAATGTAACGATC,4
CAATGCCCCTCCCAAG,4
CACAAAGAGCCAAAGA,4
CACAAAGTATCGCAAT,4
CACAAGTCGAGAAGGA,4
CACAATGATCAGATAA,4
CACACACTAAGAAGCG,4
CACACCTGTACAGACA,4
CACACTCTCCAACATC,4
CACAGCATCCAATCAC,4
CACATCTCAAGCGGGA,4
CACCACCTGCACACAG,4
CACCAGATACCGACCA,4
CACCATACATTTCACA,4
CACCCAATATAGGACA,4
CACCCTGATAAAACAA,4
CACCCTTACCACTGCC,4
CACCTGACGGACATCG,4
CACGACCAGGAAACTC,4
CACGCACGGAAAACTT,4
CACGTGGACTGTGAAG,4
CACTATACGCTCGGGC,4
CACTATCGGGTCGAGT,4
CACTATGTTTGATTCA,4
CACTGCACATGTCAGA,4
CACTGTATCTCAAAAA,4
CACTGTCCAAGAATAC,4
CAGAACCACGGAACCC,4
CAGACTTGCCAGCCCA,4
CAGAGATGCTCATCCA,4
CAGCGTTGGAACCATT,4
CAGCTATCTGCAGAAC,4
CAGGAGCGTCGCGAAG,4
CAGGCCATGCCGTGAG,4
CAGGGAACTCAGTGAC,4
CAGTAAATACAAGAAT,4
CAGTAGATAAGCCGTC,4
CAGTCATTTATACCAA,4
CAGTTAAAAGGTCATT,4
CATAAAATACACGACG,4
CATAAAGCAAGACTAT,4
CATAAATAAAAACTAT,4
CATACAATTAATAAGG,4
CATACCCGTTGGGACC,4
CATACTAAGATAACCA,4
CATACTGGGATCACAC,4
CATAGCTACGTACGTC,4
CATAGTTAATCTATCC,4
CATATAAAAAAAGTAC,4
CATCATAAGGTTACGG,4
CATCCAGATGTACTAA,4
CATCGGTACATGAACT,4
CATCTACAAGAAAATA,4
CATGACGACCCCTCTC,4
CATGTAGCTCATACTA,4
CATGTCAAACGAACAC,4
CATGTCCCTGCATCTT,4
CATTAAAACTTACATC,4
CATTAATGCTTAATAG,4
CATTCACTTTCGTGGG,4
CCAAAAAGCTGTATAA,4
CCAAAATCATAAACCG,4
CCAAAGAAAGCGGTTA,4
CCAAAGTATCCCCATC,4
CCAAAGTTGGAGCAAC,4
CCAAATAATAGTACAA,4
CCAAATTGTAGGACGG,4
CCAACCCTGCTACTCC,4
CCAAGTCTGAGTAGTA,4
CCAATAGGAGATTGAA,4
CCAATCAACCCCGGCG,4
CCACACTAAAGTGTCA,4
CCACCGACATCCGAGT,4
CCACCTATTCTGTAGT,4
CCACGTCCAACCCTCG,4
CCAGAACTACAATAAC,4
CCAGATGATCGTAGTT,4
CCAGCTAAACAACAAG,4
CCATAATTTATCATAT,4
CCATAGTACAAAGACA,4
CCATATAATCCACCTG,4
CCATATACTATCGGCA,4
CCATCTACACCTTACC,4
CCATGACTACGCTGTA,4
CCATGTGATCATAGAT,4
CCATTCCAGATGGAGA,4
CCATTGTCCAGAAGCA,4
CCCAATATAGCTTAGG,4
CCCACTGCCCCAAGAC,4
CCCATTCACCTCTACA,4
CCCCACCGGGCCCTAA,4
CCCCATCAGATACCTC,4
CCCCCAAGTTCATGAG,4
CCCCCGAAACCCGGTT,4
CCCGAGTAAGACGCGC,4
CCCGTAAAGATTAAAA,4
CCCGTCACCGTCCAAA,4
CCCTCTCCACTAAGTC,4
CCCTTGTTGAGAATAA,4
CCCTTTTTCCTTGAAC,4
CCGAAAAACAAGAATC,4
CCGAACCAGTACAGAT,4
CCGACGGTGGAGACAA,4
CCGAGAAACAAAAAAT,4
CCGAGGCTTTCACCAA,4
CCGATTCTTGGAATGC,4
CCGATTTAAGTAATAC,4
CCGCACAATCACTATC,4
CCGGACATCGAACAAC,4
CCGTAACCGGGTCCCA,4
CCTAATGAAGCTGCTA,4
CCTAGAATATGCACAA,4
CCTATAGAACACGGGT,4
CCTCGCCATGTCCAGC,4
CCTCTAGAAATAACGG,4
CCTGACAGGATTCTGT,4
CCTGGGTTAGGTGTTT,4
CCTTAAAGTTAAAACA,4
CCTTAACACGGTAGAT,4
CCTTAAGACGAATCAG,4
CCTTATTTTAGTAGGT,4
CCTTCACCAAACGATA,4
CCTTCTAAGATTAATC,4
CCTTTCGTACCAATAG,4
CGAAAACTACAAATCC,4
CGAAAGGCTCAGACTT,4
CGAACGCTTGGTTACT,4
CGAACTCAAAACAAGG,4
CGAATTGAGTAAAAGA,4
CGACAAAGCAACAAAA,4
CGACAGTCCTCGATTG,4
CGACCAGTTCTTACCT,4
CGACGCGACCAGCAAT,4
CGACGGAACAAGTAAC,4
CGAGACTAGAACAGCC,4
CGAGCCTCAGTCCCAA,4
CGAGCTTTTATATTGT,4
CGATAAGAAGAAACGG,4
CGATCGTTAAGTTCAC,4
CGATTGGTTCATGTAG,4
CGATTTTATGCGAGCC,4
CGCATACCCTAAGGGT,4
CGCGCTATGATGTTAA,4
CGGAACCATCCCTAAT,4
CGGAGGGATTCCGCAA,4
CGGAGTAAGCAGTAAA,4
CGGATCTAGCCCACAA,4
CGGGATGAGCTTGTTT,4
CGGGTTCCGCATACTT,4
CGGTGGTGAGGAAACA,4
CGTAACAACACAAAAT,4
CGTAGATTAGAGTCCT,4
CGTATAAGTGTATGAC,4
CGTCAGTCGGATATAG,4
CGTCCTGCTGCAGACC,4
CGTGACGGAATACAGA,4
CGTGATCTGCTAAACC,4
CGTGCGGAGTAAAACG,4
CGTGCTCGGTCGCTCA,4
CGTTAAACTACAGTTC,4
CGTTATAGGTTGACAA,4
CGTTCCGCTTTAGGTG,4
CGTTTAAAGCCACATT,4
CTAAAACAAATTAAAG,4
CTAAATACATTGGCGG,4
CTAAATTTTAAGATGT,4
CTAACCAAGCCAGACC,4
CTAAGCTTAATCCTCA,4
CTAATCCATGGACATG,4
CTACCAACACCGCATA,4
CTACCATTACGTTTCA,4
CTACTACCCAGAGTGC,4
CTAGACGACTGCACCC,4
CTAGATAAACTGATAC,4
CTAGTAATCGACTCGC,4
CTAGTATCCAGAACAA,4
CTAGTCTAACCCGCAA,4
CTATATTATAAGGTTT,4
CTATCGTCACAAACAA,4
CTATGACATTCCCGGG,4
CTATGTATAACTAAGT,4
CTCAACTCTCAAATGA,4
CTCAGCTCTGCTAATG,4
CTCTAGTCCTTACGAT,4
CTCTCAAATACCGTGT,4
CTGAATCCTAACCACA,4
CTGAATGACAACATTA,4
CTGACCATACCGGATA,4
CTGATTAAAACGCGGT,4
CTGCCTTCAAATTATA,4
CTGCTAATTAACCCCA,4
CTGCTTCCTTATATAC,4
CTGGCTGCTAGGAATA,4
CTGTTGGTGATTTGTT,4
CTTAAACACTCACTCA,4
CTTAAACTGCATACAA,4
CTTACCGACCTTCAAG,4
CTTAGCCGCTTACGAC,4
CTTAGGTTTACAACAG,4
CTTATAATATCAAAGA,4
CTTATCTATGAATTTA,4
CTTATCTCCGCACAAG,4
CTTATTCTGTTGTGGG,4
CTTCAAAATAGTATTA,4
CTTCAAGCCTAGGTCA,4
CTTCAATACGATGCTT,4
CTTCAATAGGCTAAAA,4
CTTCTATTTATATTAC,4
CTTGAAGAGGGTTACA,4
CTTGACGGGTCTTATA,4
CTTGATAGCAACTAAC,4
CTTGATGACGGGCCAT,4
CTTGCAAATGTCTAGG,4
CTTGCAACCCATCTCC,4
CTTGCACCTGAAATTA,4
CTTGGACGGTGTTAAC,4
CTTGGCCTATTAACTA,4
CTTTACGATTACAAAG,4
CTTTACTGAAAAAGAG,4
CTTTACTTGAGGCCGC,4
CTTTCAAATCATACCC,4
CTTTCCAACGCTAGGT,4
CTTTCTGCAACGGATA,4
CTTTGTAAGCTTTACT,4
CTTTTACCAAAGGCTA,4
GAAACAATCAACTCTG,4
GAAACCTGTACTACTA,4
GAAAGAACAACAAAGG,4
GAAATAAAACCAAGAC,4
GAAATAGATGTTTGGA,4
GAAATATTCAGCAGCA,4
GAACAAATACCGGTAA,4
GAACCCCAGGTATGAT,4
GAACCGAATAGATTGC,4
GAACGCAACGAAATCG,4
GAAGAACAGACTATTG,4
GAAGAACTAACAAAGA,4
GAAGCAACGTCAGGTC,4
GAAGCAATCGCGTCAA,4
GAAGCCTCCACAATGA,4
GAAGGCAATATATTGT,4
GAAGTAAGTTAGTATA,4
GAAGTCAAGGGAACGG,4
GAAGTCAGACCATACT,4
GAAGTGAACAGCAGTT,4
GAAGTGAGCCGCCCCG,4
GAATCACTAGCCTAAT,4
GAATCCGACAATTTAA,4
GAATGCCATAAGGAAA,4
GAATGGTGGATAGCTC,4
GAATTATCCGTAACGC,4
GACAATATATCATAGG,4
GACACAAATGTGGTCT,4
GACACGACTAGAGTCC,4
GACAGGACTCTGCCAG,4
GACATAAATAGTACGT,4
GACATAAGAATAACAA,4
GACATGTGAACTACTT,4
GACCATTATTCGTACA,4
GACCCAACTGCCCAAA,4
GACCGACAACTGATTA,4
GACCTCTTCACGTTAT,4
GACGATTCCATACGTA,4
GACGCGAGGCGTCGAA,4
GACGCTACTGAGATCG,4
GACGGATAACAGCATA,4
GACGTCCACGCCGCAG,4
GACGTCCAGAGGAAAT,4
GACGTCTAACTATAAA,4
GACTAACTAAAATGAA,4
GACTCCCAATTTGAGT,4
GACTCTGAGTTTATGT,4
GACTTCATCTTATGTT,4
GAGAACATAATCCAAA,4
GAGAAGTGGACAGGAT,4
GAGAATAAGATACTTA,4
GAGAATATTTCTAATG,4
GAGACCAAGTGAAGAT,4
GAGATAGACCAATCCA,4
GAGATGACTGCTCTAA,4
GAGCCATACAAAATCA,4
GAGCCGACTCTACGTC,4
GAGCCGTATTGACAAT,4
GAGCTCATGGAATCAG,4
GAGCTCATTATGGTTT,4
GAGGAACCTCATGAGT,4
GAGGACTAAATAACAC,4
GAGGCTGCACCTACAA,4
GAGTGCAAGAACGCGT,4
GAGTTGCTTGTATAAC,4
GAGTTTCTATGCGTAT,4
GATAAACGGCGGATAT,4
GATAAACGTACCATCG,4
GATAACATATATCAAA,4
GATAACTGAGATGAAC,4
GATACAGAGCCTGGAC,4
GATACAGGTACTAGAT,4
GATAGACCAGAGTCCA,4
GATAGACCGAGGTCTT,4
GATATGTGCTAACTGG,4
GATCAATTCTTCAGCC,4
GATCACAATCATGCTG,4
GATGAACAATAGAAAA,4
GATGCTCGACACCCTC,4
GATTACTGACCAAACG,4
GATTACTGGACTTAAG,4
GATTGAACTTAAAAGA,4
GATTGCCTGATAACAC,4
GATTTCCAACGTAAAA,4
GCAAAATTTAATACCT,4
GCAAACGTAATTGACT,4
GCAACTATCGAGGGAA,4
GCAAGAAGAAATGCAC,4
GCAATCAACGAAGAAA,4
GCAATTCCCGACCCAA,4
GCACAAGAGTGATGAG,4
GCACAGATAATGTACC,4
GCACATGAGGCTTGAA,4
GCACATTGCATGCTTT,4
GCACCCTTCCCAAGGT,4
GCACGATTAAAGAAAA,4
GCACGCTTAAAGCATG,4
GCAGACACCTACAAGG,4
GCAGACATTAATGGCC,4
GCAGTATGTCAATAGG,4
GCAGTGAAAGCTTTAA,4
GCATACTGACGAGGAT,4
GCATCTCCAGGAGCAG,4
GCCAATAGCTGATTAC,4
GCCACGCGAAATATAC,4
GCCATACAGACCAACA,4
GCCATATGTATCTAAA,4
GCCATCAAAGATGCAA,4
GCCATTGAGATAAACC,4
GCCCCAAAAGAGAGGG,4
GCCCCCAAAAAGAAAC,4
GCCCGACTAACATCAG,4
GCCCTAAGAGCAAATT,4
GCCGAACATGTAAAGA,4
GCCGGCTTATATTAAC,4
GCCGGTGGATGCATCG,4
GCCGTATAAATTCATT,4
GCCTCCATTGCATAAG,4
GCGAACATTAAAGCTT,4
GCGATACGTATGACAG,4
GCGGAGTCACCCATCC,4
GCTAAATCGATCCCCA,4
GCTAAATGCACAGATA,4
GCTAGTCGCTGTTTTA,4
GCTATATTGAGAACAG,4
GCTATCACTAAAATCA,4
GCTATCCCAGTAGCAG,4
GCTATCCCTCTCGTAA,4
GCTATTTCTGACTCAG,4
GCTCACTTCTCCCCCA,4
GCTCCAGGCAGTACAC,4
GCTCCCCCTCGGCCCC,4
GCTGCCGGGTAAACTA,4
GCTGTCAACCCGACAA,4
GCTTAATTACAACCCC,4
GCTTCTCCGAATCTGA,4
GCTTTTCCGAAAATAC,4
GGAAACACGCAGGTCA,4
GGAAATCAGTCGATAA,4
GGAACCGGCCCTAAGC,4
GGAACTCTCCGACTTA,4
GGAAGAAGCGAAATGC,4
GGAAGATAAGCTTTCT,4
GGACAAAAACCCAGAG,4
GGACAAAGATATATGT,4
GGACAACGTTTTTGTT,4
GGACAATAAAAAGTCT,4
GGACCGTGCCAGTAAA,4
GGAGCTCTATATAATG,4
GGATCCCAACTCTATG,4
GGATCCGTCAAGAATA,4
GGATGGTGCGCAAGCT,4
GGCAGAAGAAACGCAT,4
GGCCAGATTTTACAAC,4
GGCCGGTTAGATAGTG,4
GGCTACAGATCGGCTT,4
GGCTCGACTGACTTTC,4
GGCTGGGCCCTTATGT,4
GGCTGTCCCATGGGCT,4
GGGAACGAAGCAACAC,4
GGGAATTAACAGCACT,4
GGGAATTTACACACAT,4
GGGACTTAACCTAAAC,4
GGGAGAATCCTTAAAC,4
GGGATTGAGGACCCTA,4
GGGCAATTGACTAAAT,4
GGGCACCAAATTGACA,4
GGGCATTTGTACCCAG,4
GGGCGTGTGGACACCT,4
GGGTACACACCAACGG,4
GGGTGTGTCCTAGTGT,4
GGTAAAATGCCAAAGG,4
GGTACGAGGTATCTCA,4
GGTAGCATTAAATGAG,4
GGTATGAAACTGGCCG,4
GGTATGGGCTAATCTC,4
GGTCATTTCATTATTA,4
GGTCCGTTATACTCAC,4
GGTGACCCACGCAATC,4
GGTTTAAGACCAAGCC,4
GTAAAAAATTTAGTAC,4
GTAAAAAGAAGTCCTT,4
GTAAAACCACTACCAC,4
GTAAACAATTTCTAGC,4
GTAACAGCGAGATTAA,4
GTAACATTAAACCCGT,4
GTAACCTAATAACTAT,4
GTAATTACACACTCCC,4
GTACACGGAAGAGACT,4
GTACCCTCTTTCACAG,4
GTACGTCGCCACCTAC,4
GTACGTTACATCACTT,4
GTAGAAAAAGAGCGGG,4
GTAGAGATAAAGCAAC,4
GTAGAGTAATGTAACA,4
GTAGCCCAGCGATAAC,4
GTAGGCAGGTTATAGG,4
GTAGTCGGCTAGTCGA,4
GTATAAAATTGCAGAA,4
GTATCAAAATATACGC,4
GTATCAACCCGTCCGC,4
GTATCGACTATGAACA,4
GTATCGCAAGAATGTA,4
GTCACAGCGACGACCC,4
GTCACGTTTAATTACA,4
GTCCAACCTCCAACAA,4
GTCCTCTAATCACTAA,4
GTCCTGTGAGCAGTGA,4
GTCGAATTTGCCGGAA,4
GTCGATCCCTGAACCC,4
GTCTAGACTGAATGGA,4
GTCTATAAACCTAATA,4
GTCTTGAATAACTGAT,4
GTGAAACTATTAATAT,4
GTGACAGTTAATTAAT,4
GTGACGTGTCGAACTT,4
GTGCCAAATTTAACTT,4
GTGCGCATATGATAGA,4
GTGTGTAGATCTCCAT,4
GTGTTCCGCTGCCCTC,4
GTTAAGGAACACAACG,4
GTTAATATGCAGGGGA,4
GTTCCAGAAGTCCTGA,4
GTTCGTAACACCTCAT,4
GTTCTTAACTGAGTGA,4
GTTGAGATCAGAGCGA,4
GTTGCGGACCATGAAT,4
GTTGGAACACAATGCA,4
GTTTAATCCCTAATCC,4
GTTTCATCAATTTCAA,4
GTTTCTAGAAAGTGAC,4
GTTTTAATACAAGGCT,4
TAAAACCAAACAACCC,4
TAAAATCAGGAAAAGT,4
TAAACGTAAGTATCAA,4
TAAACTTCCATAGATA,4
TAAAGCGATAGCTATG,4
TAAATATATACATATT,4
TAAATGAGCGTAATTC,4
TAACAACCGGACGAAA,4
TAACACTCGTTACGAG,4
TAACATAAATCACAAT,4
TAACATTTGGCTATAG,4
TAACCCCACACCGAAG,4
TAACCGTTAAATAACA,4
TAACTCAATATACCAA,4
TAACTCGAACATTTAA,4
TAACTGAACTGTTGTG,4
TAAGACCAAGTTAACA,4
TAAGAGGTCCCCAATG,4
TAAGATAATACATCAT,4
TAAGCATGTCAATGAG,4
TAAGCTATCGGAGACT,4
TAAGCTGAGAGGCCGA,4
TAAGGAGGCCACGACC,4
TAAGGGGAGACTGAGA,4
TAAGTGAACGCCATTC,4
TAAGTTATCTGAAAAA,4
TAATAACGTTTTGGGA,4
TAATCAGCATGAAAAT,4
TAATCGAACCTCCTCT,4
TAATTAGGCACGCATA,4
TAATTCAGCTTACCAC,4
TAATTCGTCAGTACCC,4
TAATTCTTTTGTCATT,4
TACAACCAGCTTGAAC,4
TACATAGAGATACAGG,4
TACCAAAACTACTAAA,4
TACCAAACGACCGAAA,4
TACCAAAGTTCAGTGC,4
TACCCCGTAATAATAA,4
TACCGAGTAATGAAGA,4
TACCTCAGATACATAA,4
TACCTGAGTATATTCG,4
TACGAGAAATGCCGAG,4
TACGCCTGAAACGACT,4
TACGCGCAAATGACAT,4
TACGCTAGTTGGAATA,4
TACGGATCCTCAGCAA,4
TACGTATGAAAGGTTA,4
TACGTGCACACGGTTA,4
TACTAAGAGTGAAAAG,4
TACTCATGACTTTGAG,4
TACTCTACATTAAGCA,4
TACTTAGCCCCTCCAA,4
TAGAACTTCGAGCTTA,4
TAGAAGCGCTATTAAA,4
TAGAATAACCACAATG,4
TAGACAGTGTAAGCTA,4
TAGACCAAGTTCTCAT,4
TAGACTTAAAACTAAA,4
TAGCGGCAGGACTTAA,4
TAGCGTAACCGTTACC,4
TAGCTATTAAGGCCGC,4
TAGCTCAGATTTACAA,4
TAGGACCATACACCAG,4
TAGGAGAAACTGAATT,4
TAGGCGCAATTTATAT,4
TAGGTACACAATTAGT,4
TAGTACAAGTCCATAT,4
TAGTACCTAGGAAGGG,4
TAGTAGAATGACTGTT,4
TAGTCAAAAAACATTA,4
TAGTCGCCATCTCAGA,4
TAGTCTAATTGGGGGC,4
TAGTTGCTTAACAGTC,4
TATACAAACCTCTGAA,4
TATACAATGGATCCCA,4
TATACAGGCGCATTGA,4
TATACTAGGCCCCTCT,4
TATAGAGGTCTTTAAA,4
TATAGCCTCGCAAACG,4
TATAGGGCTGTGGATA,4
TATATAGTTCCTTCAG,4
TATATTGATGTCCCAA,4
TATCATTCATTTGAAA,4
TATCCCCTAACGGATG,4
TATCCGAAACATCTCC,4
TATCGATTTCAAATTA,4
TATCGCGACTTTCAAT,4
TATCTCCGAAGTAATA,4
TATCTCGGTTGAAGCT,4
TATGAAGAACTTTAAT,4
TATGAATGGTTACCAT,4
TATGACCGATTCTCTA,4
TATGGCAGATTCGAAA,4
TATGGGACTAGAGACA,4
TATGTGCAGACCTTAA,4
TATTAATAGTGCCTCA,4
TATTAGTTACCCTAAT,4
TATTGTCTACATCCAA,4
TATTTTTACAATTAAC,4
TCAAAAAATGGTTACT,4
TCAAAATCTATCCAAT,4
TCAAACCCATAACGTG,4
TCAACCCTGCAGAAGT,4
TCAACGAAAGCTACCT,4
TCAACGCTACTACTGG,4
TCAATATTAATAGCTG,4
TCACGAAGTGGAGACC,4
TCACGTTTGGGCCTCA,4
TCACGTTTTCTGAACT,4
TCAGAATAGCCTTCCT,4
TCAGACAATTCCTATT,4
TCAGCGTTTACGTTAC,4
TCAGGTATATCTATAC,4
TCATAAATATCAATAA,4
TCATAATCAAGATCAG,4
TCATCAGATTTAAATT,4
TCATCAGCACCCAAAT,4
TCATTCATCCATATCT,4
TCCAACCGTACTAGGT,4
TCCACCAGAGACATCC,4
TCCACCTGCAACGTTT,4
TCCATAATAAGTTTCC,4
TCCATAATGGTTCGTA,4
TCCATACTATGTCCGG,4
TCCATATACGTGTATC,4
TCCCAAGGTTGCCTGA,4
TCCCCAGAGCAATAAG,4
TCCCTGTCATTAAATG,4
TCCGACTGAATTGTAA,4
TCCGCACCAATTAATT,4
TCCGCCATACAAATAT,4
TCCGCCGATTCTGCAA,4
TCCTCAGATTGTAAGA,4
TCGAATACATAAATAG,4
TCGACGTAAGCGAAAT,4
TCGATCTTGATACACC,4
TCGATGAGGAAGAAAC,4
TCGCAACAGTGATCAA,4
TCGCATACACCGTCCA,4
TCGGACTTCTGTCAAT,4
TCTAACCTGCATGTTT,4
TCTAACTTAATAGAAT,4
TCTACGCGATAATATT,4
TCTAGTTAAGTGCTAC,4
TCTATACTTATCTGAT,4
TCTCACCAATCCATAG,4
TCTCAGGACATAGCTA,4
TCTCCGAACCGGACTT,4
TCTCGTCAGCCATAGG,4
TCTCTGATCCCGAGCA,4
TCTGAATAATGAATCA,4
TCTGAGATTCAATGCG,4
TCTTAACAGAACACTT,4
TCTTACAGAATTAAGA,4
TCTTCTAAACGCAACC,4
TCTTCTATAACGCTAG,4
TGAAAAACCTGGAATA,4
TGAAAAGACTTCGATA,4
TGAAAATTAAAATCTG,4
TGAAACATAGAGTTCC,4
TGAAATACTCTTGACT,4
TGAACAATTACGTCGA,4
TGAACATTGTGTTAAT,4
TGAACCGAGGTCCAAT,4
TGAACGGCGAAAAAAT,4
TGAATTGATATTGATA,4
TGACAAAAATTACAAA,4
TGACCAATTTGTAACA,4
TGACCATACATTATAA,4
TGACCGAAACTACTGA,4
TGACGGTCTGACTATA,4
TGACTTGAGCCGAATT,4
TGAGAATTGATTCAGA,4
TGAGACTTTGCAGCAC,4
TGAGCCTAAAATTGAG,4
TGATAAGAAAACTAAA,4
TGATCAAAAACCGATC,4
TGATCCTATTAAGCGA,4
TGATTAATAATATAAG,4
TGATTAGCAGCGAGAG,4
TGCATTCCGTCGAAAT,4
TGCCCGATATGAGTGA,4
TGCGTTTCTAAACGCC,4
TGCTAGCTTTAAACAT,4
TGCTCCTAATTCCCTT,4
TGCTTGCACTAATTAT,4
TGGAAATTTTTCGAAT,4
TGGAGATCAGATAAGC,4
TGGATAAAACAGTAAC,4
TGGCAAAAGAAGAATA,4
TGGCAACTATACACCA,4
TGGCATGGATTTCAGT,4
TGGCATTAACGCCAAT,4
TGGCCAATAAATCTAA,4
TGGCGATTGGTGTCCA,4
TGGGATACCACAGTGA,4
TGGGTAGCTGGCAAGC,4
TGGTTGCATCGTCATG,4
TGTAATTTAAAAACCA,4
TGTAGTAAGTTTAAAG,4
TGTATTTCATAAGATA,4
TGTCACACCATCGATA,4
TGTCCTGAAAGCTCAC,4
TGTCGTAACCTCAGCG,4
TGTCGTTCGAAGTTTC,4
TGTGCTGAATGCAGCA,4
TGTGTAAAAGATGAAA,4
TGTTGCTGAAATAGAA,4
TGTTTGCACATTGATG,4
TGTTTTGAAAACTAAT,4
TTAAAATAATTGTTTA,4
TTAAATGTAGATACAG,4
TTAACCAATCTAGTGA,4
TTAACGGCTCGTCCTA,4
TTAACTCTCATACATA,4
TTAATCGGAGCAGCAA,4
TTAATGTTAAATAACC,4
TTACACCTGTAACCTG,4
TTACACTCCTAAAAAC,4
TTACCACATAGTGTAT,4
TTACCCTTCTGACTGA,4
TTACTCAGCCTTCATA,4
TTACTCGAGCTCAAAT,4
TTAGATAGATCGATAC,4
TTAGCCATCAGCCGAT,4
TTAGCCTCTTTTTAGT,4
TTAGGCAATTATGACA,4
TTATACAACGGAAGTT,4
TTATAGCATGGAAACG,4
TTATATATGAGGAACA,4
TTATATGATTCAGTAC,4
TTATATGTCAACTTCA,4
TTATCCTGAACCAGAA,4
TTATCTTGACCACCGA,4
TTATGACTACTGCACC,4
TTATGGTCCAACAAAA,4
TTATTACGGGCTCCTC,4
TTCAAAATAGCAAGTT,4
TTCAAAGCCCAAAAAT,4
TTCAACAAGAATACGC,4
TTCAAGTTGTAAATCA,4
TTCAATCATGTAACCA,4
TTCACCAATGCAGTTT,4
TTCAGGTGGCAACTTG,4
TTCCTCGACGAATAAA,4
TTCGACTACCTTATGT,4
TTCGATACTCGTTCAC,4
TTCGATATATTAATCA,4
TTCGATCAGGAACGTG,4
TTCGATCCCTTATCTA,4
TTCGGGCACGGGTAGT,4
TTCGGTGAATTGACCG,4
TTCTACTTATAAAACG,4
TTCTCTTTAGAATTGG,4
TTCTGTTTTATAACGG,4
TTCTTAATCAGGGATG,4
TTGAACCCTGAGAACA,4
TTGAATAGATAGACTT,4
TTGAATTCGTAAATTA,4
TTGACCCCACTTACTA,4
TTGAGCCAAACTATAT,4
TTGATAAATTCTATCA,4
TTGCGCAAATAACCAA,4
TTGCTTCCAGTGTTCC,4
TTGGTAAACTTTTGTG,4
TTGTAAAATGTTACGT,4
TTTAAAATATGTCCTC,4
TTTACAAGACCATGAT,4
TTTACTATTAGGCAAA,4
TTTAGCATTAGTAAAA,4
TTTAGTACTTGACCCA,4
TTTATGCTCACTCCGC,4
TTTATTAGACAAAAAA,4
TTTCAACAATATTCAT,4
TTTCCAAGAGTTAAAA,4
TTTCTCGGTTAAAAGT,4
TTTCTGAAATACGACG,4
TTTGAATGAAGCGAGT,4
TTTGCAACTGTCCCAC,4
TTTGTAATTGTTAAAA,4
TTTTCACATATGACTA,4
TTTTCTACATGCAAAT,4
TTTTGGATAGGTTAGT,4
AAAAAAAACAAAAAGT,3
AAAAAATGAAATGGCA,3
AAAAACCACTCACACG,3
AAAAACGCACAAGATA,3
AAAAACTACATGCATA,3
AAAAACTTCAATTACG,3
AAAAAGAGCAGCGAGT,3
AAAAAGTCGAAAATCG,3
AAAAATAACGATATTT,3
AAAAATTCCGGCCTAG,3
AAAAATTGATTACGAT,3
AAAACACAGAAGGTCT,3
AAAACACTAGATCAGT,3
AAAACATATTCCCTAA,3
AAAACGCAAGAGACCC,3
AAAACGGTCAGAAGCA,3
AAAACTATATTAGTAC,3
AAAACTCAAAAAATCC,3
AAAACTCATTCCTCAG,3
AAAAGAAAAGTCCCAT,3
AAAAGAATCAGATACA,3
AAAAGTGAGGAGCTCT,3
AAAAGTTACACTCTCA,3
AAAATAAATCTAAAAT,3
AAAATAACTGAGGTAA,3
AAAATACTCCCACATG,3
AAAATCAGTGCATACT,3
AAAATGCCTTATAACC,3
AAAATGGAGATTACAC,3
AAAATTAGGGATCAAA,3
AAAATTATTCTGATTT,3
AAAATTTGAGCGGCAC,3
AAACACATGTAATAAT,3
AAACATAAGAGGCTGT,3
AAACCACTAAGAACCA,3
AAACCCACGTGTAACG,3
AAACCGTCGCTCATTC,3
AAACCTCTTTTAAAAC,3
AAACCTGGGATAAGAT,3
AAACGCGGTACACAGA,3
AAACGGCATAACTAAT,3
AAACTTCGTAGATACA,3
AAACTTTGTTGAAAAA,3
AAAGATCTCTGTGCAC,3
AAAGCCAATAGTAGTT,3
AAAGCCAGAATAGAAG,3
AAAGCTCAAAAATAAA,3
AAAGCTGACACAACCC,3
AAAGGCCAACCAACAT,3
AAAGGCCGTCAGTGTA,3
AAAGTGATTTGACTGT,3
AAATAAAACACGTCAT,3
AAATAAAGAAAATTGT,3
AAATAAATAGTTTCAA,3
AAATAATCCAATGAAG,3
AAATAGAATCAACAAC,3
AAATAGCAGACGTGTC,3
AAATATCCCAAATTTG,3
AAATCAAAGCCTAAGA,3
AAATCAATCTAAACAT,3
AAATCCATTTGAGGAT,3
AAATCCGGTGCGAACC,3
AAATCTGTAATAGAGA,3
AAATGATTGGTCCAAC,3
AAATGCGAAATGGTAG,3
AAATGGTAAAGTTTCT,3
AAATGTGGTGGCCGCG,3
AAATTAAAAAATGCCA,3
AAATTCACATAAGAGT,3
AAATTCTGCTACACCG,3
AAATTTTAGTCCCATT,3
AAATTTTCAAATAGCC,3
AACAAACCCTCAGTGG,3
AACAAACTATAACAGT,3
AACAAATTGGCAACCA,3
AACAAGATCTCCAAAC,3
AACAAGTTTACAGTAT,3
AACACAACAAGATATT,3
AACACAACTAAATTCT,3
AACACACAGTTCGGCG,3
AACACAGACCTGCAAC,3
AACACCAGCAAAAATA,3
AACACCCGTCCTATAC,3
AACACCCTCTACTGCG,3
AACACCTAAAATCGAG,3
AACACCTATTCGCAAT,3
AACACGATATGAATCG,3
AACACTGACAACATAA,3
AACAGACTGAATAGCG,3
AACAGCATCTGATGAG,3
AACAGTAAAACTTGTA,3
AACAGTACCCTTGTCT,3
AACATATGTGCCTAAT,3
AACATCACTCACCATC,3
AACATCCATGTAGGTT,3
AACATCTATATCTGAA,3
AACCATAACAAAACCT,3
AACCTAGATGTAATAA,3
AACCTTTATCTTGACC,3
AACGACGGAGTAAAAT,3
AACGAGTGTCTATTAT,3
AACGATGAAAATAGCA,3
AACGCATAGCTCTTAA,3
AACGCATCCTACCTAG,3
AACGCGAATCAGGCTC,3
AACGGAGTACAGTATC,3
AACGGTTAACTACAAA,3
AACGTAAGTGAGCTGA,3
AACGTGGTGACAAGGC,3
AACTAAAGTTTGAGTA,3
AACTAATATCCACCTA,3
AACTAATATTGAAAAC,3
AACTATATAGACCAGC,3
AACTCAAAATGCAAGT,3
AACTCAACATTTCTAT,3
AACTCGATCTTAGATA,3
AACTGAAAGTACTCGA,3
AACTGAACTTAATTGA,3
AACTGAATCACCGTCA,3
AACTGACATAATTCTA,3
AACTGAGAGTGGTACA,3
AACTTCCACATTTCTT,3
AACTTGACCAGGAAAC,3
AACTTTCAATAAAAAA,3
AAGAAAACTCTAATAT,3
AAGAAAGTCCGATTAG,3
AAGAACGATACGCCTA,3
AAGAAGTACTTCAATC,3
AAGAATATTTTCACCC,3
AAGACCCGTATGAATG,3
AAGACGACTCAAGAAA,3
AAGACTACTAATCCTT,3
AAGACTAGGCATGTAT,3
AAGAGAAACTAACAGA,3
AAGAGTACATTGAGTT,3
AAGAGTACTTTCCTTT,3
AAGAGTGCACGACATT,3
AAGATATTCAGACTGT,3
AAGATATTTCCAGAAA,3
AAGATCGAACAGAACT,3
AAGATGGCTAATTAAG,3
AAGCATCCTCGACACT,3
AAGCCAGCAGAAGGGC,3
AAGCCCAGACGTACTA,3
AAGCCGAACCGTTGTG,3
AAGCGAGTCTTTATTA,3
AAGGACAGTTGGTAAA,3
AAGGACATGCAAAGAA,3
AAGGGAGATTAATGGT,3
AAGGGCTCGCTGCACG,3
AAGTAACATAGTCGAT,3
AAGTAATGTGAGACTT,3
AAGTATAAAAATTACC,3
AAGTGAAATATTAAAT,3
AAGTGTCCAAGTTCTG,3
AATAAATGTATTAACA,3
AATAACAACCTCAAAA,3
AATAACGATCAACCCA,3
AATAAGCCTCGTCCTA,3
AATAAGGATGTTGCTT,3
AATAAGGTCGAATCTC,3
AATAATGTCTAGATTT,3
AATACAACAGCTCGCG,3
AATACGAGGCGATGCA,3
AATACGCACTTGCAAA,3
AATAGAAAGGTTGTAT,3
AATAGACCATACGCGT,3
AATAGCTCAAGCTAAG,3
AATATGGGTCAGGCAG,3
AATATTTAATGTTTTT,3
AATCAAAAAATGTAAA,3
AATCAATACTTCCTAC,3
AATCATAGGGCTGAAC,3
AATCATTTGAATTGGC,3
AATCCATCATAGTCCC,3
AATCCATGAAGTATCA,3
AATCGAACCGGAATCA,3
AATCGCTCAGTAGAAG,3
AATCTACACTGACCAT,3
AATCTCTCATTGAACA,3
AATGACGCTTAGAAGC,3
AATGATACTACCAATA,3
AATGCCTCAAATGAAT,3
AATGCCTTAAACGACT,3
AATGCGAATAAGGCAT,3
AATGCTAATTGCGAAA,3
AATGCTAGGAATTTGA,3
AATGCTATTTGTACAT,3
AATGGACCTTCTATAC,3
AATGTAACTAATACAT,3
AATGTGCTATACCAAA,3
AATGTGGAAAATACCT,3
AATGTTTCACATAAGA,3
AATTAAAGAAAAGTAA,3
AATTAATACGGTTTAT,3
AATTACTGACAACCGA,3
AATTAGAAACTAGGCA,3
AATTAGGCTCACGAAT,3
AATTAGTTAAATCAAG,3
AATTATACCAAACCCT,3
AATTATCAACAAAGGA,3
AATTCGATAAACAATC,3
AATTCGTGCCGTGTGC,3
AATTCTGTGAACGTGG,3
AATTGATCGTGATACG,3
AATTGCCAAAGATAAC,3
AATTGCGTCGGGGACG,3
AATTGGTTCACCACAC,3
AATTTAACTGCTAGGT,3
AATTTATTGCAGGCGC,3
AATTTCTTGAAATTCA,3
ACAAAAGTCTTAGCAT,3
ACAAAATTAGAAATAG,3
ACAAACCGCGATAATT,3
ACAAAGGAGAGAACCC,3
ACAAATAAATCGCTTA,3
ACAAATACCTTACCTC,3
ACAAATGTACTCCTAG,3
ACAAATTTTGACTGGG,3
ACAACATCCGATTTAG,3
ACAACCAAAGCATCGA,3
ACAACTACAGAGCTAA,3
ACAACTGATAGTGTAA,3
ACAACTTTTGAGTGAA,3
ACAAGGCCCTACGACA,3
ACAAGTTACAATCCAA,3
ACAATAAACCCTGGGC,3
ACAATAGTGAATCACA,3
ACAATCCCAAAGCGTA,3
ACAATGCATAACACAG,3
ACAATGCCTTAAAATA,3
ACAATTAGATAACCCG,3
ACACAACTAAAATTGC,3
ACACACGCTCACAATT,3
ACACATGTCGACGTCC,3
ACACCCGCCCTAGTAT,3
ACACTATGAGGATAGT,3
ACACTCGGCATTAATA,3
ACACTTGGCCTTAAGC,3
ACAGACCGTATGTAGG,3
ACAGAGTTGGTGAAAA,3
ACAGCACTGAAATCAA,3
ACAGCCAACTTAGAAC,3
ACAGCCTTCATAACAG,3
ACAGCGTTGTTCAATC,3
ACAGCTAGCAGACTTG,3
ACAGGTCACCAGAATA,3
ACAGTAACTTAGAGTG,3
ACAGTACTGTCCGGAA,3
ACATAAAATAAACTAT,3
ACATAAACCGATATAT,3
ACATAACGAGTCCGCG,3
ACATAAGAGATACGAT,3
ACATACCAACTCCACC,3
ACATACTGCCTGAGAC,3
ACATAGGTTCACGCAC,3
ACATATGCCTGCATAA,3
ACATCGGTGCAAAAAG,3
ACATGAACTAGTCTAT,3
ACATGGTACCAAATCC,3
ACATGTTCCCACACTG,3
ACATTAGCAGAGTAAT,3
ACATTCAAGCACGTAA,3
ACCAAATTCTAGGCTC,3
ACCAACCGTCACAATC,3
ACCAACCTATGAATTA,3
ACCACAACTAGAAATG,3
ACCAGAGACAGAGAAT,3
ACCAGATAAAACTGTT,3
ACCAGATTACAAAAAG,3
ACCATATCATTACATT,3
ACCATCAACCTCCAGG,3
ACCATCCAGTCATACC,3
ACCATCCTGAATGGAC,3
ACCATCGCATCACTGT,3
ACCATGTTGCCACACA,3
ACCCACAACCGATGCT,3
ACCCACCGCCACGCCA,3
ACCCAGGTCGATTTAC,3
ACCCATTCACCAGTTT,3
ACCCGCCATAAAATTC,3
ACCCTATAAACATCCC,3
ACCCTTATGTCGATCT,3
ACCGACATATGTCATG,3
ACCGACCCAGCAAAAA,3
ACCGTACACTTTTTTC,3
ACCGTGAGGTTAGGAC,3
ACCTAAGCAGTAATAG,3
ACCTCATATACATCTA,3
ACCTCATGAATAAAGG,3
ACCTCCAAAGTACAAA,3
ACCTTCAAGCATAAAG,3
ACGAAACATATGCCCG,3
ACGAAACGCAGCTGAA,3
ACGAAGCAAATCTCCG,3
ACGAAGTATTAACCAG,3
ACGAGACCTTATACGC,3
ACGAGCTGGCTCACAT,3
ACGAGGTGCTGACATG,3
ACGAGTTATGAGGCGA,3
ACGCACGGGGTAGAAC,3
ACGCATCTTACCAAAG,3
ACGCATGTTTCAACCA,3
ACGCCCGAACCTACCT,3
ACGCCGATATATGCCA,3
ACGCCGTGCACACAAA,3
ACGCCTCGCTATATAA,3
ACGGATCCCGTGATAC,3
ACGGCGATGAAAAATG,3
ACGTAGGGTACTTGAA,3
ACGTATGATAAATACG,3
ACGTCAGCCTACTAAG,3
ACGTTAATAGGATTGC,3
ACGTTCTGAGTGCTAC,3
ACTAAAATGCAAAATT,3
ACTAAACTCGACACCG,3
ACTAACCTGAGGATTA,3
ACTAACTTGGGAATGT,3
ACTACAAATACGTATA,3
ACTACAACTGGGAAAT,3
ACTACATTAATTTTCA,3
ACTACTTACTCCACGA,3
ACTAGAAGTATCAAAC,3
ACTAGCTACGTGAGAT,3
ACTATACACAACACTA,3
ACTATCCAGGTTTGAG,3
ACTATCTGGGCACTCA,3
ACTATTTACCAGATTG,3
ACTCATTAATACTTGT,3
ACTCCACCGCCGTGAT,3
ACTCCTGTCCCGGTAG,3
ACTCGAGTTTTGGATC,3
ACTCTTTAAAGCAATA,3
ACTGAAACTAAATCAA,3
ACTGAATTGAACACAT,3
ACTGACACTAAAGCTA,3
ACTGACGGGGCTTGAT,3
ACTGCAACGTACTTAG,3
ACTGCTACCCGACTAA,3
ACTGCTCTATACACCT,3
ACTGGATGCAACCTGC,3
ACTGGATTCATGATAT,3
ACTGTACATGATAGAG,3
ACTTAAAGTTAAAACT,3
ACTTAACAAGTCAACC,3
ACTTCAATCCAGCTCA,3
ACTTCCCAAAAATATA,3
ACTTGACTGTAATAAC,3
ACTTGGTCCGAATAAC,3
ACTTTCCGGGTTCCTT,3
ACTTTTCATAGAGATA,3
AGAAAAAACGAGGGCC,3
AGAAAAGGCTTATCGA,3
AGAAAATGTCAGAACC,3
AGAAACGTACACCAAT,3
AGAAATAAAGTATAAT,3
AGAAATTTCGATAAAA,3
AGAACCACTTCGTGGG,3
AGAACTAAAATTAAAC,3
AGAAGCTGTGACAACT,3
AGAATACACTCATGAG,3
AGAATACCCCAGGAAG,3
AGAATCAACAGAGCCA,3
AGAATCATCTCACCCC,3
AGAATTAGTTTGAGCG,3
AGAATTGACCATTGAT,3
AGAATTTGAAGATGAC,3
AGACACGGTATATCTG,3
AGACAGGATTACCTTA,3
AGACCCGAAAGCATAA,3
AGACCGTCGAACCTCG,3
AGACTACTAAATTTAT,3
AGACTAGCCTTTATAA,3
AGACTCTGTACTGTGA,3
AGACTGATGTGTATCT,3
AGAGAAGAGAGACAAC,3
AGAGACTGCTTTGAGA,3
AGAGATCAAGTGCCTC,3
AGAGCAACAACATAAA,3
AGAGCGACGGTGTAAA,3
AGAGCTTATTACTAAT,3
AGAGGATGAGGACTTG,3
AGAGGCAGACTATACA,3
AGAGTATGACATTAGA,3
AGATAAAAACACAATA,3
AGATATGCAGTTCCTA,3
AGATCAACTCATTTAC,3
AGATCCCCAATTACAG,3
AGATGACGTCAATTCA,3
AGATGACTGGCAAAAA,3
AGATGTAAGAACACTA,3
AGATTAGCTAGAGCCT,3
AGATTATACTCTAGCA,3
AGATTATTACAAGGAT,3
AGCAACTCAATACCAA,3
AGCAAGCCCAGACGAT,3
AGCACACGACGCTAAA,3
AGCACATCTGGCATCC,3
AGCACTGAAAAAGAAC,3
AGCACTGGTAACAATA,3
AGCACTTATCTTTAGC,3
AGCATACAACGTTGAA,3
AGCATTTGACTCCTTT,3
AGCCATAAAAAATCCA,3
AGCCCTTGCCCAAACG,3
AGCCGTTACCGAAACA,3
AGCCTAGAACTATCAA,3
AGCCTCAATGATACCG,3
AGCCTTCGCGTCGCCT,3
AGCGAAACAAAAAACT,3
AGCGGTACAGACAGAC,3
AGCTAAACTAAATAGT,3
AGCTAAAGACGGAGAC,3
AGCTAAGTGCAAACAG,3
AGCTACAAAACTTAGC,3
AGCTATCCACGCACTT,3
AGCTCATAAACAAGCT,3
AGCTCATCACCTGTCC,3
AGCTGAAGAAAAATAA,3
AGGAAACAGACGTACA,3
AGGAACACTAGTTATA,3
AGGAATTAATGATTGG,3
AGGACTACCCTCCTTT,3
AGGACTAGAGACACAA,3
AGGAGAGTAAATGTAC,3
AGGAGGACCATATAAC,3
AGGATGCCGAAACGTA,3
AGGATGGAAATTACTA,3
AGGCAATTTATATGCC,3
AGGCGTAGACAAACAA,3
AGGCGTTTTAAAGGAT,3
AGGCTCGTGTCGTACT,3
AGGGGACAATACGGTA,3
AGGTCAATTTAAAACC,3
AGGTCCCAACGTACTG,3
AGGTTGGCAGCACCCA,3
AGTAACAATCTACTAC,3
AGTACGTCTTTCAATA,3
AGTACTAACACAGAAT,3
AGTATAGTATTTGGGG,3
AGTATGCACCAAAGGG,3
AGTATTATAAGTCGGT,3
AGTCAATACGATCTAG,3
AGTCAATTGAATGTTT,3
AGTCCTCTACTAACTC,3
AGTCGAATAAGTGAAG,3
AGTCTATCTTTTCGGT,3
AGTCTGCTAGCATAGA,3
AGTGAAGAAAGCCCGC,3
AGTGCGGAGATTTTGC,3
AGTGTAATAACTGTTG,3
AGTGTATCGGGTTTAA,3
AGTGTCAACCTAATTC,3
AGTGTCGCGGCGTTGA,3
AGTTATCAAACATCAA,3
AGTTCTCGAGCTTAAC,3
AGTTGCATTTAAGAAA,3
AGTTGCCGGGTAACAT,3
AGTTTACATAATATCT,3
ATAAAACACGAATCTT,3
ATAAAACTGCATGTAC,3
ATAAAAGTTTGAGACC,3
ATAAAGAAACCGCCTT,3
ATAAAGACATTAAATA,3
ATAAAGCGGACACTAA,3
ATAAAGCGGCATACAG,3
ATAAATTGAAACACTA,3
ATAAATTGAATGGTAG,3
ATAACATATCGGACCC,3
ATAACCAGGATGTTTC,3
ATAACCCTCTAGCACG,3
ATAACCTAAAGACCAC,3
ATAACGCGGCTGAAAT,3
ATAACTAAAAGGATCA,3
ATAACTTATGGTCCTA,3
ATAAGCAATCAAGCTT,3
ATAAGTAATCACAGAC,3
ATAAGTCCACCAATAC,3
ATAATCATACGTGTAA,3
ATAATCTTTAAGATTA,3
ATAATGCGAAACATTG,3
ATAATGGAAACCTCAT,3
ATAATGTTGCTAACTA,3
ATACACTGAAGTCGTG,3
ATACATACAATGTTGC,3
ATACATAGACCCCTAG,3
ATACATCAAACTTTTC,3
ATACATCATCTCTAAT,3
ATACCAAAACCAAAAT,3
ATACCCGAACAACGAT,3
ATACCGTCGCCAGGAA,3
ATACGAGATCTTCTTT,3
ATACGCCAGCCTGCAA,3
ATACGCCCCAACCTTC,3
ATACGGAGTCTTTTCA,3
ATACTGGATAAAAAGA,3
ATAGAACTGCGATCCA,3
ATAGAGGATATATTAA,3
ATAGATCAACGCAGAG,3
ATAGATGATGAACAGT,3
ATAGCCATACTTCCAA,3
ATAGGAAAAACCAGGT,3
ATAGTGAACTAAACGA,3
ATATAACAATAGGATG,3
ATATAACAGAAAAGTA,3
ATATAATAACAATTGA,3
ATATAATTCTGAACAA,3
ATATACAATAAAACAT,3
ATATACATCTAACTGT,3
ATATACCTGCAAGTGA,3
ATATATTTAAGGCGTT,3
ATATCAGGCAATCCAG,3
ATATCTTAGACACAGA,3
ATATGAATACACCGAT,3
ATATGACTAGACAAAA,3
ATATTGAACTAGTCAA,3
ATATTGCACCCTAAAT,3
ATATTTAACTAGCGTG,3
ATATTTAGAGCGCGGC,3
ATATTTTAGACCCTAA,3
ATCAACAATTGGAGAG,3
ATCAACGAAGAGTGAC,3
ATCAAGAACTAAGAGT,3
ATCAAGAGTAAGTAGG,3
ATCAAGATAGGTGAAG,3
ATCAATCACTAAAAAG,3
ATCACAGTTAGATAAA,3
ATCAGAGCAAAAGTAG,3
ATCAGTCCCCATGATT,3
ATCAGTGAGACTAGAA,3
ATCATATAAGTATAGG,3
ATCATTAGAAATGGAC,3
ATCATTATATGAGACC,3
ATCATTTAAACCACCA,3
ATCCATAGTCGTCTTT,3
ATCCCACTGACTAAAA,3
ATCCCCTCTAACTCAC,3
ATCCGGACGATTTGTC,3
ATCCTAAATCATGCAT,3
ATCCTATAGCAGATGC,3
ATCCTGGGAACTATGA,3
ATCGAAGAATTCGAAG,3
ATCGAGAAGCATTCTA,3
ATCGGGCTCAACAAAA,3
ATCGTTCTTATATCTG,3
ATCTAATTCACAACCT,3
ATCTCAATTAGAAATA,3
ATCTGGAATCAATCAC,3
ATCTGGATTTGGGCTG,3
ATCTGTGGATCGGCAA,3
ATCTTGGTCCACAGTA,3
ATGAACTTTTCCCGAA,3
ATGAAGCACGTACATG,3
ATGAAGCATAAAACAG,3
ATGAAGGAAAGCGTTC,3
ATGAATCCCCACATAT,3
ATGACTAACTCTACGT,3
ATGACTGTTCCAGCCA,3
ATGACTTCCCCCTGAT,3
ATGAGAAAATGACACG,3
ATGAGTTCAGCGACCG,3
ATGAGTTCCGGGCCGG,3
ATGATCTTTGTCAACT,3
ATGCAAAGCTACTAAA,3
ATGCCATAACATAGCG,3
ATGCCGTCACTAGATC,3
ATGCGGATTAAAATTA,3
ATGGAATCTGGTCACC,3
ATGGACACTCGACCGT,3
ATGGATAAGTTATTCT,3
ATGGGCAATTACAAAA,3
ATGGTTCCAGTAACTT,3
ATGTACCGGGACCACA,3
ATGTCAATCGAGAAGG,3
ATGTCCGAACTACTAA,3
ATGTCTATCTCCACAT,3
ATGTTAAGCCTACAGC,3
ATTAAATATGTACAAA,3
ATTAACAACCTCGTTC,3
ATTAACATCGAAGTAA,3
ATTAAGAATATTACGG,3
ATTAAGCATTCAGAGT,3
ATTAATTTTTCGATGA,3
ATTACACGAATGGTAT,3
ATTACCCAAGCGCTAA,3
ATTACCTAAAATTGAA,3
ATTAGAAAAGCACGGT,3
ATTAGATACACGAGGA,3
ATTAGATCACCTTGCA,3
ATTAGATCTAGTTCAT,3
ATTAGCCCTTATCATA,3
ATTAGCGTTGCGGTGC,3
ATTAGGTACCCAAAAA,3
ATTATATGCCCGTACT,3
ATTATTACGTTTACAG,3
ATTCACCAAACTTTAA,3
ATTCCATTGCAATCCT,3
ATTCGCCAACCTCATG,3
ATTCGTAACAGATCCT,3
ATTCGTACATTAAAAG,3
ATTCTTACAGCCACAA,3
ATTGAAGTATAATACA,3
ATTGAGAAAACCCAGA,3
ATTGCAGGATCCATTA,3
ATTGCGAACAGCTGTC,3
ATTGCTTCTTCAAATA,3
ATTGGTATATAATTCC,3
ATTGTAATGTCGGCTC,3
ATTTACGCCAAAACAA,3
ATTTAGAATATGATTA,3
ATTTATCAATTGGACG,3
ATTTGAAATTATCATC,3
ATTTTAAAACCGTCAT,3
CAAAACAGAGCAATAC,3
CAAAAGATACAGTGCA,3
CAAAAGTCCTATTGTA,3
CAAAATAATTCAGAAA,3
CAAAATGAGAAATAAC,3
CAAACACAAGTTAACA,3
CAAACACCTACCGACT,3
CAAACCTAACGGATAC,3
CAAACTAAACAGTGGC,3
CAAAGACCTGTGACAA,3
CAAAGATGAGTAGTCA,3
CAAAGTAATCGCCATA,3
CAAAGTGCCCCTGACG,3
CAAATGGTCGATATCA,3
CAAATTATCACATCCA,3
CAACAAGGTAAAAACA,3
CAACATAATAACATGA,3
CAACATACCTAAGTAT,3
CAACATGGACTCTAAA,3
CAACATTTCCTGACAA,3
CAACCCACCTCCAGAA,3
CAACCCCAATTCAAAA,3
CAACGAGTAACCTCGA,3
CAACGATTTCAAAGAT,3
CAACTACACCCCGTCA,3
CAACTACCACACTCCT,3
CAACTCAAAAGGGAAA,3
CAAGAACCTGACTTGC,3
CAAGAAGTGTTTGCCC,3
CAAGAATATTACAAGA,3
CAAGACAAATTGTTAT,3
CAAGACCTTTGTAAAG,3
CAAGAGATGCTGAACC,3
CAAGAGGAAGTAAAGG,3
CAAGATGGACAATGGG,3
CAAGCCTTACCCCTAG,3
CAAGCGACTTGATACG,3
CAAGCTGCTGTAAAGA,3
CAAGTGCAATACTCGT,3
CAAGTTAATAAAACCT,3
CAATAAAACACGAGGA,3
CAATACGAAGACTCCC,3
CAATACGGGAAGTTGG,3
CAATCCGATTTGATGA,3
CAATCCGGAGTCACAT,3
CAATCTGCAACTCGAA,3
CAATGAATCATCCTAA,3
CAATGACAAAACATTA,3
CAATGAGAGACCTAAC,3
CAATGCCCATTGTGAA,3
CAATGCCCCCGAAGAA,3
CAATGGAACCGTAGTC,3
CAATTAATTCTCAATT,3
CAATTCATACAGCCAT,3
CAATTCGGCCAAAACA,3
CACAAAGTGCAGGTCT,3
CACAAGACGGTGACAT,3
CACACAGACCAGCAGT,3
CACACATACGTCTGCC,3
CACACATACTTACTCG,3
CACACCAACAACTGGA,3
CACACGAATTATATTT,3
CACACGCGGTGTTGTT,3
CACACTTAATCTTTTG,3
CACAGACATCAATAGG,3
CACATATCCCAAGATC,3
CACATATTATCCGTCT,3
CACATCGGCTTAGTCG,3
CACATGATGTCCTTGT,3
CACATGTTTATAACTT,3
CACCATTAGCACAAGC,3
CACCCCAATTATCTTA,3
CACCGAAAATCGGACA,3
CACCTCCCAATCTTAA,3
CACCTCCGCCACCCGG,3
CACGAACACAGTAATC,3
CACGAAGGACCCGTGT,3
CACGAGACCATATGCT,3
CACGGGATAAAAAAAA,3
CACGTATCTGTATGGA,3
CACGTCCGAGCACCCG,3
CACTAAGCTCTGTGGG,3
CACTATGTCCTGGCTA,3
CACTATTACAGAAGGC,3
CACTGGCGTCGGATCC,3
CACTTAAGCATTGAGC,3
CACTTCCACTATGCAA,3
CACTTCTTCGGCGATA,3
CAGAAACTTACCTACT,3
CAGACAGCTTAATGGA,3
CAGACTCGTAATTAAA,3
CAGATGAACTTATATA,3
CAGATTGATCAACTAG,3
CAGCATTAACCTAGGA,3
CAGCCAGCTTCAAGCT,3
CAGCCTTAAGTATACA,3
CAGCGACGAAATCTCG,3
CAGCTACATCAAGAGC,3
CAGGAAGTATCCTGTA,3
CAGGAATTGCGAAGTA,3
CAGGCATAAATGGTTT,3
CAGGCTAGTACAAATA,3
CAGGGAGCAGTTCAAC,3
CAGGGAGGGCTCTGAT,3
CAGGGGTTATAAAACA,3
CAGTAAAGAAAGTGAC,3
CAGTACAAATAAACAT,3
CAGTCACTTCGAGAGT,3
CAGTGCGCTGCCAGCA,3
CAGTGTCATAGCATTC,3
CAGTTAACTTCGATTT,3
CAGTTTATCAGAAGCA,3
CATAAAACTTGCAAGA,3
CATAAGATTTGAAAAC,3
CATACAACACATACCA,3
CATACCTAGGCAACAA,3
CATACGAGGTGTGTTT,3
CATAGGTATCGGGATA,3
CATATCAATGTTGACA,3
CATCAGCCGGGTCCTA,3
CATCATGTTGCCACCC,3
CATCCAGGGCATGCAA,3
CATCCCAGACGAAACG,3
CATCGAACCGAGTGAC,3
CATCGAACTCAAACCA,3
CATCGCTGGGCAAAGG,3
CATCTACGAGATCGTC,3
CATCTGAGCTCTGACT,3
CATGACCCCCATACAT,3
CATGGCCCAGGTAAAA,3
CATGGCTTCTCCTCCA,3
CATTAAATCTATGAGT,3
CATTAACTGACACATA,3
CATTAATGCCCTAGCA,3
CATTAGGTTGAAGCAG,3
CATTTAATTGAAAGTG,3
CCAAACCGTACACGGG,3
CCAAAGGACTTAAATA,3
CCAAATACCCCCTCCA,3
CCAAATCCGAAAACAA,3
CCAAATTTCGCACACA,3
CCAAGAAGAGCCGAGG,3
CCAAGAATTGGCAATG,3
CCAAGACCTGGTGCCT,3
CCAAGTGTGGTCCAAA,3
CCAATCTATGCAATTG,3
CCACAACAAATCTACA,3
CCACAGGAATAAGAAT,3
CCACATAGATCACTTA,3
CCACCAAGAAAATTCG,3
CCACCAGAAGTCACAA,3
CCACCAGCTACACCAG,3
CCACGCTCTTTAATTA,3
CCACTACAAAATCTTG,3
CCACTGACATTAAAAC,3
CCACTTGAGATCCACT,3
CCACTTTTCAAACAAA,3
CCAGAACAACACGTTC,3
CCAGACCCTTACACAC,3
CCAGCGGTTTAAACGG,3
CCAGCTTGTCATGAAT,3
CCAGTTTGCACGACTC,3
CCATCAGCCCATTAAG,3
CCATCATACTGTGAAC,3
CCATCCACACTAGTGA,3
CCATCCGCCTTCTGTG,3
CCATGCACCTCCAGCA,3
CCATGTAGTGGATGCC,3
CCATTACACGATTCAA,3
CCATTCGAATAATCCC,3
CCCAAAAATTGAAAAA,3
CCCAACCGTCCAGACT,3
CCCACAATTCGTTAAG,3
CCCACCTAATGATTTA,3
CCCACGTTATGGGACT,3
CCCACTATCATCAGCT,3
CCCATACACGCATACA,3
CCCCCAGCACCTACGT,3
CCCCCCCTTTGTTTGG,3
CCCCCGGTTTAATCCA,3
CCCGATGTTTTGCCAG,3
CCCGCCTGACTGCTAC,3
CCCGGATTCAATAATA,3
CCCGGCTTGCCTACAG,3
CCCTAACCCCACAAGA,3
CCCTAAGCTAATACGG,3
CCCTCAGATACTAAAT,3
CCCTCATACAACACTA,3
CCCTCATGTCAACAAA,3
CCCTCGGCAATACTTC,3
CCCTGATTTTTGAGCC,3
CCGAAAACACCGTCCA,3
CCGAAATAACTAGCAA,3
CCGAGAAAATGCACTA,3
CCGAGTATTACCGAAT,3
CCGATTGCCATTCCCC,3
CCGCACCCGTCCACAA,3
CCGCAGACAGTCGAAA,3
CCGCCGTATACCCACA,3
CCGCTTGGAAACATAG,3
CCGGCCAATACGAAGA,3
CCGGCCGGTAACACAA,3
CCGGGAACAGCAACAG,3
CCGGGTAACACCAAGC,3
CCGTACTGACGAACAC,3
CCGTATAGACAGAGTA,3
CCTAAACACCTATAAG,3
CCTAAACACGAATATT,3
CCTAAAGAGCACTCAG,3
CCTAACAGCAATAATC,3
CCTAACGTATATTGAA,3
CCTACAATCTCATAAG,3
CCTATATAAATAACTG,3
CCTCAGAAAGGAAAAC,3
CCTCTATTTACTAGGT,3
CCTGACCCCGTAAACC,3
CCTGCCCCAGGCCCAC,3
CCTGCGGATAATAGCA,3
CCTGTCTTTATCTAAT,3
CCTTAGAGGAGGATTA,3
CCTTAGTATTTAACAA,3
CCTTCAATAACCACTG,3
CCTTGATAATCAAGAC,3
CCTTGTACCGAAGTCA,3
CCTTTATCATTCATAG,3
CCTTTGGTACCTGCGA,3
CGAAAGGTTATCGTAG,3
CGAAGAACATCATTAG,3
CGAAGGCATATCAATT,3
CGAATACCTACCTGTT,3
CGAATAGACGCGAGTA,3
CGAATCAATGAAAGCA,3
CGAATTCACATACTCG,3
CGACCCAAAAGCCCTA,3
CGACCCCAACTAACAT,3
CGACCGTGCTGCTCGG,3
CGACGTGGAGTCAACG,3
CGACTAATCTACTAAA,3
CGACTTCATAATATCA,3
CGAGAATATTATTAAT,3
CGAGACACCTTTTTAG,3
CGAGATACACGCCAAC,3
CGAGATTCCTAATCAG,3
CGAGCATAGCCTGGAA,3
CGAGCGACTAGTTTGC,3
CGATCAATAAAATACC,3
CGATCGTCAGAACCCA,3
CGATGAAGACAATGCG,3
CGATGGTTGCTAACGA,3
CGATTAAAATTGACAA,3
CGATTACATTAACCAG,3
CGATTGCATATGCACA,3
CGCAAATAATCGTTTA,3
CGCAAGAATCATCAGC,3
CGCAAGTATTTCCCTA,3
CGCACCCTCTCGCGTG,3
CGCATTATTCATCGAC,3
CGCATTCGCGAGGAAA,3
CGCCATGAGAAAATCG,3
CGCCCTGGGTCCTGGG,3
CGCCGGAAATAAAGGG,3
CGCCGGAAATATGAGT,3
CGCCTTGCAAACGCAA,3
CGCGCACTAGTATTTG,3
CGCTCGATAGCCATAG,3
CGCTTGCCCTACCCCA,3
CGCTTTAGGGCTATAA,3
CGGAATCGATTCGACG,3
CGGACCCCAGACGTAA,3
CGGAGTATGTCTAGCC,3
CGGATAGCTAAATTGT,3
CGGCACGAATTCAATA,3
CGGCAGTAAAGATTCA,3
CGGCTGTATGAGTCCA,3
CGGGACCGCTGAATCC,3
CGGGGTAATGCCGCGT,3
CGGTGACACTAAGAAA,3
CGTAATATGCACAAAT,3
CGTAATTAGACCGGGA,3
CGTAGACATTAAACCA,3
CGTAGAGACAATATCT,3
CGTAGCAAGAGGATGT,3
CGTATAAATTTTAATT,3
CGTCAACCACATACTT,3
CGTCATGCCTGCATGA,3
CGTCGAACGACCCAAT,3
CGTGCACACCTAAACT,3
CGTGGCCAAGCAAATC,3
CGTTATCCCTAATGAC,3
CGTTCAACTTGGTAGC,3
CGTTCGCAGTCTAGTA,3
CGTTGATCCCCACAGA,3
CTAAAAAATCACAGCT,3
CTAAACCAAGCAAATT,3
CTAAACCTGATTTAAT,3
CTAACGAGAAAGATCC,3
CTAACTAAAACCTCAA,3
CTAAGAATTCTATAGG,3
CTAAGCACTAAGGGAT,3
CTACACGCTGTGGTGC,3
CTACAGTGTTACAAAG,3
CTACATCTCCTAATAC,3
CTACCCATTGAACAAT,3
CTACGAAACACAGTTA,3
CTACGGGACATGATAC,3
CTACTCCCAAGCAGAA,3
CTACTTACTCAATTTC,3
CTAGAAAACAAAAAAA,3
CTAGAGACGAAAGGGG,3
CTAGATTTATTTACTT,3
CTAGCTAGGGAGGGAA,3
CTAGGACGGTAATCGT,3
CTATAACGAAAGCTAC,3
CTATAACGATTTACCA,3
CTATACATCGTGCCCG,3
CTATCCGCCTACGAAG,3
CTATCTTTTGGAGAAG,3
CTATGATACTTCTTAT,3
CTATGATCAGTAGCGA,3
CTATTAAGTGGATCAT,3
CTATTACTGAATGATA,3
CTATTCAAGGATAGCT,3
CTATTCATATGAAACT,3
CTATTGACCAATCAAC,3
CTCAATGAACAAGCGC,3
CTCAATTTGATCATAA,3
CTCAGCAGCTCATAAA,3
CTCATTAACTGCAGAC,3
CTCCAATCGATCCGAA,3
CTCCAGGACAACGTTT,3
CTCCATCTACTCATGA,3
CTCCCTCAGCGTTCAA,3
CTCCGGGTCTACACCA,3
CTCCGTAGGCGATGCA,3
CTCCGTTTTATTTTAC,3
CTCGATTCGATAACTA,3
CTCGTACAATGTAGGC,3
CTCGTAGAATACGAAT,3
CTCTATCCACTGTAGC,3
CTCTCCGGGTAGACAG,3
CTCTCGTAACCAGTAG,3
CTCTTAACCGCTATAA,3
CTGAAAAACGTAACTC,3
CTGAAACTTCGACCCA,3
CTGAATATTGGAAACA,3
CTGAATCATGACCCAA,3
CTGACAATCGATAACG,3
CTGACGAATTACTTGG,3
CTGATCGCTTATATCG,3
CTGCCCTTAAACAAAG,3
CTGCGCCCGTACTCGT,3
CTGGCTTCTACCCGCG,3
CTGGGAGGATTTTGAC,3
CTGTCACCTGTACTCA,3
CTTAAAATCCACCGGT,3
CTTAACAATGCCCTTT,3
CTTAACGCGAAACTAT,3
CTTAAGAGATAATATA,3
CTTAATTAAGCCGGTA,3
CTTACCGATGCCAAAA,3
CTTACGGAGCGACTAC,3
CTTAGCACAAACTTAA,3
CTTAGGCTCACACTGG,3
CTTAGTGGTTAAAGTC,3
CTTATTATGTCGCCAA,3
CTTCAACGTTCCCAGT,3
CTTCATGCTTTCTGGT,3
CTTCCACGTACGAAAC,3
CTTCCACGTAGAGACT,3
CTTCCTGCTAGCACGC,3
CTTGACAAGGTGAAAT,3
CTTGAGTGTGGCCTCA,3
CTTGCGTATGAACCCG,3
CTTGGCGGCTGGCAAT,3
CTTGGGATCACCATTT,3
CTTGTAACCTATTATT,3
CTTGTACGTTCTCGGC,3
CTTTAGCGCTACGGAT,3
CTTTCAACAAAATTGA,3
CTTTCCCCAAACACAT,3
CTTTGTCCTTGTTTAA,3
CTTTTAGGTAACAAAA,3
CTTTTTGTTTAAACCC,3
GAAAAACAACCGATAT,3
GAAAAAGAATCCCTAT,3
GAAAAATCAAAACAGA,3
GAAAACCACGTCAAAG,3
GAAAAGCATCTAATAA,3
GAAAAGGCCATAAAGC,3
GAAAATAACGCATTCC,3
GAAACAAACAGCTCAG,3
GAAACAAGGTATCAAG,3
GAAACATCTCTGTCAA,3
GAAACCCGTCAAAGCT,3
GAAACGTTGCCCCACT,3
GAAACTCTAATACGAA,3
GAAACTTGGCTAGATA,3
GAAACTTTCTCAAATT,3
GAAAGAAGAATCAAGT,3
GAAAGACAGGACACTA,3
GAAAGCCCCACTGATA,3
GAAAGCTTGACTAGTA,3
GAAAGGAAGTATTGGG,3
GAAAGGCGTTAAGGTC,3
GAAAGTACCACACCAA,3
GAAATAGAACATCCAT,3
GAAATAGCGATATCGG,3
GAAATCTACATCATAA,3
GAAATCTACCAAAACA,3
GAAATGAGTTAAAAAG,3
GAAATTAACAGGTTAA,3
GAAATTTACATGGGCC,3
GAACAAATGAATAATG,3
GAACACAAATGGCCGA,3
GAACACCGGAACGCAA,3
GAACATAATGTTTGAC,3
GAACATTATAATCGAT,3
GAACATTTAGTGAATT,3
GAACCAACATGGCGAA,3
GAACCTGAACGAACGC,3
GAACGCCCCAATTCCT,3
GAACGCGAACGGTCCA,3
GAACGCGTCGCCGACA,3
GAACTAGTTGTCTTGA,3
GAACTATTTCTCACAG,3
GAACTGGGGGTATAAT,3
GAACTTACGGTGCCAC,3
GAAGAACGTGATGGTC,3
GAAGACGGGATGACAA,3
GAAGAGTGAACATTAG,3
GAAGCGACCATAACCC,3
GAAGGCGAAAATAAAA,3
GAAGTGAAGCAACCTC,3
GAAGTGAATTACGAAA,3
GAAGTGGATAAACCAT,3
GAATAACTCAATAAAA,3
GAATAATAAATCATTC,3
GAATAGAGAGCACATA,3
GAATCAATAAACTTCT,3
GAATCGTTAACCCTAT,3
GAATCTATTTCCAATA,3
GAATCTGACCATTATG,3
GAATGGCTTAAATGAA,3
GAATGTTAGCATACCA,3
GAATTAAAAACAAGGC,3
GAATTAAAGTAATATA,3
GAATTAACATGTCGAC,3
GAATTACACGGACCGT,3
GAATTAGCAACTCATC,3
GAATTTCAATGAAGTG,3
GACAAAAGCTCCCCGA,3
GACACAAAAACTAGAT,3
GACACCCCTTCATGGG,3
GACAGAAAAACGGGGC,3
GACATAATATTCAGGC,3
GACATAGGATTCACAG,3
GACCAAATAAATCAAA,3
GACCAAATATCCTGAG,3
GACCCAGCAAGAAACA,3
GACCCCAGGATTACGG,3
GACCCCCTTCACTCTT,3
GACCTAAACAACTGAG,3
GACCTGCAGCAGACTA,3
GACGAATCCTGTCGGT,3
GACGAGAACAGTCTAT,3
GACGAGGTTTGAGAGA,3
GACGCCATACCGAGTC,3
GACGCTGATTACACAG,3
GACGGCAGTTATGAGA,3
GACGTAGAAGCTACAC,3
GACGTAGCACTAACAA,3
GACGTAGGCTATATTA,3
GACTCACTCGGTAAAC,3
GACTCAGAAGGTAAAA,3
GACTCTATACTCATAA,3
GACTCTCGAGCATACT,3
GACTTGCTACACTTGT,3
GAGAAAAAACGGAAAA,3
GAGAAATACTGATAAA,3
GAGAAGAAGTCCATTA,3
GAGACAGGCCAAGAAT,3
GAGACTTATAAACCGC,3
GAGAGGAAAGGCTCAA,3
GAGAGTAGTCATAACA,3
GAGATGTACTGATCAT,3
GAGCATAGAACAAATA,3
GAGCCAATAAATAAAT,3
GAGCGTGTTTCAGAAC,3
GAGGACCAATTTAATG,3
GAGGATGAGTAGTGAA,3
GAGGCATAACGAACAA,3
GAGGCCGGCATTTAAA,3
GAGGGGCCTTGGAAGA,3
GAGGGTGCTGAAAGAC,3
GAGGTCTCTTAAATCA,3
GAGTACTATTTAGGAA,3
GAGTCATTCCATTTAA,3
GAGTCTCAGCTATTAG,3
GAGTGACTGAAGAAAT,3
GAGTGATTATAACTAC,3
GAGTGTTACATAAAGT,3
GATAAAAAGGTGGCTG,3
GATAAATATCCGCTTG,3
GATAAGACCACTATAA,3
GATAATAACGTATATC,3
GATAATTGCAACGGAG,3
GATACATACAATAATC,3
GATACTCTCTGAAATA,3
GATAGATAATGCCCGT,3
GATAGGCGCGTCACTG,3
GATAGTGACCTTTGAG,3
GATATAGTATGAAGCA,3
GATATTGAAATTCTCC,3
GATCAATATCCGCAGA,3
GATCATTAACAGATTT,3
GATCCGGGCATCAACA,3
GATCCTGAAGCATCCG,3
GATCGGAGACCCAACA,3
GATCTTATCGACCGGA,3
GATCTTTCAACTTAGG,3
GATGACAGAGAGACGA,3
GATGATTCTAGTTCCA,3
GATGCAAAGCCCTCAC,3
GATGGCCACGCAACAA,3
GATGGTAGAGTATGTA,3
GATGTGTTGACTCGAG,3
GATTAATTTGTAGATA,3
GATTACAGCCCCAATA,3
GATTAGATAGAAATGG,3
GATTATACAGAAACAT,3
GATTATCTTAAAGTGT,3
GATTCCGAGAATACCA,3
GATTCCGATTCACCGC,3
GATTCTCTATGTGCCA,3
GATTCTTAGAGTATTT,3
GATTGCCCTGGACCAG,3
GATTGCTCAGATCAGA,3
GATTGCTTGTAAAAAT,3
GATTGGATGGACCTCT,3
GATTTATTAAAACTAA,3
GCAAATATGTTGGTCA,3
GCAAATCGTAAACATT,3
GCAACACCTTCAATGC,3
GCAACTACTAGCGACC,3
GCAACTTCCCCATAGG,3
GCAACTTGACACCGTG,3
GCAAGTGCACCCAACC,3
GCAATAGGATTTCGCA,3
GCACACTGGGTCCTAC,3
GCACCTATGTAAACTG,3
GCACGATACATAAAAG,3
GCACTAAAAACAATCC,3
GCAGATAGACACACCA,3
GCAGATCACTGGATAC,3
GCAGCTGGTCATGACC,3
GCAGTCCAATATCCAT,3
GCAGTGCACATATAAA,3
GCAGTTAGAACAGACA,3
GCATAATCCACTGGTA,3
GCATACAAAAGTGTTC,3
GCATCATAAGCAAAGA,3
GCATCCACCTATTAGA,3
GCATCCAGTTGTTCGC,3
GCATCCTAGTCGTTAT,3
GCATCGAAGAGCTCCA,3
GCATTATTAATGCTGC,3
GCCAAAACTCAGCATT,3
GCCAAATTCCACCAGA,3
GCCATAAAACTTGAAT,3
GCCATAGGGTTGTGCT,3
GCCCATGTGGCACAGA,3
GCCCGCTCCAAACCCC,3
GCCCTCTCGCGAAGTA,3
GCCGCGTGAAGAGACT,3
GCCGCTCCTACATTTA,3
GCCGGGGCCGTCGTCT,3
GCCGTGAAAATAGCAT,3
GCCTCATTACTGCCTA,3
GCCTTCTACTTCATAC,3
GCCTTGAGTCCACCAG,3
GCGAACCGGTCTCGGT,3
GCGAATCGGTCCCTCA,3
GCGAGAGTTCGTAACG,3
GCGAGGGCGTAACCAA,3
GCGCCTATAACTGACC,3
GCGCGTCGACTTTTCC,3
GCGGAAATACCCAAAC,3
GCGGAGTCTGGTTGAT,3
GCGGGAAGTCGCCCAC,3
GCGTAAATAAATATAC,3
GCGTAGAGACTGAAAG,3
GCGTATAAGTCCGTAG,3
GCGTCACAGAAATAAC,3
GCGTTATAGAATCAAA,3
GCTAAACTTAAATCAA,3
GCTAAAGTGCCAATGA,3
GCTAAGCCCGAATAAC,3
GCTACAACTCTAATTT,3
GCTACAGATCCCTTCG,3
GCTAGTAACCTGTAGC,3
GCTAGTAGAGCCACAT,3
GCTAGTGCAACGAAAC,3
GCTATAAGACAAAAGT,3
GCTCAAATACTACTTC,3
GCTCCATTGCGACAGA,3
GCTCTGATGCAAAATT,3
GCTCTTACGTAAACAG,3
GCTGAAACAAAAAATT,3
GCTGACATGATGTCGT,3
GCTGCATGTGGACTTT,3
GCTTACCAGAAAGTGC,3
GCTTAGGAAATTACGT,3
GCTTCAAGAAATAAGT,3
GCTTCGAATCTAAACC,3
GCTTCTAAATGGGACT,3
GCTTGCACGTTAGACA,3
GGAAAAGATTTGAGAA,3
GGAAACCGGTATGACG,3
GGAAAGGTTTAGCAGT,3
GGAACATATTCATAAC,3
GGAACCATAATGAAAG,3
GGAATAGAAAGGACCG,3
GGAATCGCAGTAACCA,3
GGAATCTGCCCAAGAG,3
GGACAATATCAATATT,3
GGACAGAAAAGTGTAA,3
GGACGTGAGACGGATT,3
GGACTCATGACATATA,3
GGAGATCACATGTAAT,3
GGAGCGAAAAGCATTA,3
GGAGCGGCACACCCCC,3
GGAGGAACAAAATCGT,3
GGAGGACCGGTCACCC,3
GGATAGCTTGGATACA,3
GGATATTGCGCCGCCG,3
GGATCACCCGGCCGAT,3
GGATTATAACCTACAG,3
GGCAACGACACTGAGA,3
GGCACCTTACCAGCTA,3
GGCCAATCCCCGTGTA,3
GGCCATAACACCTCAT,3
GGCCCAGGCGCTTTGC,3
GGCCCTACAACCCCTG,3
GGCCGTTAACGACCGT,3
GGCGAAATGCTCGACC,3
GGCGATCCAAACACCC,3
GGCTCTCAACAAAATA,3
GGCTTCGATGGGCACC,3
GGGAAAAATTTAAACT,3
GGGAACGTACTCTGGG,3
GGGAATCTAAAGGGTC,3
GGGACAACCATAAATT,3
GGGACATAAACTGGCC,3
GGGACCGTATCTTAAA,3
GGGATATAAGGATTAA,3
GGGCATACCCTGATAC,3
GGGCCGCGTATCCTGA,3
GGGCTACGGCACAGAA,3
GGGCTTATGAATAAAT,3
GGGGTGAATGGATGCG,3
GGGTCGTCCACTTAGG,3
GGGTCTCGTCATCCAT,3
GGGTGGCTGAGTTAGA,3
GGTAAGGAAAGGCCTA,3
GGTACCCCAATACTAA,3
GGTAGAGTGAATAGCA,3
GGTAGCAATATTTAAT,3
GGTAGTTACACTACCC,3
GGTATAACTTGACTTC,3
GGTCATGAAAGACCTT,3
GGTCCCAATAGCGCAG,3
GGTCTCCAAGATCTCA,3
GGTTCAAGAGATCAAA,3
GGTTCATACACACCTC,3
GGTTCTTAAAATTACC,3
GGTTCTTGGATTGCGT,3
GGTTTACAAGCACAAA,3
GTAAAACGCTGTAGCT,3
GTAAAAGGAAGGGAAA,3
GTAAACAAGAACCTAA,3
GTAAAGAACTAAATTA,3
GTAAATAGATTTCAAG,3
GTAAATGTGGAGCCAT,3
GTAACACGAATTAAAA,3
GTAACAGCAGATAACC,3
GTAACGTATAGTCCTC,3
GTAAGAAAACCCGTCA,3
GTAAGAGGTATTCAAT,3
GTAAGGCACGAAATAA,3
GTAATAATGTATTAAT,3
GTAATACAACTACTCC,3
GTACAAGGAAAGGCAT,3
GTACAATGCAAAGGTA,3
GTACAGATTTAGTACT,3
GTACATTCCCAAGTGA,3
GTACCAAGTATCTGCC,3
GTACCCTTATGATACC,3
GTACGATCGCCGTTGT,3
GTACTAAAAATTCGGT,3
GTACTAACTTGTCTAA,3
GTACTGCACCTGACAA,3
GTAGACAACAATAACT,3
GTAGACCTGAAACAGC,3
GTAGACTAATAGCAGC,3
GTAGCAGTCATTGAAT,3
GTAGTAAAAGTACGTG,3
GTATAGAAAAACCCAA,3
GTATAGATTGAATATC,3
GTATAGCTCTGTTTAA,3
GTATGACCAATTCCGA,3
GTCAAAAAAGGTAAAC,3
GTCAAAACCGTACTAC,3
GTCAAAGGCGTACACG,3
GTCAACCAACAAGCTG,3
GTCAACCTCACGGCGC,3
GTCATAGAACAATCGC,3
GTCATTACGATAATAT,3
GTCATTCAAGTCGCTG,3
GTCATTCCAGGCAGCC,3
GTCCAATATTCAATTC,3
GTCCCACAAATTACTT,3
GTCCCTATACCGGGTG,3
GTCGCGTTATCACAAC,3
GTCGGTATCGTATAGC,3
GTCTCCAAACGCAGTG,3
GTCTTATACTTTGGGT,3
GTGAAACATGTTGACC,3
GTGAATCTCGAGCGGA,3
GTGACACATACTAAAT,3
GTGACCACACGTGCCA,3
GTGACTGGCACTAGGC,3
GTGATTATAAAAATAG,3
GTGATTCTCGTAAAGA,3
GTGCAATGAGGAATAT,3
GTGCACACACAATATA,3
GTGCCAGACAACAGAA,3
GTGGAACTAACTGCAT,3
GTGGACACAAACCCGA,3
GTGGCCCAGACTACTC,3
GTGGCTACAAGGCACA,3
GTGGGTAATTTTAGGT,3
GTGTAACGCATTCCAA,3
GTGTACCTCACCCGTA,3
GTGTACCTTGTTGACA,3
GTGTCTTCGAATTTAT,3
GTGTGCCAAAAGTATA,3
GTGTTCAATTGCTAGA,3
GTGTTCTCATGCGACC,3
GTTAAACCGAAGCCAC,3
GTTAAACGTTCGCCAT,3
GTTAACTAAACCTATA,3
GTTAATAATATTTAAC,3
GTTACGCTTCACAGAT,3
GTTACTCATACAGTGG,3
GTTAGATGTGCGTAAA,3
GTTAGCATCAATGGAT,3
GTTATAATGGTACGAG,3
GTTATCCAATACAAAA,3
GTTATTGATACCTGAC,3
GTTCAAAGAAGAGTGC,3
GTTCAGCAGTGATCTA,3
GTTCATGGGACAGATA,3
GTTCGTCTAACTTACT,3
GTTGAACATCATATAT,3
GTTGCGCACGCAAGTA,3
GTTGCGCTTTAATTTA,3
GTTGGCAAGCTGATCA,3
GTTGTATACTTCGGTC,3
GTTGTGCTTACGAAAT,3
GTTTAGTTGTGTTTCA,3
GTTTATGAAAACAGGG,3
GTTTCACGAATTTAAT,3
GTTTCCAACGTGCACT,3
GTTTGCGTCCCAAACT,3
GTTTGCTCACTCAAAA,3
GTTTGGACACAATCCC,3
GTTTGTTTAGCATTTT,3
TAAAAACTAGCTCTGG,3
TAAAACCTAGAACGAA,3
TAAAAGTACTAATACT,3
TAAACAAGACCTCGCT,3
TAAACAAGGTAAAAAG,3
TAAACTTATCAAATGC,3
TAAAGAGGATGAACAT,3
TAAAGGAAAAAGACTC,3
TAAAGTAACGTCATTC,3
TAAATACATTAGAATC,3
TAAATATAACTTCTCC,3
TAAATCAACAATTAGT,3
TAAATCACGTAATCAA,3
TAAATTAAACCCAAAA,3
TAAATTACTTGATAAA,3
TAAATTCCCAGTTACG,3
TAAATTTAAACTGCAG,3
TAAATTTAAGTTACAA,3
TAACAAATTACCAGTC,3
TAACAACCAAAGCCGT,3
TAACACTATGATATCT,3
TAACATACGTAATCCC,3
TAACCACACATTCGCT,3
TAACCGAGCCAAGGAC,3
TAACCTTGGAAAGGCC,3
TAACGAAACAGTATAA,3
TAACTAACCAGTAACT,3
TAACTAAGACCATCGA,3
TAACTACAAAAACCTG,3
TAACTCATCACAAAAT,3
TAACTTTGAAAAGCAT,3
TAAGGCAATTTACGCA,3
TAAGTAAACGGTTCTG,3
TAAGTCATAGAAGTGT,3
TAAGTTAATGTGCTCG,3
TAATAAACACGTTGTG,3
TAATAAATGAAACCTA,3
TAATAAGCCCAGTCAT,3
TAATAAGCTGCTTTAA,3
TAATAGCCAACCCGAT,3
TAATAGCGGCTAGTTC,3
TAATATATGTAGTGGT,3
TAATATCAGTACTACT,3
TAATATGGTTGCAATA,3
TAATCAAGTAATACGA,3
TAATGACAATGACAAC,3
TAATGACACGAATATT,3
TAATGCTATTGATGAA,3
TAATGGTCTTTAAATG,3
TAATGTACAGCCGCAC,3
TAATTGTGACTCAGAC,3
TACAAACATTTTGTGG,3
TACAACAAATATGGTC,3
TACAAGCCACACAAAA,3
TACAAGCGCACATACA,3
TACAAGGCTAATAAAG,3
TACAAGTGCGTGTGCC,3
TACAATCATCTTGAAA,3
TACAATCATTTCCACG,3
TACACATCATCCGTCA,3
TACACCAAGAACTTAT,3
TACACCACAAGACAAT,3
TACACCGAAGGGGGTA,3
TACACTCGGGCAACAT,3
TACAGGAACGTAAATT,3
TACAGTTTCTATGGCA,3
TACATCAGCAGAAGGC,3
TACATCAGGTCTCCCG,3
TACATCGAACGTATCT,3
TACATGTCATTACACA,3
TACCACCATCTGAATA,3
TACCAGCACATCATAA,3
TACCAGGATCGAATAG,3
TACCATTTCAGGGAAG,3
TACCCAGAAATAAAGA,3
TACCGCGGTTGTTGTC,3
TACCGTCAGATCATAC,3
TACCTTGGTCGAGAAG,3
TACGAAATTCACAATG,3
TACGAAGGGCGCTGTT,3
TACGACTTTACTCAAA,3
TACGCCAACCATCATA,3
TACGGAATCGCATTTT,3
TACGTGTTGCCACTAG,3
TACGTTATACACCGAA,3
TACTAAAGGGCTGCAT,3
TACTAACAACCCAGAA,3
TACTACCCACAAAGCC,3
TACTAGGTGAGAAGTA,3
TACTAGTACTGTATCC,3
TACTCCAATCGGTGAT,3
TACTGACTTTAATGAG,3
TACTTCTAACACAATT,3
TACTTGTATCAAGGAG,3
TAGACAATAATATAAA,3
TAGACCCCAGCACCTG,3
TAGACGCCTATTAGCC,3
TAGACGGATTGACGAA,3
TAGAGCTAGCCCACTA,3
TAGAGGTAGTCAAGCG,3
TAGATAGCGTGTAAAC,3
TAGATTCAGTAATTTA,3
TAGATTCTACCCCCCT,3
TAGCAGTTTATCTTGA,3
TAGCATCCACAACCGT,3
TAGCCCCAAAACATAC,3
TAGCCGCTAAATTACT,3
TAGCCGTCGTCTCATT,3
TAGCGGCGGTTACGCT,3
TAGGAAGATCGGCGAT,3
TAGGAGTAACTAATTG,3
TAGGCAAAAAATACGT,3
TAGGTAATGGCTACCA,3
TAGTAAAAAATCCTTA,3
TAGTACATTTCCTCAT,3
TAGTACGCACCAGACA,3
TAGTAGAGTAGTTACC,3
TAGTATGCATACCTTA,3
TAGTCCACTAAAAAGC,3
TAGTGGGATTGCAATC,3
TAGTTAATCCAAGTCA,3
TAGTTCATATTACATA,3
TAGTTCTGACGCTTTG,3
TAGTTGCAGCAAACAA,3
TATAACAGCTATACTA,3
TATAACCGAGTAATCC,3
TATAAGGATAGCAAAT,3
TATAAGTGTCATTTAA,3
TATACAGACTACCAGA,3
TATACAGGAGATTGCT,3
TATACCTGAAAGATAC,3
TATACTTCGTTTTAAC,3
TATATAGATTCATTCA,3
TATATATACAAGATGA,3
TATATCGCGCAGTTGG,3
TATATCTACGAACCCA,3
TATATGCATAGAGAAT,3
TATATGCTAACCCATT,3
TATATTCACAAAATAC,3
TATCATAAATATGCTA,3
TATCCCATCTCGACCC,3
TATCGAAAAATACTTA,3
TATCGTAGTCTTCTTA,3
TATCGTGAACACAACG,3
TATCTACACAAATATG,3
TATCTAGAATGTTTGC,3
TATCTAGCTATTCCTC,3
TATCTCCCTCCTCGTT,3
TATCTGAGATCAAAGG,3
TATCTTCAGTATAAGA,3
TATGAAGATAATGCCA,3
TATGACGAAGAGTATA,3
TATGCAGCACTCTTAA,3
TATGGTAATATTATCC,3
TATGTTCGGGGTTGCA,3
TATTAGCACCAGATAC,3
TATTCCCGCTGTCAGC,3
TATTCCGAAGGTCGAG,3
TATTCCTCTGGTGACG,3
TATTGAAGAAATAACC,3
TATTGCAGTGTCAGGG,3
TATTGCGTCGCAATAG,3
TATTTGAAATTCAAAA,3
TCAAAAATAACCCGAC,3
TCAAAACAACTGAGAA,3
TCAAAATAAGAGAAAC,3
TCAAATCAAATATTAT,3
TCAAATCACAAGTCTA,3
TCAAATCGAAAGTCTT,3
TCAAGGTTTATAACCA,3
TCAATACGTAAATACC,3
TCAATTAAACGAATTG,3
TCAATTGGAGTACATA,3
TCACAAATTAAAACAA,3
TCACAATAGAAGAGAA,3
TCACACTACCGTATGA,3
TCACCGCGTTTCTGCC,3
TCACGCTACATACTAC,3
TCACGCTTAAGTTCGA,3
TCACGGGGGATGTCCA,3
TCACTAAAAATCTACC,3
TCACTCTTCAATCTCA,3
TCACTGCATCATAGGG,3
TCACTTAAGTAGAGAG,3
TCACTTAGGTGACAGG,3
TCAGACACCCGGAATC,3
TCAGACCTTACTGAAC,3
TCAGAGTAACTCCGAA,3
TCAGATTACAGACCAG,3
TCAGCTCAATCATTAA,3
TCAGCTTTGATGGAGC,3
TCAGGCCTAAACACGT,3
TCAGTAACTCTGTGAG,3
TCATAAAGCTGATGTA,3
TCATAAGGTTATGTTC,3
TCATATATGCAGTAAC,3
TCATATCGGGGGAATG,3
TCATCTAGACCAGGGG,3
TCATGAAAGTAACCTC,3
TCATGAATACACGTTT,3
TCATGAGGCAGAAAGG,3
TCATTAATCAACTTAC,3
TCCAAACACGAGGCCA,3
TCCAAGCTCATCACGT,3
TCCAATGCCTCAGCTG,3
TCCATATACATCACTA,3
TCCATGACGACGAAGG,3
TCCATGCTTAAAATAT,3
TCCATTGTTCTCAACG,3
TCCCACCAGAATCACG,3
TCCCACTACGTACCAA,3
TCCCAGGTAAACCAAT,3
TCCCCACAATTCTTGT,3
TCCCCACGTAACTGTT,3
TCCGAACAGATAACTC,3
TCCGGACACGCACAAC,3
TCCTACGCCATACAAT,3
TCCTCCAAAATCGGGG,3
TCCTCCTATTTATTAC,3
TCCTGCGAAGTCCTAA,3
TCCTTAGGTAGGATAA,3
TCCTTTCAAAATACCA,3
TCCTTTCTTAATATTA,3
TCGAAACCGTAGCGTA,3
TCGAACACCAGGATCA,3
TCGACCACCTCCACTA,3
TCGATTAGATGCTATA,3
TCGCAGCAACCATGGG,3
TCGCAGGACAGACCTA,3
TCGCAGTGAACTCACA,3
TCGCGCCACCCCCGCT,3
TCGCGCGCTCAAAATT,3
TCGGACCCGCTTACAT,3
TCGGCTATCTCTATAG,3
TCGTAAAAATTCTTGA,3
TCGTAACTCTCCTAAT,3
TCGTAGTTGCATCCAG,3
TCGTCAGTTGTTTATA,3
TCGTTACTTTCAGAGT,3
TCTAAATCTGGAAAAA,3
TCTAACCCTTTTGTAA,3
TCTACAAAAAAGGGCG,3
TCTACAAGTGAACAAA,3
TCTACGGGTGACCGAT,3
TCTACTACCTTTATCT,3
TCTAGCTCAAATGATC,3
TCTAGGATTAAGAACA,3
TCTAGTGACCAGTTTT,3
TCTATAGTAAAATAGA,3
TCTCATTTATCCATCC,3
TCTCCATCAAAGTGCA,3
TCTCGCACAAAGTTAA,3
TCTCTAATAATTAGCC,3
TCTCTTAAAAATCTAT,3
TCTGACGGCATAACTT,3
TCTGGGAGGATCAGCA,3
TCTGTTACGGATTCTA,3
TCTTACGAAAAGCCAT,3
TCTTGATATCTTGATT,3
TCTTGGTAATTATAAG,3
TCTTTAAAGCTTTACG,3
TCTTTTCAAATATCTT,3
TGAAAAACAGTATTAT,3
TGAAAATCGATTAACA,3
TGAACACAACTTACGT,3
TGAAGAGTTTTTGGGC,3
TGAAGTTAATGTCATT,3
TGAATCCTATTAATGA,3
TGAATGTTAAAAAGCG,3
TGACAATATATAACAA,3
TGACCCTGGATGAAAC,3
TGACTATCCATTGTAT,3
TGACTATTCCTAGCTT,3
TGAGCCGGTTGGATTC,3
TGAGTAATAAGCTATA,3
TGAGTCCATCGATACT,3
TGATAACGCCGGCTTT,3
TGATACTAAGCACTCC,3
TGATCAACCCCAGAAT,3
TGATGTCAAGCAAGAT,3
TGATTAACCAAGGACA,3
TGATTGCACTTAGAAA,3
TGCAAAGCGCCTAAGC,3
TGCAACATTTACATTC,3
TGCAACCGTACGCAAA,3
TGCAATGCCACATAAA,3
TGCACAATTTAGTGCG,3
TGCCAACGACATTGCC,3
TGCCACACTCCCTATA,3
TGCCATGGCCTACCCC,3
TGCCTCCTTAATACCG,3
TGCGACTTAAATTAAG,3
TGCGCCTCAGAGAGCG,3
TGCGTATGAAACTCTT,3
TGCTAGAAACCCTAGC,3
TGCTCGGGCGTACCGA,3
TGCTGTATTCTTTATC,3
TGCTGTTACTAGCAGG,3
TGCTTACGTACCACCA,3
TGCTTCCTGTGTCACA,3
TGCTTGCTGCTCAAGT,3
TGGACCTCACAATTCA,3
TGGACTAGCTGTAATA,3
TGGATGACGTAACGAT,3
TGGCAGACTTAAGCAA,3
TGGCATAAGCAAATAA,3
TGGCATAGAGTCATAC,3
TGGCCATTACATCCGA,3
TGGCGGCATCTATATT,3
TGGGATAACGATAAAT,3
TGGGGAATCAATCCTA,3
TGGTAAAATCATCTCC,3
TGGTAAAGACAATTGG,3
TGGTACTAGCACCGAA,3
TGGTCGTGAAGATTTT,3
TGGTTAAATAACACAA,3
TGGTTCCGAGAATACG,3
TGGTTGGCACCTCAAC,3
TGTAAAAAAAACCTAT,3
TGTAAAAAACTTTGGT,3
TGTAACTAAGGAACGG,3
TGTAAGCTTTTGAAGG,3
TGTACATCTCAAATCC,3
TGTACATTAGAATTCA,3
TGTAGCGCTTGTTACT,3
TGTATTGCACAATGCA,3
TGTCAAACAGTACATA,3
TGTCAACTAGCCAGCG,3
TGTCACTCCATATACA,3
TGTCGGTCAACACCAC,3
TGTCGTAATAATGGTC,3
TGTCTAGCATAGGACT,3
TGTCTTACATACTTTG,3
TGTGAAAAATACGTGT,3
TGTGCAATGTCCAAAG,3
TGTGTGCATCTGGACC,3
TGTTAACTAGGACGGA,3
TGTTAGACCGCCTAGA,3
TGTTCACTAGTTAACA,3
TGTTTGATAGAAACGC,3
TGTTTTACCATTTAAG,3
TGTTTTCCACGAGAAC,3
TTAAAAAATGCCGTCT,3
TTAAAGACCCTAACCC,3
TTAACACAATGAAATG,3
TTAACATTGCAATACA,3
TTAACCTGTACCGGGG,3
TTAAGAACATTCAAAG,3
TTAAGCTGTCCCTCAA,3
TTAAGGCGGAAGTACG,3
TTAATATTCTGCATCT,3
TTAATCACCCACACTT,3
TTAATCCAATGCATAA,3
TTAATGGAATCAAACT,3
TTAATGTATCGATCCA,3
TTAATTATATGCCAAC,3
TTACACGGTTGCATTA,3
TTACCACACTTATAGA,3
TTACCACGTTATTAAA,3
TTACCAGTTTCAACAT,3
TTACCATCTAAAGTAT,3
TTACGATTTCATCCCT,3
TTACTATTACAAAGTC,3
TTACTTGCACGAATAA,3
TTAGATCTCCATAACA,3
TTAGATGAGATACACT,3
TTAGATGATCACTGCC,3
TTAGATTTAACCCGAA,3
TTAGCACCCTGTCAAA,3
TTAGCGGAATCCGTAA,3
TTAGCTACTAGCTAAA,3
TTAGGGACCATAATTT,3
TTAGTAAACCTCTACA,3
TTAGTTTAAGAGTGCG,3
TTATAATATATCAGGT,3
TTATAGAAGATCTAAA,3
TTATATCATATTGTAC,3
TTATCGGACACCGATT,3
TTATCTGTAAGCACAT,3
TTATTACCGCAAAGGA,3
TTATTATAACAACCTA,3
TTATTCACATTGACTT,3
TTATTCCACGGATCAT,3
TTCAAAGGACGATTGT,3
TTCAAATAGTCAAAAG,3
TTCAAGACTGATTCTA,3
TTCAAGTCCTTCTTTT,3
TTCACATAATCAGGAT,3
TTCACCTAACGGTTAT,3
TTCAGTACCTCGAAGA,3
TTCATATACGATATGA,3
TTCCCTTCCCGTATCA,3
TTCCTACCATTAAAAA,3
TTCCTGACTGCTACTG,3
TTCCTGCAACTAGGGA,3
TTCGACTCATGGTCGA,3
TTCGAGGATAATGCGT,3
TTCGCAAGCGACAGGT,3
TTCGCAGGTGTTCCTA,3
TTCGCGAATTAAACAC,3
TTCGGCATAGACCAGG,3
TTCTCTCCTAAAGTTA,3
TTCTTAACGCTATGGG,3
TTCTTAACGTAAAAAT,3
TTCTTCATTCTTGCCT,3
TTCTTTGTGCATTAAT,3
TTGAAAAACCTCGATT,3
TTGAAAATACATCCCT,3
TTGAACCTAAATACAC,3
TTGACAAACAAAATTA,3
TTGACAATGAATTATA,3
TTGAGATGGAAAATCT,3
TTGATTTAACAGTATA,3
TTGCAGGGTTCATAAA,3
TTGCCATCCGACTCCT,3
TTGCCATGGATGTACA,3
TTGCCCCTTTGATCAC,3
TTGCCTTTAAAAACCC,3
TTGCGGCCGCTAAAGA,3
TTGCGGTGAAAGATCA,3
TTGGACTAAATGTGCA,3
TTGGAGACTGTAGACA,3
TTGGCTGTACGGCATA,3
TTGGTGAGCGCTCTAC,3
TTGGTGCTAAAAAAAT,3
TTGTAACGAGGATGCA,3
TTGTACGGATCTCCTC,3
TTGTCAATGAAGAAGA,3
TTGTCGATATAAAACG,3
TTGTGACTAATAAGTC,3
TTGTTCTATAGTCCAA,3
TTGTTTTTCTCCTTAA,3
TTTAAACCAGTAAAGA,3
TTTAACACTTTTTAAC,3
TTTACCGCTCTATTCC,3
TTTAGATTGCAATGGG,3
TTTCCAACTAGAACTT,3
TTTCGGGCCGTATAAG,3
TTTCTTAATCCAGAAA,3
TTTGCCATCATCTGCA,3
TTTGGCTTCGCGAGCC,3
TTTGTAGTTCACACTT,3
TTTTATAGAAATACAA,3
TTTTCTACTTCCTCGC,3
TTTTTAACAATCATCA,3
TTTTTACGGAGATTAT,3
TTTTTCTCCTCGTAGT,3
TTTTTTATACAACTCA,3
AAAAAAACAGACTCCT,2
AAAAAAAGGTCATGCT,2
AAAAAAGCTCGGACAT,2
AAAAAATATTTTCTTT,2
AAAAAATTCTATTAAA,2
AAAAACGATATGAAAC,2
AAAAACTAATCATCAG,2
AAAAAGCCTCCTAACA,2
AAAAAGCCTTAATGCA,2
AAAAAGGAAAAAGTTT,2
AAAAATACAAAGGCTC,2
AAAAATTAATGAATTA,2
AAAAATTAGGATATAC,2
AAAAATTCATAATGTA,2
AAAAATTGACTCCTAA,2
AAAAATTTCTTTCTGA,2
AAAACAAAGACACAAC,2
AAAACAATAACCTTCA,2
AAAACAATCACCTCAG,2
AAAACAATGATGCAGA,2
AAAACATCCATTATCC,2
AAAACCTAATTTCAAT,2
AAAACCTCACCAGGTA,2
AAAACCTGAACAAAAG,2
AAAACGATTCTCTGAC,2
AAAACTAAAGCCAGAC,2
AAAACTGGTGTGTTTT,2
AAAACTGTCGACGTAG,2
AAAACTTAAGGCACAA,2
AAAAGAATTGAAAGAC,2
AAAAGATTGTAATACT,2
AAAAGATTTTTAAACA,2
AAAAGCTAACCAACCT,2
AAAAGCTTCAATAAGT,2
AAAAGCTTGATGCTGC,2
AAAAGTAGAGGCTTGA,2
AAAAGTCAAACATTCT,2
AAAAGTCCGCAACTTA,2
AAAAGTTATACATTAC,2
AAAATAAACCACGGAT,2
AAAATATAACACAAAA,2
AAAATATGAGCTGGGC,2
AAAATCAAGCGTCGCT,2
AAAATCAGGAAGGATC,2
AAAATGGATGAGAAAA,2
AAAATGGTTAAACTCA,2
AAACAACCTCATATTT,2
AAACAACGGGCATTGC,2
AAACAAGCAAAGGTAC,2
AAACACAGTTGACTAG,2
AAACACCTGAAATGCC,2
AAACAGAAACCCGTTA,2
AAACAGTTAGACCACG,2
AAACATAAAACATCTA,2
AAACATACTTTACTGG,2
AAACATAGATTTTAAA,2
AAACATCCCGTCGCTT,2
AAACCCGATGTGGAGC,2
AAACCCGCGCGTTTTC,2
AAACCGTAGAAGATGT,2
AAACCTCCAAACCACC,2
AAACGAAAACAAAACT,2
AAACGAAGAAAGTCCA,2
AAACGCAAGTAATGAT,2
AAACGCTCGTACCGTC,2
AAACGGATCAATAAAA,2
AAACGGGAGTTTAGCC,2
AAACGGGTATGGCCCA,2
AAACGGGTCACTCAAA,2
AAACGTGCGAACCCCG,2
AAACTGCATTTTATAA,2
AAACTTAAGTAGTAAC,2
AAACTTGAAGAAATTT,2
AAAGAAAAAAAGTCGC,2
AAAGAAAATCCACAGA,2
AAAGAAAGGTGACCAC,2
AAAGAAGTATCGCAGC,2
AAAGAATCTCAGAAAG,2
AAAGACACTGGGCCAT,2
AAAGACTAACACTATG,2
AAAGACTACCCATATA,2
AAAGACTAGATACTCA,2
AAAGAGCGTGAGTTCA,2
AAAGCAAAATAAAGCT,2
AAAGCATACCACAACA,2
AAAGCCACACTAACAC,2
AAAGCCGGTGGTACAA,2
AAAGCCTTAGAGAGAA,2
AAAGCTCAAAAATAGG,2
AAAGGAAAAAAGACCA,2
AAAGGAAATGTACTAG,2
AAAGGAGATTGACAAG,2
AAAGGGTAGAAGCCTT,2
AAAGGTAGGCACCATC,2
AAAGGTGAAACTAACG,2
AAAGTAAGAAAACGAA,2
AAAGTACATAAACAAA,2
AAAGTATTCTAATAAT,2
AAAGTCAAGTTAGAAT,2
AAAGTTTATCAAAAAT,2
AAATAACTCAAATATG,2
AAATAACTCAACACTA,2
AAATAACTCCTATATT,2
AAATAAGAACTATAGG,2
AAATAATGGGGGGTCA,2
AAATAATTATCATGCA,2
AAATAATTCCAGTACC,2
AAATACCGAAATCACA,2
AAATAGAACTCGCACT,2
AAATAGTCAAACAGCA,2
AAATAGTCCGTCATAG,2
AAATAGTTGTGAAGAC,2
AAATATTTTTAATCAC,2
AAATCACACAGGATAT,2
AAATCAGATAGCTGCC,2
AAATCCAGGATCGTAG,2
AAATCCGAGCTACGAA,2
AAATCCTGAAGCGTTG,2
AAATCCTTCATTAACA,2
AAATGAATATGCACAT,2
AAATGACAACCACCGT,2
AAATGATACGCGTCTC,2
AAATGATTCATCCATG,2
AAATGCAGCGGGATAA,2
AAATTCATCTACCAAT,2
AAATTCCCCTCAGACA,2
AAATTGCCTTCCTAAA,2
AAATTGTAATTCAGCC,2
AAATTGTGCTGGCATT,2
AAATTTCAAAACCTCT,2
AAATTTGAACAGTAAT,2
AACAAAAGTAACATAT,2
AACAAAAGTAGAAAAG,2
AACAAACCAGACTAAG,2
AACAAAGAGTCGCGAG,2
AACAAATACCGAGTCG,2
AACAAATGTTCAGGGT,2
AACAAATTATTATCGA,2
AACAACCACAGCCAAA,2
AACAACCACATCTAAT,2
AACAAGATCTTTAATA,2
AACAAGGGCCGACATA,2
AACAAGTAACACCCCC,2
AACAATAACATGCCCG,2
AACAATACATGATAAA,2
AACAATATTCATCACC,2
AACAATGATTGAACGT,2
AACAATGGAGTGTCAC,2
AACAATTAATAACCAG,2
AACACAAAAGTCTATT,2
AACACAACGCAACACA,2
AACACATCGCGGGCAA,2
AACACCATCACTCACA,2
AACACGCAAAAAAGGG,2
AACAGGCGCTAGTAAT,2
AACAGGTAATTGCTTC,2
AACAGTTCGTATAACT,2
AACAGTTTCAAGACCA,2
AACATAATGAGCTTGT,2
AACATAGAAGTAATTC,2
AACATAGGCAATTGAT,2
AACATATAAGCTACCT,2
AACATATACCCTACGT,2
AACATCAACCTCCTAG,2
AACATCCGCTCCATCC,2
AACATCGCTGCTTAGG,2
AACATGATCGCCAGAA,2
AACATTTTCCTCGCCA,2
AACCAAAATAGTACAC,2
AACCAAAGACCCATGC,2
AACCAAGTTACATTTT,2
AACCAATGCACATAAA,2
AACCAATGTCCAAGAT,2
AACCACCTATAAATGT,2
AACCAGACTTTTAACA,2
AACCATTCTTAAACCG,2
AACCCACCAATCAGAA,2
AACCCATAGCTTCTAT,2
AACCCATATGAGTTCA,2
AACCCCGACCAACGTC,2
AACCCCTAGTTCCATG,2
AACCCGAAAAAAACAA,2
AACCCTTAATAGTTAG,2
AACCGAAAAAAAAACA,2
AACCTCACAGACCCGT,2
AACCTCGGAATATACT,2
AACCTCGTAGCCTGAA,2
AACCTGATACCTTAAC,2
AACCTTCACGGAAGTA,2
AACGAATAAATCTATT,2
AACGAATAGCGCTGAC,2
AACGACCCACTTTAAA,2
AACGACCGGTACTAAG,2
AACGACTGAGCATCGC,2
AACGATTATCCTACCC,2
AACGCTATTGGTTCAG,2
AACGCTCCCTGACCAA,2
AACGCTCTATCATAGC,2
AACGGGTCGTGAAAAG,2
AACGGTACCGCAGTAG,2
AACGGTCAGGAATCTT,2
AACGTATATGGACTAT,2
AACGTCACCTGAAAAC,2
AACGTCAGACCTACAA,2
AACGTTCGATTTTTAC,2
AACGTTGTTATAATTG,2
AACTAATTTAATACCT,2
AACTACGGCTAATACT,2
AACTAGTATCGATTAG,2
AACTATCACATTTTTT,2
AACTATCGCAACCATC,2
AACTATTAATAAACTA,2
AACTCACCAACGAACA,2
AACTCCAATCCGATTA,2
AACTCGATCTATGATC,2
AACTGAGCGTTACTAA,2
AACTGGATCCTGGATT,2
AACTGTCGGCCGAACA,2
AACTTAATTCTAGAAC,2
AACTTCAGAGGGTTAA,2
AACTTCAGTGGAAATA,2
AACTTGAATAACCACA,2
AACTTGACTATCAATT,2
AACTTTGTCATAGAAC,2
AAGAAAGAGAAATTAC,2
AAGAAATAATTAGACC,2
AAGAACCAGTAATACC,2
AAGAATAATCCTTGAT,2
AAGAATACAAGAAGGT,2
AAGACGATAGAGTATC,2
AAGAGAAATCTACCCC,2
AAGAGAGTCAGGACAT,2
AAGAGCGTCCGAAGAT,2
AAGATAAAATAACCTA,2
AAGATAAAGTGATGAA,2
AAGATAACCACCAAAC,2
AAGATAATGCCGGTAC,2
AAGATACTCTTTCTCA,2
AAGATACTGAAGATAC,2
AAGATCTTTAAGAACT,2
AAGATGATAAACAAAC,2
AAGCAATTGTTCTAGA,2
AAGCATCGCGTTAGCT,2
AAGCATGATGAAAATG,2
AAGCATGCCTTAGATT,2
AAGCCAAAAGAGGAGA,2
AAGCCACGTGGCAGTA,2
AAGCCCCGGGAGTGCC,2
AAGCCCGATAACGCAG,2
AAGCCCGCGTGACCTA,2
AAGCCGAAAAGTGAAA,2
AAGCCTAGGCCAAACA,2
AAGCGGTACAGAAACA,2
AAGCTCTCATAACGTC,2
AAGCTGCATCTACATT,2
AAGCTTAGGAAAAATC,2
AAGGAATGAGCTCACA,2
AAGGACCATATTATGC,2
AAGGACTGATCGAACT,2
AAGGACTTAATTTCCC,2
AAGGAGAAATTTTTTG,2
AAGGATACAGATTCAT,2
AAGGCAGACGCTAAGG,2
AAGGCATGTCAATAGT,2
AAGGCCGACCAGGAGA,2
AAGGGGTATAACAACG,2
AAGGTCACACACGCAT,2
AAGTAAAACAAGAGTA,2
AAGTAATGATAAAAAA,2
AAGTAATTGAGAATGT,2
AAGTACGAGCAAAATC,2
AAGTAGCTCTATCTTC,2
AAGTATAAAAACACAA,2
AAGTATAGCAGAATGG,2
AAGTATCGAAGGAATT,2
AAGTCAGCCACCTTAT,2
AAGTCGCGGCTAAGTT,2
AAGTGCCAACAGAGAT,2
AAGTTAAAGCCAGCCC,2
AAGTTGAAATCGCTGG,2
AATAAAACAGAATTCG,2
AATAAATGTGCATTTT,2
AATAACATAACGAGCT,2
AATAACCAACTCGAAA,2
AATAATATGTTGATAG,2
AATAATGGATCGGGAA,2
AATACAATAGAGAAAA,2
AATACCAAACGCGGCC,2
AATACCACGTTCCCTT,2
AATACCACGTTTAATT,2
AATAGAACTGGAATAG,2
AATAGAAGGAAGCAAT,2
AATAGAATCCGACAAT,2
AATAGTATCCAGCCAA,2
AATATAACCTCTAGAA,2
AATATACTATGGTTTT,2
AATATAGAAAAATCAT,2
AATATAGAACAGACCC,2
AATATATGTAGACATC,2
AATATCAACTAGAACG,2
AATATCATGTAACACC,2
AATATGCCATGCTGTT,2
AATATGTCATCAAATT,2
AATATTAATATACGAT,2
AATCAAAAAAATACGA,2
AATCAAAAATGAAATT,2
AATCAAGATGAAAAAC,2
AATCAATCTTAGGCAC,2
AATCAATTTATACTCT,2
AATCACGTTATATGAC,2
AATCAGAAACATGCAC,2
AATCCAACGAGTTGCA,2
AATCCATAATTCAAAA,2
AATCCATGATGGTAAC,2
AATCCCACAGTACGCG,2
AATCGGCATATGTTGA,2
AATCGGTCGTCGAATA,2
AATCTAAAACCCTGCA,2
AATCTACTCTTGACTA,2
AATCTATATATTACTT,2
AATCTATTACGTGCAG,2
AATCTCACATTGACAT,2
AATCTCTACTATTGTC,2
AATCTTAGGAGTGAAT,2
AATCTTTATGTAAAAA,2
AATGAACGCGCACTCA,2
AATGAAGTTAAAACAG,2
AATGAATTTTCATTAG,2
AATGACATATAATAAA,2
AATGACATGGTACCAA,2
AATGACGCAATACAGC,2
AATGAGTATCAAAAAA,2
AATGATATTACAGACT,2
AATGATGTTGACTGAT,2
AATGCCCTACTCCGAA,2
AATGCCTTTTGAGCTT,2
AATGCGTCTATAGCAA,2
AATGGATCGTTACAAC,2
AATGGCAATAAGGCAT,2
AATGTAAAATCCTGTA,2
AATGTGCTAAAATCAT,2
AATGTTCCTGAAGACG,2
AATTAAAACCCGAAGA,2
AATTAAACGGCCACCC,2
AATTAAGGGAATTGTA,2
AATTACGACGGATAGT,2
AATTATAAGTACTAGG,2
AATTCAAAGCCAAAAC,2
AATTCGGTCTGGCAAC,2
AATTCTCAAATAGAAA,2
AATTGATATAATTATC,2
AATTGATTAGACCCTC,2
AATTGCCAAAGTAGAC,2
AATTGTCATTAGATTG,2
AATTTAAAATATGTCG,2
AATTTACATTGAAGAC,2
AATTTAGAAAGAAGCC,2
AATTTATAGGATAAAT,2
AATTTATCCCATTTAG,2
AATTTCGAAGTGAGAC,2
AATTTGAAGAACGCGT,2
AATTTGCAAAACCACC,2
AATTTTCCTTCATTGG,2
ACAAAACCTGGTCTGC,2
ACAAAACGCGATCCCC,2
ACAAAACGTCTAGATA,2
ACAAAACTTATCTGTT,2
ACAAAATAAGAAATAA,2
ACAAACAAGGAATAAC,2
ACAAACAATGTTAAAG,2
ACAAACACGTTTCGGA,2
ACAAACATGCCAGCTA,2
ACAAACCAATCGTATC,2
ACAAAGATTGCCCGGC,2
ACAAAGCATGGCTAAC,2
ACAAAGGTATACATCC,2
ACAAATAATGACTCAA,2
ACAAATCGATCTATAG,2
ACAAATTGAACTTAAC,2
ACAACACCTCTGAGTT,2
ACAACATCCAAAGATC,2
ACAACCAGACGTAGTC,2
ACAACCATGGCGAGAA,2
ACAACTAAAAAAAACA,2
ACAACTGACGTCGCTA,2
ACAACTTAAGACTACC,2
ACAACTTACAATACTT,2
ACAACTTTATTCCGAG,2
ACAAGAATCACCGGTA,2
ACAAGCGTACCAAGAC,2
ACAAGTAGACATAGCT,2
ACAAGTTAAATTATTA,2
ACAATCTAACCAGCGG,2
ACAATGACTTGAAAAC,2
ACAATTGAACACGAAC,2
ACAATTGCAAGCCCCC,2
ACACAAATAGAAATGA,2
ACACAAATAGAGAACG,2
ACACAAGATGCCAGTA,2
ACACAATTTACCAGTC,2
ACACATCAACAGAAGT,2
ACACATTACTCTGCGT,2
ACACCAAAGAAGACCG,2
ACACCAATGGGTTACT,2
ACACCACAAAGAGTAA,2
ACACCATAGTAAACGT,2
ACACCCAAAGAAAGAG,2
ACACCCCAAACGCACA,2
ACACCTACCACGAAGC,2
ACACGAATATCGGTTC,2
ACACGAATGACAAGTA,2
ACACGATATATTATAG,2
ACACTACGCACAATAT,2
ACACTAGATAAATCTC,2
ACACTCGGACACAAAC,2
ACACTGAGCATGGTCC,2
ACACTTAACATAAAGT,2
ACACTTAACCCATCGG,2
ACACTTTAGCGAGCTC,2
ACACTTTGCCGCAAAG,2
ACAGAATCACACCTGA,2
ACAGAGATAGAAACTT,2
ACAGAGCCGACCCTGG,2
ACAGATACAATCAAAT,2
ACAGCACATACCCTAA,2
ACAGCATAGCTTACTG,2
ACAGCCCCTTGAAATA,2
ACAGCCTAGAGCGAGC,2
ACAGCGCCGCACTACT,2
ACAGGCGCAACCAAGG,2
ACAGGGTAATCGTACG,2
ACAGGTCATATAAGCC,2
ACAGTATCCGGAGCCT,2
ACAGTCAGAGACTGCC,2
ACAGTGTCGATAAGTA,2
ACAGTTAGTACAATTT,2
ACAGTTCCGTGAAGCA,2
ACAGTTGCGACGGTTT,2
ACAGTTTACATAACAA,2
ACATAATTGACAAGAG,2
ACATACAAGAATACGA,2
ACATACCACATGCAAT,2
ACATACCATAAACAAC,2
ACATATACATAAAGCA,2
ACATCAAGCCATAAGC,2
ACATCGTCAATAGGGT,2
ACATGCATCAGCTGCG,2
ACATGCTAAAACTACC,2
ACATGGCTCTAAATCC,2
ACATGGGGTAAGCTGA,2
ACATGTCTATTAGAAT,2
ACATTAAGTTAGCATA,2
ACATTACAAATCCTGA,2
ACATTACAAGGACATA,2
ACATTACTCACGCAAG,2
ACATTATGATCAAAAA,2
ACATTCCCGAAATACG,2
ACATTCTTTGGTGAGC,2
ACATTGCTTCCTAAGT,2
ACATTTGTCAGATCAT,2
ACCAAAAGCGGTTCTG,2
ACCAAACCCCAAATAT,2
ACCAAGTAAGAAACTT,2
ACCAATAGCTATATTA,2
ACCACATAATATCAGT,2
ACCAGAAACATTATGA,2
ACCAGAACTGATAAAC,2
ACCAGAGACTTAGCAC,2
ACCAGATACAGACTGT,2
ACCAGATGATACACGT,2
ACCAGCCACAGAGCAT,2
ACCAGCTGATAACTAA,2
ACCAGTGATATAACAA,2
ACCATAAGACCCTCCA,2
ACCATACACGCTTACT,2
ACCATGAACCTGCCAC,2
ACCATGCCTGGCCCAA,2
ACCATTTAAGCTAACC,2
ACCCTAAGCTCCGCCC,2
ACCCTACACAAGAAGA,2
ACCCTTATATGGTACA,2
ACCGAATCAAAAAATT,2
ACCGACGATAAACGCA,2
ACCGACGCGGATTCCT,2
ACCGATTAATAAACAC,2
ACCGCCCCCAAACCAG,2
ACCGCCGATGCAAACA,2
ACCGCCGATGCAAAGT,2
ACCGGAGTTTTACACG,2
ACCGGATAGACAACAA,2
ACCGGATTCGTACGAA,2
ACCGGTAAAGAATCGT,2
ACCGGTTCACTTAGGA,2
ACCGTAGCGACGAAAC,2
ACCGTTCACATAAAAG,2
ACCTAAAACGACAATT,2
ACCTACAAGTTTACTG,2
ACCTACGACAATTAGA,2
ACCTATATAATCTTCA,2
ACCTATATTGATTAGA,2
ACCTATTAAGCCAGGA,2
ACCTATTGCTTCGTCA,2
ACCTCAAAAGTTAGCC,2
ACCTCGAGGCGCCCGC,2
ACCTGCCATTTCTCAC,2
ACCTGTGTACACCGCA,2
ACCTTAACATAGGTTG,2
ACCTTAATCCGCCTTG,2
ACCTTACAGTTGGTAT,2
ACCTTTACGCGTCTTT,2
ACCTTTTCGGTACCAT,2
ACGAATCTCCTAATGA,2
ACGACAAAACAAACAA,2
ACGAGCCTATCCAAAG,2
ACGAGTCAATTACCCG,2
ACGATATTTTAACTCA,2
ACGATTAATTCGGTAC,2
ACGCACATACATAGAT,2
ACGCATGGTGCCGAAT,2
ACGCATTATAGTCATA,2
ACGCCCATTATCCGGT,2
ACGCCGACAACATTTA,2
ACGCGAAGACCCATTT,2
ACGCGCATCTAAACCC,2
ACGCTTCCACAATACT,2
ACGCTTTTCACCCCGC,2
ACGGAAAATGCGGGAA,2
ACGGACTATCAATCTA,2
ACGGATAAGTACATAA,2
ACGGATACTTAGAAGA,2
ACGGATGGCCAAGGAT,2
ACGGATTTCCCTATAG,2
ACGGCACCAAACGGCA,2
ACGGGGTGAACAGGTA,2
ACGGTATTTTCATTTA,2
ACGGTTACAATCGAAC,2
ACGGTTTATCAACAAA,2
ACGTAAGCTAAACAAT,2
ACGTACACAACATGAT,2
ACGTACTTTCGTTACA,2
ACGTAGGAAGCGACGT,2
ACGTATCTTCCTTGTC,2
ACGTGATGAAACATAC,2
ACGTGGTAAACTTTCA,2
ACGTTCTCTTACCCCA,2
ACGTTGAGCTTAGCGG,2
ACGTTGAGGAAGGAAA,2
ACTAAACCAAGATAGC,2
ACTAAATAAAATAACA,2
ACTAAATGTATAAGAG,2
ACTAACAAAAGAAATT,2
ACTAACCACATGGTGG,2
ACTAAGCTCAAAGATG,2
ACTACATAAAAAAGTC,2
ACTACATTAAAAATAT,2
ACTACTAGACCTGCCC,2
ACTAGAACGAGAAACA,2
ACTAGACTAATCTAAA,2
ACTAGCCACAGAAAAA,2
ACTAGGTTCACGATGA,2
ACTAGTTGCAACTGAA,2
ACTATACACTACAAAT,2
ACTATACGATTAAGCT,2
ACTATACTCGACAATA,2
ACTATAGTAATCGTTT,2
ACTATATAAAAAAAAA,2
ACTATGAATCTGAAAA,2
ACTCAAAGACGCTCCT,2
ACTCAAATGAAAGACT,2
ACTCACAAGCTAGAGA,2
ACTCAGAAGACCAGAG,2
ACTCATCGGTTAAAGT,2
ACTCCACAACTAAACT,2
ACTCTAGGACTAACCG,2
ACTCTCACCTACCCGA,2
ACTGAACTATTGATGT,2
ACTGAAGAAAAGCCGT,2
ACTGATATCCCGTCGT,2
ACTGCGTTGGTGCGAT,2
ACTGGCATGATGGCTG,2
ACTGTAAAGATACATT,2
ACTGTAAGGGGTTAGT,2
ACTGTAGCACAAAAAA,2
ACTGTAGCTTGAATAC,2
ACTGTCGCAGAGAATA,2
ACTGTGCCACATTTGA,2
ACTTAAAACCACAATG,2
ACTTAAAGGGACAACC,2
ACTTAATAAACTTAAA,2
ACTTAGAAATCAGGTT,2
ACTTGCTATGATATAA,2
ACTTGGCCTCCCGTAC,2
ACTTTAAACTTTGCAC,2
AGAAAAAACCAAGAAG,2
AGAAAAAACCTAATTC,2
AGAAAACCCAACAAAC,2
AGAAAATAACACGTAC,2
AGAAACACAGGTAGTA,2
AGAAACATAGGATCTT,2
AGAAACCGAAGGGAGA,2
AGAAACCTAAAAGGAA,2
AGAAACTACGAGTTTT,2
AGAAAGCAAACCCATC,2
AGAAATATGTCCACTA,2
AGAACAAAACGCGCGG,2
AGAACAAATAAGTGCC,2
AGAACATAAGGTGAAG,2
AGAACCTCAAGCACGA,2
AGAAGAATTAACAATC,2
AGAAGACGAGATCCAA,2
AGAAGTGACCGTTAGT,2
AGAATATACCACCGCA,2
AGAATATACTACAACG,2
AGAATCTTACACGCCC,2
AGAATGAATGAACCTT,2
AGAATGTGGTGCGCTC,2
AGAATTCGATATACGG,2
AGACAAAAATCCATTG,2
AGACAAAATTGAAAAG,2
AGACAAAGACCGAGAA,2
AGACAACAAGCCGGGA,2
AGACAACCTTCACGCG,2
AGACAATCGTAAAGCG,2
AGACAATGTACAGAAG,2
AGACACAACTGACAAG,2
AGACACCACACACCCT,2
AGACACGTCCGGGCAA,2
AGACAGTCCAGTAACA,2
AGACATATGCTAAAAA,2
AGACATCGACACTGTT,2
AGACCCCCACCTGAAA,2
AGACCGAACACACTAC,2
AGACGAAGTCGAACAG,2
AGACGACATGAATGAA,2
AGACTAATTATTCAGC,2
AGACTCAAGTAAGTAA,2
AGACTGAGCAGAACAG,2
AGACTTAATTGTAGCT,2
AGACTTCTATTTCCGA,2
AGAGAATCTCAAATGC,2
AGAGACCAATATTATC,2
AGAGAGGGTAAGCTTA,2
AGAGCAAACCAGATAC,2
AGAGCCGATACCCTAA,2
AGAGCGACCTAACCGC,2
AGAGCGCTTTAACAAG,2
AGAGGACCATGAGCGC,2
AGAGGCGCAACAACGC,2
AGAGGGTACTTTTTAA,2
AGAGGTCATCAATATT,2
AGAGGTCCTTCAAAGC,2
AGAGGTGAAAACAAAA,2
AGAGTCGCAAACTCAA,2
AGAGTTGGGGGGCCCT,2
AGAGTTTTCGAGAAAC,2
AGATAATAGCACAGAA,2
AGATAATCTCCTCCAG,2
AGATACAACTGCTCAA,2
AGATACACCGGTACTT,2
AGATAGATGACCATGC,2
AGATCGAACCCAAATA,2
AGATCTTAGGACTAAT,2
AGATGAATAGATCTCA,2
AGATGCACGTGAAAGA,2
AGATGCTAAAAGTATC,2
AGATGCTAGAACACTT,2
AGATGTTCTCAAACCT,2
AGATGTTTATGGCAGT,2
AGATTAAGAACAGAGA,2
AGATTACGTTTTCACG,2
AGATTCACCTCAAAAT,2
AGATTGCATTTCATAG,2
AGATTGTGACAAACAG,2
AGATTTCCAGTTAAGT,2
AGATTTCTTGCCACAC,2
AGCAAACCGCGTCCGA,2
AGCAAACGTGAACTCG,2
AGCAACTTCCATCGGT,2
AGCAAGAATACGAGGA,2
AGCAAGCTCAGTCGAA,2
AGCAAGTATTTCAGCT,2
AGCAATGAAGTACAAA,2
AGCAATTACGTACCAA,2
AGCACAACATCAGGTA,2
AGCACCCCTGCTGCGA,2
AGCAGGAAAACGAGAG,2
AGCAGTTGGACATAGT,2
AGCATACATGTAAAAA,2
AGCATCACACCATCGT,2
AGCATGCAAAAAGAGT,2
AGCATGTGAATAAAAT,2
AGCATTCCAGATGTCT,2
AGCATTGACAACGGAG,2
AGCCAATATCAACAAC,2
AGCCACTACGAAATTG,2
AGCCATACTGAGTAAA,2
AGCCCTCCTAAAACAT,2
AGCCCTCTCTTAACAT,2
AGCCTCTTCAGTCACC,2
AGCCTGTGTCTGCCCA,2
AGCCTTAGATTTTTGC,2
AGCGAATACTGATGCT,2
AGCGCCTAAACTAGAA,2
AGCGCCTCTCATCTTC,2
AGCGGGCACACAGGCA,2
AGCGGTCGACAAAAAA,2
AGCGGTGTAACTGATT,2
AGCTAAGTTTTCAATG,2
AGCTACAACGTAGAAG,2
AGCTACTATCCAACGA,2
AGCTATACGATCCGAG,2
AGCTCAATAACAAGAG,2
AGCTCAGGAGCACCCG,2
AGCTCAGTTGATACCC,2
AGCTTAAAGATTTCCT,2
AGCTTACTTACTGTCC,2
AGCTTGGAACATGATT,2
AGGAAATATAACACCT,2
AGGAACAACAGGGTTA,2
AGGAATAGTAAGACCC,2
AGGAATTCTCAGCCAC,2
AGGACAATTCGGCTAG,2
AGGACACAAAACGAGA,2
AGGACCCGTAGAATAA,2
AGGACCTATTGACGGA,2
AGGAGTTCGCAAAAAA,2
AGGATAAGGAGGAAAT,2
AGGATAGTCATGATCG,2
AGGATCAAAAACAAAA,2
AGGATCCGCTTTACGA,2
AGGCATGCAACGTAAA,2
AGGCCTAACACATCAT,2
AGGCTAGTTCAGAACT,2
AGGCTCAACCACACTA,2
AGGCTGAGTACCTAAA,2
AGGCTTAACACTAGCG,2
AGGGAATATTTCCCCG,2
AGGGACAGTATGCCCG,2
AGGGACCTAACTACAT,2
AGGGATCGACAATAAT,2
AGGGATTTTCTAAGCG,2
AGGGCGCGTACACGGT,2
AGGGCTGCTAAGGTCT,2
AGGGCTGTACCCTAGG,2
AGGGGACATGCTTCTC,2
AGGGGATGTGACTCGT,2
AGGGGTGTGTTGATTC,2
AGGGTACAAGGATCAT,2
AGGGTTCGACCGCATA,2
AGGTACATCGGATACA,2
AGGTACCTCTGCTGTT,2
AGGTACTAACAAACTT,2
AGGTAGTATCAAAACA,2
AGGTCAGGGTAATTGG,2
AGGTCCCATATCGCCA,2
AGGTCGAGCGCCCAAA,2
AGGTGGTATAAGCTGT,2
AGGTTACTTGCGTCAA,2
AGGTTATCCGGAGAAG,2
AGTAAAAATTATTCGA,2
AGTAAAACTCGACGTT,2
AGTAAACCCGTGTACA,2
AGTAAGATCCGTCATC,2
AGTACCAAACCCATAC,2
AGTACCACTTCTCACC,2
AGTACCCGCCCAAAAA,2
AGTACCGGCCTACCCG,2
AGTACTCGCATATTAT,2
AGTACTTAAATAGTAA,2
AGTAGTCTTGCGTGAA,2
AGTATAAAATTCGTTG,2
AGTATACAGATTCGAC,2
AGTATAGGTTCATCAC,2
AGTATCCCACTGAGAT,2
AGTATCTATTTACAAC,2
AGTATCTCCACAATTA,2
AGTATTCGGTGTCCCT,2
AGTCAATACTAACAAC,2
AGTCAGCATCGTATAG,2
AGTCATAGGTACTTTT,2
AGTCATATAGTTAGTC,2
AGTCCATATAGTCGCC,2
AGTCCCCTTACCCTAT,2
AGTCCGGTTGGATTGC,2
AGTCGTAACAAAGAAC,2
AGTCTGGACGTAATTA,2
AGTCTTCGATAGAATG,2
AGTGAAAAAAGATAGG,2
AGTGAACAGTTGGTGA,2
AGTGATGTTCAAAACA,2
AGTGCATAAAACTGAC,2
AGTGCGAAAAAATCCC,2
AGTGGTTAATTGCAAA,2
AGTTAAAAAAGCTGGT,2
AGTTATGACCGATCAA,2
AGTTCACACATTAGTA,2
AGTTCATGTTTACCGT,2
AGTTCCCAATATATAG,2
AGTTCGGGCATCACAT,2
AGTTGGCCCGGGTTGG,2
AGTTGTGTAACAAAAT,2
AGTTTCCAACTATCTT,2
AGTTTCCCCACTTAAC,2
AGTTTCTTTACCTCTT,2
ATAAAAAACGGCAGGA,2
ATAAAAATGAACTTAA,2
ATAAAAGTGATTGACA,2
ATAAAGCTCGGCCATT,2
ATAAAGGCACAGATAC,2
ATAAAGGCGAATGCAA,2
ATAAATAACAATTGCG,2
ATAAATGCGGCCAACA,2
ATAACAATACCAAAAT,2
ATAACAATCCATCGGT,2
ATAACAGCCGTACAAG,2
ATAACCAAAGATATTT,2
ATAACCTTATACACAA,2
ATAACGCGAAACACAT,2
ATAACGTATCAGAGTT,2
ATAACTGCCATTATTA,2
ATAAGAACCCACACTT,2
ATAAGACAGAAAACGG,2
ATAAGAGATGCACTCT,2
ATAAGATGGCAAAAGA,2
ATAAGATGGCGGAAAT,2
ATAAGGCTTAGCCTAA,2
ATAAGTAAAGTTTATA,2
ATAAGTAACTCTTATC,2
ATAAGTGTATCCTAGT,2
ATAAGTTAGGTACAAG,2
ATAAGTTTAGTAAATT,2
ATAATACGGAAGTGTA,2
ATAATCCAAGCCCCTA,2
ATAATGGTGAAGTACA,2
ATAATGTTCGCCTACT,2
ATACAACTGACCAACA,2
ATACAAGAAGACTATA,2
ATACAAGCATTAACAC,2
ATACAAGGAAACTTGA,2
ATACATACTACACAAT,2
ATACATTCTTGATCAA,2
ATACATTGAGTCTATA,2
ATACCAATCAAATTTG,2
ATACCACATAAGCAAT,2
ATACCAGAGAAATATT,2
ATACCAGTATACATGA,2
ATACCCAAAAAATTTT,2
ATACCGCAGCTGTTGA,2
ATACCGTTCACCCCAA,2
ATACCTACATTGAATG,2
ATACGCAACATCTGGA,2
ATACGCCATTAGGGCT,2
ATACGTCAAACCTGCT,2
ATACGTCGACTTTAAC,2
ATACTCAAACTCTAAT,2
ATACTGAGGCAGCGCG,2
ATACTTGTCCAGATAG,2
ATAGAAATTCCAACAG,2
ATAGAACATAGGCCAA,2
ATAGAACGAATGAAGG,2
ATAGAATCAAATACTT,2
ATAGACCAATATATTC,2
ATAGACGCTACAACTT,2
ATAGACTTTACCGGTG,2
ATAGATAATCCTATGG,2
ATAGATCCTATTACAA,2
ATAGCACCACTGTGCG,2
ATAGCAGCCCTATTGT,2
ATAGCGTGATTAAGGC,2
ATAGGGATACCAATGC,2
ATAGGGTCAACAATGG,2
ATAGGTATATATCTCA,2
ATAGGTCACAAGCGAC,2
ATAGTATAGAACACAG,2
ATAGTATTGACTTGTT,2
ATAGTCTAGAAAAAAA,2
ATAGTCTATATATTAC,2
ATAGTGAGGGCAAAGA,2
ATAGTGCTAGCTGGGG,2
ATAGTGGCGTCTTTAT,2
ATAGTGGGGGGTCCCC,2
ATAGTTTCCTTTAGGG,2
ATATAAAAATTGAAAC,2
ATATAACTCGTGATTA,2
ATATAGAAATATGAAC,2
ATATCAAATTCTCGGG,2
ATATCAAATTTGTTAC,2
ATATCAAGAGATTCGA,2
ATATCACAGTAAAGAA,2
ATATCACGCATGTTCA,2
ATATCACTTTAATAAC,2
ATATCAGTGCGCTATA,2
ATATCCCTGAACCACG,2
ATATCGAGCTATATCA,2
ATATCTCTGATATGGT,2
ATATGCCTGCAAAATA,2
ATATGCGTGTCATGCC,2
ATATGGTCAATTATGG,2
ATATGTAAGGATTCGG,2
ATATTCAATTACAACG,2
ATATTTACTAAGAATT,2
ATATTTCAGACTTGAA,2
ATATTTTAACAATGAC,2
ATATTTTAAGAAAAAT,2
ATCAAAACACCCCTAT,2
ATCAAACCCCCATACG,2
ATCAAACTTCGACGCC,2
ATCAAAGACGCAGGTG,2
ATCAAATGAGCGGCTA,2
ATCAACTGTTTTTTAA,2
ATCAACTTACCGGGAT,2
ATCAAGACTCTAAATC,2
ATCAAGGGATACACAG,2
ATCAATCAATTCTCAT,2
ATCAATTAAAACATGA,2
ATCAATTGTCCTCCAC,2
ATCACAATCGGATACG,2
ATCACGACTAGATATG,2
ATCAGACAACGCCCCT,2
ATCAGGGATCTACATG,2
ATCAGTATAACGCTAC,2
ATCATAAACTATTTAT,2
ATCATAGAATAGTGAA,2
ATCATAGCAGAAAAAG,2
ATCATCATAGCTTTTC,2
ATCATTGCAACGAAAG,2
ATCCAATAAATAACAA,2
ATCCAATTAGAGGGAG,2
ATCCAGAATTAGACTG,2
ATCCAGGTGTGAATTC,2
ATCCATTACTAATAGA,2
ATCCCAATCGAACCTT,2
ATCCCCAATGAGAAGG,2
ATCCCCCACTCCCTCA,2
ATCCCCGATGACCTGC,2
ATCCCTATCACACCAA,2
ATCCGAAAAATATTGA,2
ATCCGATATTAAGTTT,2
ATCCGATCGCATCTAA,2
ATCCTAAGAGTATAAT,2
ATCCTCCCCAGGTAAA,2
ATCGACTTAAAATCGG,2
ATCGCTTGACTACAAA,2
ATCGCTTTTTGTCTGA,2
ATCGTCAGACAGAAAA,2
ATCGTTGGTGAAATTG,2
ATCTAACGTAAATCCA,2
ATCTAACTACAACGAA,2
ATCTAGAGTCGATATC,2
ATCTAGTAAAAACCTG,2
ATCTATATACCAAGCA,2
ATCTATTAAGTTGAAA,2
ATCTATTTAAAACCAT,2
ATCTCTATGGTATGAT,2
ATCTCTATTTGAACGA,2
ATCTCTTGAATGGTTT,2
ATCTGAACAAATCCAA,2
ATCTGACGCTACGTAC,2
ATCTGGGGTACTAACC,2
ATCTGTAAATGCAGCA,2
ATCTGTTAGGATGAAA,2
ATCTGTTAGTTTAAAA,2
ATCTTAGTGCATCCAT,2
ATCTTCATCTTTCGCC,2
ATGAAAAAGACCACCC,2
ATGAAAATATGTATTG,2
ATGAAACTAAAAATAA,2
ATGAAATTCTCACTTG,2
ATGAAGGTGTGCGATA,2
ATGAAGTAGTGCGTTA,2
ATGAATATCTAGCAAC,2
ATGAATGGACAACACA,2
ATGAATTATGATGCAC,2
ATGACCCCCTTTTACT,2
ATGAGATACGCCGATA,2
ATGAGCCTACAAATGT,2
ATGAGTAAACCGTGTT,2
ATGAGTCCACCTTTCC,2
ATGATAAAAACAAAGA,2
ATGATAATATCAACAT,2
ATGATAATGTAAAACT,2
ATGATATGAGGTTTTC,2
ATGATCAGGCACTATC,2
ATGATCCGGATACATG,2
ATGATTTCGGAGTACC,2
ATGCAAATATCGTATT,2
ATGCAAGAATAGGGAC,2
ATGCAATGGGCTCGCA,2
ATGCAGTGAATAACAT,2
ATGCCCGAAGTGTGAC,2
ATGCGAAGACATGTTT,2
ATGCGAATTGCCAGTA,2
ATGCGATCAAAACGCT,2
ATGCGTAGAAGCATTA,2
ATGCGTCTTAACTCTC,2
ATGCTAAGCATGGATT,2
ATGCTAAGTCCCCTGA,2
ATGCTACTCCAAAAAC,2
ATGCTAGAAACATAAT,2
ATGCTATGCAAATACT,2
ATGCTGAAAATTTAGA,2
ATGCTGATATTAGGAT,2
ATGGATTACAAATTAA,2
ATGGCCGCAGAGGATT,2
ATGGCCGGCAAACTCA,2
ATGGCGTCGTACGACG,2
ATGGTAAGAGGATAAT,2
ATGGTATTGATCTGCA,2
ATGTAAAGTTAAGCGT,2
ATGTAAATCTAAAAAT,2
ATGTAAGCATATAAGC,2
ATGTACCCATCCGGAC,2
ATGTACGCCAAAGCTA,2
ATGTCACCCCCATACA,2
ATGTCACTTATGTACA,2
ATGTCGAATATGGCAT,2
ATGTCGCCAACAGTTT,2
ATGTCTCATAGGAACA,2
ATGTGACAGATTTATG,2
ATGTGATATTTAGTAG,2
ATGTTAGCTATCCGTA,2
ATGTTATGCGTTCATG,2
ATGTTTACCGAGAGAT,2
ATGTTTCGCGCACCAA,2
ATTAAACTCTAAACAT,2
ATTAAAGGAGATGCTA,2
ATTAACATTCCGATGT,2
ATTAAGATCACGTGCA,2
ATTAAGCCTTTTATTT,2
ATTAATCATTCTTCCG,2
ATTACAAATTTACAGT,2
ATTACAACAAAGTATT,2
ATTACAAGAACTCTCT,2
ATTACATCCGGACCCA,2
ATTACGACTTCTTCCG,2
ATTAGCGTTAACTTCT,2
ATTAGGAACATCTGCA,2
ATTAGGGACATTAAAA,2
ATTATCAGAAATTTCC,2
ATTATCGACAGATCGA,2
ATTATGATCGGAAATA,2
ATTATTAAGTGACACC,2
ATTATTTCCAGCCATA,2
ATTCAACAAACCATTC,2
ATTCATACTGAAAAAT,2
ATTCATAGTACCCCAG,2
ATTCCACCAGGATATG,2
ATTCCGAAACACTTAT,2
ATTCCGGTCGACCCAC,2
ATTCGAACATTACCAG,2
ATTCGCATGCACCCTG,2
ATTCGCTCTCATTCAG,2
ATTCGGAAATCATTAC,2
ATTCTAACATTAAGAG,2
ATTGAAGTTTATTAAA,2
ATTGACAGATCAGAAA,2
ATTGACCATACGCCTG,2
ATTGACCTACAGTGAC,2
ATTGAGAAATGAGGGT,2
ATTGAGAAGAGCTTAG,2
ATTGAGATACGGGGCT,2
ATTGATTTAGATAAAG,2
ATTGCACCACAATTTT,2
ATTGCATTATTATTGG,2
ATTGCGAGACCAAAAA,2
ATTGCTAAGATCCAGA,2
ATTGGACGATGATGAA,2
ATTGGCACTTGCACCC,2
ATTGGGATAATGTAAT,2
ATTGTAATATTGGACC,2
ATTGTACAATAAATAT,2
ATTGTCCTGCATATGA,2
ATTTACTAGCCATAAC,2
ATTTCACCATTCACAC,2
ATTTCGGACCCGCAAG,2
ATTTGAAATCAGCAGC,2
ATTTGCTTCAGGGCCT,2
ATTTGGCATAAGTGAA,2
ATTTTCACAAAGCGCT,2
ATTTTCACCAATCAAG,2
CAAAAAAAGGGTGTGG,2
CAAAAACAGAGGTCGA,2
CAAAAACCCTAAACTG,2
CAAAAAGAAGTTTGGG,2
CAAAAATACGAGATCT,2
CAAAACAAGAATACAG,2
CAAAACCACTACTTTT,2
CAAAACCATCATGTCC,2
CAAAACCCTACAACGC,2
CAAAACGTCGTATCCA,2
CAAAACTCTTCACTAG,2
CAAAAGTCAGAATCCT,2
CAAAATACACACGCGA,2
CAAAATCATAAAATAC,2
CAAAATCCTATAATTT,2
CAAAATTTCGATCACC,2
CAAACACCAGTGTCCG,2
CAAACACGGGCGGAAA,2
CAAACGCTATATACAA,2
CAAACTAACTCTCCTA,2
CAAACTCGAGCTAAAG,2
CAAAGACATATCATCA,2
CAAAGAGGAACATAAA,2
CAAAGGAAAAGCGAAG,2
CAAAGGGGTACAGAAC,2
CAAAGGTCATCTAGAA,2
CAAATAGACAACTGAT,2
CAAATATTCAGCTGTT,2
CAAATCCCATAGTGTA,2
CAAATGAATTAAACTA,2
CAAATTAACTTCTGCG,2
CAAATTACGAACGGGT,2
CAAATTCAGCACAATA,2
CAACAAAAGCCTAGGG,2
CAACAAACAAATCATA,2
CAACAAGAACTGAAAC,2
CAACAATCCTATCACC,2
CAACACAAGCCGAAAA,2
CAACACGTAACCTCTG,2
CAACATAAGTGGAGTA,2
CAACCATCAATACGTA,2
CAACCCAATACGCAAC,2
CAACCCATCACAAAAC,2
CAACCCGTGAACTATA,2
CAACCCTAACATGTAC,2
CAACCCTCCAAATCGA,2
CAACCGATCGTACCAG,2
CAACCTGTTGATTACT,2
CAACCTTACATGGATG,2
CAACGACTAAACCTTG,2
CAACGCTAGCAATAGT,2
CAACGGCTAACCATTG,2
CAACGTACTTCCCTTC,2
CAACTACATTGTCATA,2
CAACTCTATCATACAA,2
CAACTCTGACTATAAC,2
CAACTGAGAAGAAGTC,2
CAACTGGCGTAAATCA,2
CAACTTGTACGAATTC,2
CAAGAAAGCTTTAACA,2
CAAGAACAATCCAATG,2
CAAGAATGACATAGCT,2
CAAGACCCGGAAAAAT,2
CAAGATATTCAATCGA,2
CAAGCACTCGAAATTA,2
CAAGCCCGGGATAGCT,2
CAAGCGAGCTCCTGAT,2
CAAGCGCGCAAGAAAT,2
CAAGGAAAAAGCCTGA,2
CAAGGACTCATCCTGT,2
CAAGGTCTAAAATAAA,2
CAAGTACTCAGTCCTG,2
CAAGTCCCTGGCATTC,2
CAAGTCTAATTATTAA,2
CAAGTGACATATTGTA,2
CAATAAAGATTCGTAT,2
CAATAAGTAACACAAA,2
CAATACCATTCGAGCA,2
CAATACGGTTCGAAAC,2
CAATAGCTGACACTGC,2
CAATAGGTTCATAATT,2
CAATAGTGACGGGAGC,2
CAATATGACGAGTCTT,2
CAATCACCCCTCGCGA,2
CAATCACTACAGGTGC,2
CAATCCCAACAAGGTC,2
CAATCGAAGACCACAT,2
CAATCGGACTCCATTT,2
CAATGACACGTATTGG,2
CAATTACATGTGAAGA,2
CAATTACTCGGTAATA,2
CAATTAGTCGGAGTAG,2
CAATTCCTTACTTAAA,2
CAATTCTGAATATATC,2
CAATTGTGATAACCAC,2
CAATTTACAGGTTACC,2
CACAAAACGGCTCAAC,2
CACAACCTATATAGCC,2
CACAAGTTTCCATTAA,2
CACAATAGAAGTTCCA,2
CACAATTAAGAAATAA,2
CACACCAACGTAAGTG,2
CACATAACTACTACGA,2
CACATAAGTTACGCCG,2
CACATAATTTGCCCCA,2
CACATATACAAAAGTC,2
CACATATCTAGGATAT,2
CACATATTACTGAAAC,2
CACATCCCTACCAGCA,2
CACATGGGTACACATA,2
CACATGTACAGTAAAA,2
CACCAACAATAATCTC,2
CACCACATCCTCCCAT,2
CACCAGGATCATCAGC,2
CACCATATGAAACACT,2
CACCATGTGACATCAC,2
CACCATTCACTCCCTG,2
CACCCGCAGCCTCGCG,2
CACCCTGATAGCAAAA,2
CACCGTTAAAACCACG,2
CACCTAGCGGGTGACC,2
CACGATAAATTTAATA,2
CACGCAAATATCAGCA,2
CACGCAGAAAGTAAAC,2
CACGCGCGTCCACAAT,2
CACGCTAACAAATGAT,2
CACGGAAGCAAAAAGA,2
CACGGAGTCATAATTC,2
CACGGTGCTAATCGAT,2
CACGGTTTCCCCGACA,2
CACGTATAGTGACCGC,2
CACGTTCAAGGTCAAG,2
CACTAATGATGGTTAC,2
CACTACCCGTACTACG,2
CACTAGACCAACGTAC,2
CACTATCAACCGGACG,2
CACTCATGTGGACATA,2
CACTCCAAAAACGAAC,2
CACTCGACGCCTCAAA,2
CACTCTTATAGTCAAA,2
CACTGACCCTGCCACA,2
CACTGAGTGATACAAC,2
CACTTCGCCGCACTTT,2
CAGAAAACAAGTATGA,2
CAGAAAAGAATTCATG,2
CAGAAACGCACATTGG,2
CAGAAGGACCATTTCA,2
CAGACAAAAGAATTGG,2
CAGACCATCGAGGCCA,2
CAGACGTCGACAAACA,2
CAGACTTGTCTCCAGA,2
CAGAGAAGCAATATAA,2
CAGAGATCACTTCGAT,2
CAGAGCACATTCCACT,2
CAGATACGGAACCCCC,2
CAGATACTGAGATTTT,2
CAGATATAAATAGTGT,2
CAGATGGAAGTTAATC,2
CAGATTAGCCTTACAT,2
CAGATTCAGTTATTGA,2
CAGATTCCTTCTCAAT,2
CAGCAAATAGGATCAG,2
CAGCAAATTTCTTGAA,2
CAGCACACGATGCATG,2
CAGCAGCCTATAAAAC,2
CAGCAGGTCTAGTGAT,2
CAGCATAAACAAACTT,2
CAGCATCATTGGTCGT,2
CAGCCCCTGACGGGAA,2
CAGCCTATAAAAGCAT,2
CAGCGACCTGAACTAG,2
CAGCGGAAGGACTGCG,2
CAGCTAAACGCTAATA,2
CAGGAACCGCCAGCAT,2
CAGGATATAAGCTATG,2
CAGGATCCCTCGTCAC,2
CAGGATCTAGACGGGA,2
CAGGGCAATAATCTAG,2
CAGGGCCGGCACTAAA,2
CAGGGGTAGAGCAAAG,2
CAGGTAGCGCATCCGC,2
CAGGTATAATTCGGTT,2
CAGGTTTCAAGAGATA,2
CAGTAAACATACATCC,2
CAGTAACACCTGCAAA,2
CAGTAACATGTGCAAA,2
CAGTAGGCGGTTTTTG,2
CAGTATCCCGCGGAAC,2
CAGTCACTAGGTAGAC,2
CAGTCAGTACTTAAAA,2
CAGTCCCCATCACAGA,2
CAGTTAAACTGGGATA,2
CATAAAGAAACAATAC,2
CATAAATCTTATTATC,2
CATAAATGATTTTCTG,2
CATAACAATCCAGATA,2
CATAACTACAGTAAGG,2
CATAAGCACTGGTTAT,2
CATAATATGCTCCTCC,2
CATACATAATACCTCC,2
CATACATATAGCATGC,2
CATACCACAAGCGAAA,2
CATACCTTCTAGAACG,2
CATACGCTCAAGCAAC,2
CATACTATTAGGGAAA,2
CATAGCTAACTGACTG,2
CATAGCTGCCATCTGA,2
CATATAACCGAATCAC,2
CATATAATCTTGCAAA,2
CATATGACCTATCTTA,2
CATATGCGTATCAGAA,2
CATATTAGTAATTTAA,2
CATATTCCAAAAAACC,2
CATCAAAAATTGCCCA,2
CATCAAAACTAAGCAA,2
CATCAAACGCCCGAAC,2
CATCAATAAAAAGTCC,2
CATCACTCATATAACA,2
CATCAGGCCAACGTCA,2
CATCATAAGGTACTCG,2
CATCCCAAAGAATGCC,2
CATCCGTTCACTACGT,2
CATCCTAATTACAACA,2
CATCGCCATTAAAACG,2
CATCGTAAACCCAAGA,2
CATCGTACTTAACTCT,2
CATCTAACTCTACTAA,2
CATCTAAGGTTCTGGA,2
CATCTCTTATACTATT,2
CATCTGGCTAGTTAGC,2
CATGAACACATGAAAA,2
CATGACAATTAAGAGG,2
CATGAGCTCAAGTGTA,2
CATGAGGGATTAATGG,2
CATGCAAATTTGGTCC,2
CATGCACGTACAGAAC,2
CATGCAGAATGATTGG,2
CATGCCTAATTGTAGC,2
CATGCGACCTATCTCA,2
CATGCGTGCACACAAG,2
CATGGAAAGGCTAACA,2
CATGGCTATTCGGATA,2
CATGGTATATTAGTAA,2
CATGTGACACGAACCT,2
CATGTTAACAACGCAA,2
CATGTTTATTTAGGTC,2
CATTAACGCAACAGGT,2
CATTATAATCCATCCA,2
CATTATGCCCCTCATG,2
CATTATGTCAACCAAC,2
CATTCGCCAACCTTAA,2
CATTGACTTTCACCGA,2
CATTGCTCCAAAAGCA,2
CATTTAAAAGGGTCGA,2
CATTTTCCAGGCATAA,2
CCAAAAAAAACAAGAG,2
CCAAAAAAAGTATATC,2
CCAAAAATAAGGTAAC,2
CCAAAACTCATGAATA,2
CCAAAATTACACAATG,2
CCAAACTGTCTTGCCA,2
CCAAAGTACGCCTAGC,2
CCAACCACACAGATTC,2
CCAACTCCAAGAGCAC,2
CCAAGATTCGTAAACA,2
CCAAGCACTTAATATA,2
CCAAGCATTGAAGCCC,2
CCAAGGACCCAATAAC,2
CCAAGTAACCCACACG,2
CCAATAATCGTCAAAG,2
CCAATCCAAAAGCGTC,2
CCAATCCCGTAAAAAT,2
CCAATGGCGGAATGCT,2
CCAATGTTGCATAGCC,2
CCAATTACTAACGGAC,2
CCACAACGAATGCTCT,2
CCACAAGCTCGCTGTG,2
CCACAATAGGATTCAA,2
CCACACATAAGGAAAC,2
CCACACCAAAACAAGA,2
CCACACGTTTCTTCGC,2
CCACAGTGTGAAATTG,2
CCACATAAAACGTCTG,2
CCACATTAGATCGATA,2
CCACATTTCAGTCAAC,2
CCACCTCTTACCGGCA,2
CCACGAAAAGCCAAAA,2
CCACGTAGACCTAAGT,2
CCACGTCCTTAGCCCT,2
CCACTAACAAGGATAA,2
CCACTATTCGCACCCA,2
CCAGACTTACGAAAAT,2
CCAGCTAAACAACAAA,2
CCAGGCAAATGCTCTT,2
CCATAACACCATCACG,2
CCATACTTTTACATTT,2
CCATAGCACAAATACA,2
CCATATACCTTATCCT,2
CCATATAGTCCGGCCC,2
CCATCAATCAGCACAC,2
CCATCACTAAGGGGGC,2
CCATCCGACTCCTGAA,2
CCATCTTATGCAAGTA,2
CCATGAAAATCTAAAC,2
CCATGCGGATTGCGCC,2
CCATGTAACATTAAAA,2
CCATGTTAAGCCGCGT,2
CCCAAAAGGGACGGCA,2
CCCAAAGAAAGAGAAA,2
CCCAAGATACCTCTTA,2
CCCAATAAATCTCCCG,2
CCCAATAGGCATAATT,2
CCCAATATTTTAAATG,2
CCCAATGCGCACTACA,2
CCCACGAAGTTGTCCA,2
CCCACGGAAAAACCTA,2
CCCACTGTTTGGGAAA,2
CCCAGCATCTGTCGAT,2
CCCAGCGCAGTTGTTA,2
CCCAGTCTAGAGTTAA,2
CCCATAACTTGTGTGT,2
CCCATCACGGACTGGA,2
CCCATGAACTGGTTGC,2
CCCATTGTAAATCGTT,2
CCCCAACTTACGACCC,2
CCCCAGCACATTCCTG,2
CCCCATAAATCTATCA,2
CCCCATACATCATAAC,2
CCCCCGGCCCAAAACC,2
CCCCGTTATAGTATAT,2
CCCCTCATCAGAAGAA,2
CCCCTTGAGGATATGA,2
CCCGAAAACCCGAAAC,2
CCCGAATAAACTCATG,2
CCCGCCCATTATAAAC,2
CCCGGACAACACATTA,2
CCCTACGGATCTGACA,2
CCCTATATCATTGACC,2
CCCTCAGCCATATTAA,2
CCCTCGACGAATGCCA,2
CCCTGACTGAATTAGC,2
CCCTTCCGCAGCTCGA,2
CCCTTTAAACGAAGTA,2
CCGAAACCAAACAGTC,2
CCGAATTATCGTAATG,2
CCGACACTGAGTCGGG,2
CCGAGATTCATGGCAA,2
CCGATCAGTAGCGCAG,2
CCGATTAAGAAGGTAG,2
CCGCAAGTTATACGTC,2
CCGCACCCGGCATTAC,2
CCGCATAAAGGTTGAC,2
CCGCGCTATTACATGC,2
CCGCTTAAGCATCTCT,2
CCGGACACTCGTAAAG,2
CCGGATCTGATAACAT,2
CCGGTATTCTATAGGG,2
CCGTAAATGATTGCAA,2
CCGTAACTTAGGTAAC,2
CCGTACCTCCACTACT,2
CCGTACTGAGACTCAC,2
CCGTAGCAATAAATTC,2
CCGTAGGTGATTTCCA,2
CCGTCAAGCGCCCAAA,2
CCGTCCACGTCATCGA,2
CCGTGATAGATACGTA,2
CCGTTATGTAAGTAAG,2
CCGTTTCCACCAAACC,2
CCTAAAGGACTACATG,2
CCTACAATTGGCTGGA,2
CCTACACTGTGCTATC,2
CCTACCTATCGTCTGA,2
CCTACGAGCAAGTCAT,2
CCTACGAGGAAGAGTT,2
CCTACGCAGGAAACAT,2
CCTACTCGCGTGACAA,2
CCTACTGTCGCGCTTA,2
CCTACTTGTATACACA,2
CCTAGTGCGACTCCCA,2
CCTAGTTTTGGCCACA,2
CCTATACAGACAATCT,2
CCTATCATATGTATTC,2
CCTCATTTGGACTGAT,2
CCTCCACTGGCGGAAA,2
CCTCCCAGAGTTAACC,2
CCTCCGCGCGACCACA,2
CCTCGATCCACATAAA,2
CCTCGCGCACACAATA,2
CCTCTGGTCCCAACAC,2
CCTCTTTTGTGCCCAA,2
CCTGACACTCCATGGT,2
CCTGAGCCACAATCAC,2
CCTGCAGTGTTGTAGC,2
CCTGCCAAAACATCAA,2
CCTGCCCATTTGTATA,2
CCTGCGATGCCGGGCT,2
CCTGCGGAAATCGCCG,2
CCTGTCACTATCAAAT,2
CCTGTGAGGATTCCCA,2
CCTTACACAAGTTGCT,2
CCTTACGACGCGCCGA,2
CCTTATGAATAGAAGA,2
CCTTCGAGCTGATATC,2
CCTTGAAATACGCGTC,2
CCTTGATATTGGACCC,2
CGAAAAAATCCAGATA,2
CGAAACAAACGACCAC,2
CGAAACATATTCTATC,2
CGAAACCGATTAAGCA,2
CGAAAGATAAAAATAA,2
CGAAATCACCCTCAGC,2
CGAAATGGCGTATTCC,2
CGAAATGTCATGGAAC,2
CGAACAGCTCAGAAAC,2
CGAACAGTAGTTGTCA,2
CGAACATAAATCGACC,2
CGAACCCACTAAACAT,2
CGAACCGAAACAACCA,2
CGAACGGCCCACAAAT,2
CGAAGAGCTGGCCTGC,2
CGAAGCAAGCAAAGAC,2
CGAAGCCGGATTAAGC,2
CGAAGCTCGTGTAGAA,2
CGAAGTAATTCTGCAA,2
CGAAGTTTCCATCGAA,2
CGAATAGGCTTCTGAA,2
CGAATCTAAATTCAAC,2
CGAATCTCCGACAAAG,2
CGACAACCCTATATAG,2
CGACAAGCTCAACAAA,2
CGACAAGTCTATTTGC,2
CGACACATGAGAGGAA,2
CGACATTCACCGACAG,2
CGACCCCTGAAAACAG,2
CGACCGACAGCACATC,2
CGACGAAAAGATTCAG,2
CGACGTGTGCCCGAAA,2
CGACTAAAACCTACCA,2
CGACTCGTTGATTTGC,2
CGACTGGGCTATGGCC,2
CGACTTTCAAATCCCC,2
CGACTTTCACTACCAA,2
CGACTTTGTACAAAAC,2
CGAGAAAAGAACAGTC,2
CGAGACAGCTCACAGA,2
CGAGAGCCCTTCTAGA,2
CGAGATATAACCTAAC,2
CGAGCCTGAATGTACA,2
CGAGGATGTGGGATTC,2
CGAGGTTTATCTACTG,2
CGATAAAAGAATCCAG,2
CGATAAGAAAAACATC,2
CGATACATGACATACA,2
CGATACTCAAAAATGC,2
CGATACTCACGCTAAG,2
CGATCACCTATCACGA,2
CGATCCTTACACCGGG,2
CGATCTCAAGCACTCC,2
CGATGACATATTGGCA,2
CGATGATATCCGTTGA,2
CGATGCGAAAATATCA,2
CGATTAATGAAGTAGA,2
CGATTATCAGTCGCCC,2
CGATTCTGAACCGAGC,2
CGATTGACTCTGTATT,2
CGATTGCAAGTGACAT,2
CGCAATAAATAGAGAA,2
CGCAATATCACAGTCA,2
CGCACAATGTAAAAAT,2
CGCACAATTCCCATGC,2
CGCACATTTCGTAATA,2
CGCATCATCGCGTCTA,2
CGCATCCACTTTGAGT,2
CGCATGAAAGCATGTT,2
CGCATTATAGGGAAGC,2
CGCCAATGTGAATAAC,2
CGCCACCCAAACCGGG,2
CGCCCAACGTCTCAAC,2
CGCCCCAATTACAGGT,2
CGCCCGCGACTATTCC,2
CGCCGAGCTACCGCGA,2
CGCCTACACTTTTGTG,2
CGCGATAAGACGCAAA,2
CGCGCACCTAATTGGC,2
CGCGCCTGAACTATCT,2
CGCGCTAATACAGGAA,2
CGCTAAAACAATGAAC,2
CGCTAACTCACTCAGT,2
CGCTAATGTATGAGCT,2
CGCTGGGCCAAGCTGA,2
CGCTTATACAAAAGCC,2
CGGAAACCCATCCTTG,2
CGGAAAGTCTAAAAAT,2
CGGAATTATTATCTAT,2
CGGAATTTCAGGTAAC,2
CGGACAAATGGTCAAC,2
CGGACGCTGTAAATAC,2
CGGAGCGATATGAGCA,2
CGGAGTTACCACGCTG,2
CGGATAACGGAAGAAT,2
CGGATGTAGGCGAGCA,2
CGGCAAGCCGGCACCG,2
CGGGAAATATATACAA,2
CGGGTAACTTACAGAT,2
CGGTAATCGCATCAAA,2
CGGTAGTAGGCAAACC,2
CGGTCCTCACCGATAA,2
CGGTGAAAATGAAACT,2
CGGTGTCCTAAATTCC,2
CGTAAACGATATAAGA,2
CGTAAATCCTTTGGAG,2
CGTAAGATCAAAGACC,2
CGTACCGTGTATACGA,2
CGTACTTGCCGCAAAC,2
CGTAGTATATTCTAAG,2
CGTATAGACATTGGAC,2
CGTATCACGAACTCGT,2
CGTATGAGAAGCAACT,2
CGTCAACAATGAAACA,2
CGTCAGACTATCGGTG,2
CGTCCAATCTAGCCCT,2
CGTCCAGTCAACTAGC,2
CGTCCGTAACAACCAC,2
CGTGAGAACAGTCTTG,2
CGTGAGTGCAAAATTG,2
CGTGCCGTAAAATTTT,2
CGTGGACTCACAATAA,2
CGTGTCAGACATTATT,2
CGTGTCTAGAAACAAA,2
CGTGTTAATACTATGA,2
CGTTAAAACCCCAAAA,2
CGTTAATTAGAGCAGA,2
CGTTACTGCTTTCGGG,2
CGTTATGGAGCCATGC,2
CGTTCCATATTAGCCC,2
CGTTGAGACATGTCAT,2
CGTTGATAAATGAAAC,2
CGTTGCAAGAATCAAA,2
CGTTGTGTTCTACTAA,2
CGTTTTTAGTATGGCC,2
CTAAAACATAGTTAAA,2
CTAAAACATCCACCAA,2
CTAAAACGAATATTAA,2
CTAAAAGCTTACCCGT,2
CTAAAAGTGAGTAAAA,2
CTAAAGCAGACAATAT,2
CTAAATAAATATCAAA,2
CTAAATTCCAATCAAT,2
CTAACACCAAAAAGTT,2
CTAACGAGACCTGCTC,2
CTAACGGCAAACAAGC,2
CTAACGTTAAACTTAC,2
CTAACTAACTATCATA,2
CTAACTCTTAACCACA,2
CTAAGACTCCATACGA,2
CTAAGCAGAATACGAC,2
CTAAGGACACGAAAAT,2
CTAAGGCTCACACGCT,2
CTAAGTGCATATATCA,2
CTAATCCCTCTACAAT,2
CTAATCGCAGAGGTAT,2
CTAATCGTAAAATAAA,2
CTAATCTATTTTGAAA,2
CTAATGAATAGAAGCT,2
CTAATGATAAGCATAC,2
CTAATTCGCAATCCAT,2
CTACAGTAATAAACGA,2
CTACATGCAGGAAAAA,2
CTACATTGGATATATA,2
CTACGACACCAATGAA,2
CTACGATACAATAAAA,2
CTACGCCCTTTTGGAA,2
CTACGGTTATAACAGC,2
CTACTTATGGACTTCA,2
CTAGAAACACGTGACT,2
CTAGAAATGGCACTCT,2
CTAGATGCATCTCCCG,2
CTAGCAACGGATTTCA,2
CTAGCCCCTGAAAATC,2
CTAGCGACAGAAATCC,2
CTAGCGTACGAGGTCC,2
CTAGGATTGTGTGCAG,2
CTAGGGCTATACCCCT,2
CTAGTACAATTAGCGA,2
CTAGTCCCGACCCGCT,2
CTAGTTATTGCCTGTG,2
CTATAAAAAACCAAAA,2
CTATAGTACGATATGG,2
CTATAGTGGACATTCA,2
CTATCAAATAAGCCTA,2
CTATCGCGTCCTTAGA,2
CTATGAAGATGACGCT,2
CTATGAATAATGATGA,2
CTATGTACGCGTCACT,2
CTATTACGACAAAATA,2
CTATTCAACATTTAAT,2
CTCAAATCCTCACATG,2
CTCAACTAATTGTGAC,2
CTCAAGAGATACACTC,2
CTCAATATCTGTGCTC,2
CTCACAAAAGCAACTT,2
CTCACCAATTACCTGG,2
CTCACTAGGGGACTAA,2
CTCAGTCAAAGCAGAC,2
CTCATAAAATAACTAT,2
CTCATAAACCCCTTAC,2
CTCATACTGACTAAAA,2
CTCATCAACCAAGAGA,2
CTCATGCATCCATGAC,2
CTCCAAAGCGGGGCAG,2
CTCCATCCAAATTAAG,2
CTCCCCTATATACTAT,2
CTCCTGAGACGATTAC,2
CTCGAACAATTTAGTC,2
CTCGAATTGGTAGCGG,2
CTCGACTAAAAGGTTA,2
CTCGAGCTCATCCACT,2
CTCGCCAAAGCACGAG,2
CTCGTACAACAATTCA,2
CTCGTCAAATAGGCTA,2
CTCGTGACCGATTAGA,2
CTCTAAAAAATTGCCT,2
CTCTAACTGCTCTTTA,2
CTCTACACGTATCAAA,2
CTCTCCAACAATCCCA,2
CTCTGACACCTTTGAA,2
CTCTGTAAAATACTCA,2
CTCTTATTACAAGCTA,2
CTCTTCCCAAATTGCA,2
CTGAAAAAAGGAAAAG,2
CTGAAACCGGTCCTTA,2
CTGAAACCTCTTCAAT,2
CTGAAACTTTAAATGT,2
CTGAAATGCTCACTGG,2
CTGAACAGATGTATAA,2
CTGAACCAAGTGGTCG,2
CTGACTAAACATTTCA,2
CTGAGAAAAACAGACA,2
CTGAGACAGCATCGGA,2
CTGAGCAATATACATA,2
CTGAGCATAGATAAAC,2
CTGATACACAACGATA,2
CTGATAGTCGAGATAA,2
CTGATTTACTAACAGA,2
CTGCAACAAAACAGCG,2
CTGCAACGTAGTAATG,2
CTGCATAACATTTCAA,2
CTGCCAAATTCTGATG,2
CTGCCTAACCCCGCAA,2
CTGCTACGCTCTTGTT,2
CTGCTAGAACTAGTCG,2
CTGGATATTTCTTACA,2
CTGGATGTAGAATTTG,2
CTGGCAAGCGTCGAAA,2
CTGTAACATGTATCTA,2
CTGTAACTGGAAAAGA,2
CTGTATATGGTCACAT,2
CTGTATCAGCGCAATA,2
CTGTGTAAAAAAATTG,2
CTGTGTGGACCACAGT,2
CTGTTATAGCTATTCG,2
CTTAAAACCATCGAGT,2
CTTAAAGACATCGTCG,2
CTTAAATGCGCTTGGG,2
CTTAAGAACTGGCCAC,2
CTTAAGTGAGGCTCAC,2
CTTAAGTTACAGATAT,2
CTTAATAGTCAAGCTC,2
CTTACACCAAGAAAGT,2
CTTACATCACTACTTA,2
CTTAGCAAAAAGTTCT,2
CTTAGCATACCCTAGG,2
CTTAGCGCATACTCGG,2
CTTAGGGCAAAAAACT,2
CTTATAAAAAGCTGAT,2
CTTATATAATGGACAT,2
CTTATATACCGAAACT,2
CTTATGTTCGAGACTA,2
CTTCAACATATAACCA,2
CTTCAACCCAACGCAT,2
CTTCACATCTGCCTAT,2
CTTCACTTATATATCA,2
CTTCATACGCTTTTGC,2
CTTCCCGAAGCAGGCA,2
CTTCCCGTTCCAGAGC,2
CTTCGATAACAACGTT,2
CTTCGCATGAGCTATT,2
CTTCGTTTTGTTATGG,2
CTTCTAGAAAATTTAG,2
CTTCTGCGACCACATC,2
CTTGAACAAAACAAAC,2
CTTGAGTCCACTTAAT,2
CTTGATGTTATACTTT,2
CTTGCCCATGTCGTTT,2
CTTGCTTACACATATA,2
CTTGGCCTACACACGG,2
CTTGGTGTAAAGCGTA,2
CTTGTACCATGGAAAA,2
CTTGTATGAAATGCAG,2
CTTGTCATACTTCCCT,2
CTTGTCCTGAAATTAC,2
CTTGTCGTTTGTTTAC,2
CTTTCACGAGACTTAT,2
CTTTCATGTGAGTCCA,2
CTTTCCCCTAGCTGAT,2
CTTTGACCTAACGGAC,2
CTTTGGTTGCTTTCCA,2
CTTTTCCCAAAAGAAA,2
CTTTTTCAGCAATGAG,2
CTTTTTGCATGTGATA,2
CTTTTTTAAACACAAA,2
GAAAAAACACGAATAA,2
GAAAACATAAGTCGCG,2
GAAAACTAGCTAATGA,2
GAAAATGGCTATGAAA,2
GAAAATGTATGGTGTG,2
GAAACAAAAAGCTTAC,2
GAAACACCTTTGGCAG,2
GAAACCGACCCATACT,2
GAAACCTTGAGCTCGA,2
GAAACGAATGACTGCT,2
GAAACGGCTAGCCACG,2
GAAACTAGGTCAATAA,2
GAAACTCGTAGTACGA,2
GAAAGAATCCGTAGAA,2
GAAAGCAAGCTAAACA,2
GAAAGGTCGAAAAGAC,2
GAAATAATGATAAAAT,2
GAAATACATGCAAGTA,2
GAAATAGTCTCATTAC,2
GAAATCCCAAACTTAA,2
GAAATCTAGAGAACAA,2
GAAATCTGCCCGAAGA,2
GAAATTAGCTCGTGAC,2
GAAATTGGCTAAGAAT,2
GAAATTTGTTCGTAAT,2
GAACAAAATATAGTTA,2
GAACAAGAACCCTGTA,2
GAACAAGTCAAGACTG,2
GAACACAAAACGACTA,2
GAACACCATATTAATT,2
GAACACTGAGGGCAGA,2
GAACAGAACTTGCAAG,2
GAACAGAAGAAACGCC,2
GAACATCTCCCCTACA,2
GAACATGTGTCAGTAA,2
GAACCAAAGAAAAGTG,2
GAACCAGTTATGAGAC,2
GAACCAGTTGTCCCCC,2
GAACCGGGACAAGTCC,2
GAACGCTAGGGTAGAC,2
GAACGTAAATGACAGT,2
GAACGTTAGTCAGACG,2
GAACTAATTCATAGAC,2
GAACTCAGTATCAACA,2
GAACTGTTCACATATA,2
GAACTTTTTATAAATA,2
GAAGAAAAACCCGTTA,2
GAAGAAAGACCAAATA,2
GAAGCAAAATTTGCGG,2
GAAGCAATATCCCATT,2
GAAGCACAATTGTCAG,2
GAAGCATAACATCCAA,2
GAAGCCAAAAACTTTG,2
GAAGCTATAAATAAAT,2
GAAGCTGAGAAGCACA,2
GAAGGAAGCAATCCCT,2
GAAGGCGACAATTACA,2
GAAGGCTATAAAAAAT,2
GAAGGTATACAAGAGT,2
GAAGTAGTTATCTCCG,2
GAAGTGGCCCCATCAT,2
GAAGTTGCGAAGGATG,2
GAATAAAACCAGTTAT,2
GAATAAGTGCTATGCC,2
GAATAGAGGATTATGG,2
GAATAGAGTTACTTTG,2
GAATAGTAAAATTCTA,2
GAATATAACATAATCG,2
GAATATCATACAACAA,2
GAATCATCCTTCTACG,2
GAATCTCATAACACGA,2
GAATGCCGTAGCTGTT,2
GAATGGAGATTTCACT,2
GAATGGGTCATAGTAC,2
GAATGTAAGCCATTGC,2
GAATTAATAATTTATT,2
GAATTATATCCTGGTT,2
GAATTCTAGATCCAGA,2
GAATTGGTACGGACTA,2
GACAAAAAAACCACAA,2
GACAAAGACATCCACA,2
GACAAATGCTGAAACG,2
GACAACAATACAAACC,2
GACAAGGATGATAAGC,2
GACAAGTAATTCAGGA,2
GACAAGTCTCATGTAA,2
GACACCCGTCTTGAAT,2
GACACCTTATCCTATA,2
GACACTAAATAGAGTA,2
GACACTTCCATATAGG,2
GACAGATAATACAAGA,2
GACAGGCGAACCATTC,2
GACAGTCTAGCCACAA,2
GACAGTTAGGGGTGAA,2
GACATACATTCCTTGT,2
GACATTTATCATATAA,2
GACCACCTAATGCTGA,2
GACCACTATACTTCAA,2
GACCATACACGAGAAT,2
GACCCAACTGAAGCAG,2
GACCCACCGTTTTAGA,2
GACCCAGGTACATCCC,2
GACCGATTAGTCGCCA,2
GACCTCTGTGTACGAA,2
GACCTTAAGATAAAAC,2
GACGAAGACATTTAAT,2
GACGACGGATAGGAAA,2
GACGAGTGACTAACAC,2
GACGCACCTCATGGAC,2
GACGCGATCCCTCTAT,2
GACGCTATGACTCGTA,2
GACGCTTTGAGTGAGT,2
GACGGCTTTATAACCT,2
GACGGTTTTACGAGAG,2
GACGTACTGTACAACC,2
GACGTAGCTACCTTTA,2
GACGTTACGACGTAAT,2
GACTAAAAGGTGCCTG,2
GACTAAAATCGACAAT,2
GACTAGGTGAATGGTA,2
GACTCATTCGCCACCT,2
GACTCCTAAAGAGTCA,2
GACTCGAGATAACCAC,2
GACTCTAATCCATGTT,2
GACTCTCGGTACTTAA,2
GACTGAATCTCATTCG,2
GACTGACCTATTGATG,2
GACTGACTTTCGCGAT,2
GACTGCCTGACGCCAT,2
GACTGTTTAATAATAG,2
GACTTAAACCTGCCGC,2
GACTTACCAAACCACA,2
GACTTTTAAAACCCTG,2
GAGAAAATATTGCCAT,2
GAGAATGATTGTGAGG,2
GAGACCGTTGCTTGAC,2
GAGACGACAATGCCGT,2
GAGACGCATCAAGCAA,2
GAGAGGCGACGATTTG,2
GAGAGTCTTAACTTGA,2
GAGAGTGATTTTCTCT,2
GAGAGTTAACCTGTCC,2
GAGATAAGAACATGAA,2
GAGCAACGTAACAGAC,2
GAGCAATAACTCGGCA,2
GAGCACCCGAATGAAC,2
GAGCCATGAGACCGCG,2
GAGCCGAATCCAGACA,2
GAGCCTAGACGAGCGA,2
GAGCGGCTGTAGTCAC,2
GAGCTCGCAATACCCC,2
GAGCTGGGTAGAAGAC,2
GAGCTTATCGCACACG,2
GAGGAAAAAGATTTAC,2
GAGGCAGTTCGTGCAT,2
GAGGCATCAGCTCCGA,2
GAGGCCAAGAAGCAAT,2
GAGGCTAAAATAGTAC,2
GAGGGAATTTCGTCGA,2
GAGGTAGATGATATTA,2
GAGGTGCCTAACGAAA,2
GAGTAAAACTCTGCTT,2
GAGTAAAGTCAAACCA,2
GAGTAAGATACATATA,2
GAGTAGAAGAGCTGAC,2
GAGTATAACAGACTGA,2
GAGTATAAGTCACAAA,2
GAGTATCTAACACCCT,2
GAGTCCAAGCTGCAGA,2
GAGTGAAGGATCACTA,2
GAGTGATCTTGACCTG,2
GAGTGTATACGGACTA,2
GAGTGTTCTCGTAGGG,2
GAGTTCCAAGATATAA,2
GAGTTCTACCCAAAAA,2
GAGTTGGTCCCTAGTT,2
GATAAAATAACATGTT,2
GATAAACGTGGATTAA,2
GATAACAATAGTACAG,2
GATAACATGTATTACG,2
GATACAAAATGCTACA,2
GATACATAAGTCGCAA,2
GATACATCGCTTGAAA,2
GATACTGACGTGGTAA,2
GATATAACTCTACATC,2
GATATAAGTAGTACGA,2
GATATCCATCGATCCA,2
GATATGACGTGCGAAA,2
GATATGCCGTTCCGAT,2
GATATTAAATCTACAT,2
GATCAAAACGTGTACA,2
GATCAACTACATTTGA,2
GATCAAGGCGCTACTT,2
GATCACGATATAATGT,2
GATCACGGCACGTAAT,2
GATCACTATAGCCACA,2
GATCAGCAGGCTCTTA,2
GATCAGCCCTAAATTC,2
GATCAGCTCACGTATG,2
GATCATGCTCTCTTAA,2
GATCATTACTTACACG,2
GATCCATTGAGGAAAT,2
GATCCGAAAGAGATAA,2
GATCGAAGGGATGCCC,2
GATCGTCTCGAAATAA,2
GATCGTTCCCAGAGGG,2
GATCGTTTTCTCTGCT,2
GATCTAGCAGTTTTCT,2
GATCTATATCGTCGAG,2
GATCTCAGAGCATAAA,2
GATCTCGCCGTTATTC,2
GATCTGATACTCTTCA,2
GATCTGGTGCAACGCC,2
GATCTTAAACTTAGGG,2
GATGAACTTTAAAAGA,2
GATGAAGCGACGCCAC,2
GATGAATACAAAATAT,2
GATGAGCAATTTAAAA,2
GATGATTCCGAAAAGG,2
GATGCTTGTCGGCGCA,2
GATGGATACATAGAAA,2
GATGGCAGTTACCTAA,2
GATGGGAGACGATTCT,2
GATGTCATACGTGAGT,2
GATGTCGCTCCAGTTA,2
GATGTTCGACTGCTGG,2
GATGTTTAGCACCCAT,2
GATTAACCCACCCTGG,2
GATTAACCGGAGTATG,2
GATTAACCTAATGTTA,2
GATTAACGGCACACGT,2
GATTAGCCTTACGCTT,2
GATTATCGACCACATC,2
GATTTACATACCTCAC,2
GATTTATGACGAACCG,2
GATTTATTCAATAAAC,2
GCAAAAAATAACTTTA,2
GCAAACAACGTAAAAA,2
GCAAAGACGATGCAAC,2
GCAAAGGGTGTCCAAA,2
GCAACAACCACCTCTG,2
GCAACAGCTGACATCC,2
GCAACTATCCAAAACA,2
GCAAGACTCTTAAATT,2
GCAAGATAATGGTCAG,2
GCAAGATATCCCTATC,2
GCAAGCCCTGGACTGG,2
GCAAGGCCTGATGATT,2
GCAATCCATTAACCGC,2
GCAATTCCACCAAGTT,2
GCACACAAATTCGATC,2
GCACACTATTAAAGTA,2
GCACAGACTCCGATCG,2
GCACAGATACTATGCG,2
GCACCCATACAGTGGT,2
GCACCCCGTCATGCAC,2
GCACGAAACCGTAGTA,2
GCACGAGTAAATAGAG,2
GCACTAAATAGCTAGG,2
GCACTAACATCGAAGG,2
GCACTAACCTCTAGGT,2
GCAGAAACGTCGCGAA,2
GCAGACCGGCGTAACA,2
GCAGAGAGTTAATACA,2
GCAGATGCAAATATCA,2
GCAGGGCCGAATGGAG,2
GCAGGTACGACCCGGT,2
GCAGTTAGTAACAGAA,2
GCATAACAGACCATAA,2
GCATAACGTTCGAGCT,2
GCATAAGATCCTCATG,2
GCATACCGGGACGCAT,2
GCATAGTCGAAGACAA,2
GCATATCAGATAACAG,2
GCATATGAGACATGTT,2
GCATCGAAATTTACTC,2
GCATCGTATGACATTT,2
GCATGCAATCTGAACT,2
GCATGCCAAAACTGTA,2
GCATGTAGAAGATAGG,2
GCATTTCTCGCTAGGC,2
GCCAAATCATTTGTGC,2
GCCAAATTAACACTCA,2
GCCAACGTAGGCGCAT,2
GCCAATGAAGGTATCA,2
GCCACAAACCTGATCT,2
GCCACAAGAAAAAGTT,2
GCCACCCCGTCTCACA,2
GCCACCGATCTAGGTA,2
GCCACTGTCCTTGAAT,2
GCCAGAAAAGAAACTA,2
GCCATAGGCGGAGGAA,2
GCCATAGGGTATTTAG,2
GCCATTCATGATAAAA,2
GCCATTCCTATTCGCG,2
GCCCAACACCACATTG,2
GCCCACGACGATAATG,2
GCCCCTGTATTTATCA,2
GCCCGTACAGCTAAGG,2
GCCCTCCTTAGACATG,2
GCCCTCTAATACCTGA,2
GCCGAAAATTAGAATT,2
GCCGAAAGGGCCAAGA,2
GCCGAACGTTTAAACT,2
GCCGATAAGCAGTGGT,2
GCCGATTGAGTATGAC,2
GCCGTCTGCCTCTAAA,2
GCCTTAAGTCAGAGTT,2
GCCTTATACGAGTAAT,2
GCCTTATCCTGGGTTA,2
GCGAAAGTCTCAGTTT,2
GCGAATGAAACCCAAC,2
GCGACAACGGGAGACA,2
GCGATGACTAACGTGC,2
GCGATTATTGAAAGTT,2
GCGCCACAGTAACTCC,2
GCGCCATCATACGATC,2
GCGCGAATAAAGAGAT,2
GCGGGAATGGGTTCAC,2
GCGGTTGGGTATTCAA,2
GCGTAAAAGCACATAC,2
GCGTAGACTCTTTTGA,2
GCGTCTCTTCTACGGT,2
GCGTGTCCGCCGCGAA,2
GCGTTAATTGACGCCC,2
GCTAAATTACGTTACC,2
GCTAACCACATCATTA,2
GCTAAGGACGTAAGAC,2
GCTAATCCATTAAATA,2
GCTACAATTACTAGTC,2
GCTACGTGACTGGAGT,2
GCTAGCAACGCTCTTT,2
GCTAGCTTATACATAG,2
GCTATCCCGCGATATA,2
GCTATCTCAAACAAGT,2
GCTATTCCAATCAAAC,2
GCTCATCATGCCGCGG,2
GCTCTTACATGTGCCG,2
GCTGATATGAAAACTG,2
GCTGCAGACCATCATT,2
GCTGCCATACTATTTA,2
GCTGTAAACAACAACT,2
GCTTACCACCTACTAA,2
GCTTCAAATCAACAAA,2
GCTTCACTCTAACCTG,2
GCTTCCCAACACTTAA,2
GCTTGGTGTTCGAGCG,2
GCTTGTAACAACTTAA,2
GCTTGTGATTTTACAA,2
GCTTTAAACTAGAATT,2
GCTTTATACTAATTTC,2
GCTTTTAACACTGAGT,2
GCTTTTAGGAGTGGTA,2
GGAAAATAGTTAATGA,2
GGAAAATATAGGCACG,2
GGAAAATATGCATATC,2
GGAAATACCAGTACGG,2
GGAAATCACTACGTAC,2
GGAAATCATGACTAAG,2
GGAACATAGCCAGACC,2
GGAACCTTTAACTAGG,2
GGAACGATAGAAAGTA,2
GGAACTGCATATTACG,2
GGAAGACCATTCTAAT,2
GGAAGTACGGACACTT,2
GGAAGTCAAACGTGAT,2
GGAATAGCATGGCGCG,2
GGAATATTATTAAAAA,2
GGACATGCGGTTCGAC,2
GGACCGCTTATACGGG,2
GGACGATATAAGAAAT,2
GGACTACTGCTAAGCC,2
GGACTCCAACTATTAA,2
GGAGAAAGGTGTCTCC,2
GGAGAACAAATAAACG,2
GGAGCCGTCTGATACG,2
GGAGCGGTGCCAAGAT,2
GGAGGCCATTCAACAA,2
GGAGGCGACTATTCAT,2
GGAGGCTGGCTCATAA,2
GGAGTTCAAAGAATCA,2
GGATAAAACCACTATC,2
GGATAAAATTACTGCC,2
GGATAAGCCATTCCGA,2
GGATACCAAAATCAAA,2
GGATACTGACGCCCTC,2
GGATATGTATAAAGAT,2
GGATCAGTACTCAATA,2
GGATCTACCCGAATCG,2
GGATGCCCAGTTGAAG,2
GGATGGTACATAAAAA,2
GGATTACCACGATAGA,2
GGATTATATCCTTGAA,2
GGATTTCTAGTTATAC,2
GGCAAAGACAACGATG,2
GGCAAAGCACAACTCG,2
GGCAAAGCCCTCTCGA,2
GGCAAGGAATACACGT,2
GGCAATCGATAGCTAG,2
GGCAATCGCGTGGTAC,2
GGCAATTGATATGATG,2
GGCAATTTCAATCCAA,2
GGCACATTATAGGCAA,2
GGCACTTTGCCTGTAC,2
GGCAGATCTAGATAAA,2
GGCATCGTTGGCGAAA,2
GGCCAATCCTGATATC,2
GGCCCATATCTCAAAA,2
GGCCCCTCCAACGACT,2
GGCCGCGTTATTCACA,2
GGCCGTTTTTCATCCA,2
GGCCTCCGACGACTGC,2
GGCCTGATACGACTTC,2
GGCGAAGGAACTAGAT,2
GGCGACGTTTAAAAGA,2
GGCGAGACAGGCCATT,2
GGCGAGCCGCGTATCG,2
GGCGATTCATACTGAA,2
GGCGCACGCTTGGGCT,2
GGCGCGAAACCCAATT,2
GGCGTAACATGCCCAA,2
GGCTCACTAGAACAAG,2
GGCTCGATACAGCGAA,2
GGCTTAAACGAATTTG,2
GGCTTCTAAAAGTCAT,2
GGGAAGAAGTCTGTTC,2
GGGAATATCATTCCAA,2
GGGAATTAATTGAACA,2
GGGAGGTGCGGGTCAG,2
GGGAGTCTCTCAACTC,2
GGGATAACCAAACACG,2
GGGATCCTGAAGCGTT,2
GGGCAAATTCCGAACA,2
GGGCACATATAAGCGT,2
GGGCAGAAGCTAATCT,2
GGGCCGCAACCAGCGA,2
GGGGAGATTAATATGA,2
GGGGGTTCCTAAAAAA,2
GGGTAACGGATTATTA,2
GGGTAAGTAGTGCATG,2
GGGTCAAGAAATCAAT,2
GGGTGCTGAACCGTTA,2
GGGTTCCAAGTAGAGA,2
GGTAAACTCCGGTTCC,2
GGTAACTCGAATGTAA,2
GGTAACTGATTTTAAC,2
GGTACATCCCAGCTAA,2
GGTACTGAATTAAAAC,2
GGTACTTCGCATGATA,2
GGTAGAATGATAACCT,2
GGTATCAAATCTTCTT,2
GGTCACAAACATGGGG,2
GGTCACCAAGCTCACT,2
GGTCAGAAGCGAATCT,2
GGTCCCCACTTCGATC,2
GGTCCGATTATAAGAC,2
GGTCGAAAACTCCTTA,2
GGTCTCAGTCAAACGA,2
GGTCTCTTCATATAGG,2
GGTCTTGAGTGAAATG,2
GGTGATGCTCATAGCA,2
GGTGCCTACAGAATAC,2
GGTGTACCTTCTAAAG,2
GGTGTCTTGCAGATTA,2
GGTGTGGAACCGAAGA,2
GGTTAACACCTAGAGT,2
GGTTAACTGCACTGAT,2
GGTTAATAAGCTCAGG,2
GGTTAATTGATCCAAT,2
GGTTCTAGGTCAGAAC,2
GGTTGAACATTGAAAA,2
GGTTGAGCCGGACTCT,2
GGTTTATAACCCGAGG,2
GTAAAACATACGTTGT,2
GTAAAATACAAAGTTA,2
GTAACACATTGCAGTA,2
GTAACAGGAGAATTTA,2
GTAACCCACACAAGGT,2
GTAACCGCACAATACA,2
GTAACGAAACCGGGTA,2
GTAACTCCTAGTGTCT,2
GTAAGACAACACTAGA,2
GTAAGAGCTGAAACGT,2
GTAAGATCGTAATCGC,2
GTAAGGGAAAAAACAT,2
GTAATATTTGAATAAT,2
GTAATGCGTTATCCTC,2
GTAATGCTAAACGAGA,2
GTAATGGTAGAAAAAA,2
GTACAAATCTTGAGTG,2
GTACAACTAAGTGAAG,2
GTACATCATAAGCTAC,2
GTACATTCATTGTAAT,2
GTACCATGAAATTATT,2
GTACCCATAAGAGCTA,2
GTACCCCCTAACAGAA,2
GTACGACTCGGGAATA,2
GTACGGCTCAGATCAA,2
GTACTAAAGCTCATAC,2
GTAGAGAAACACATGA,2
GTAGAGATGGACTATA,2
GTAGCCGAAGGACGAT,2
GTAGGCTATTAAACTT,2
GTAGGTACTAAGCAAA,2
GTAGTAGGAATTACCA,2
GTAGTATATTTCCACC,2
GTAGTCCCTTACCTCA,2
GTAGTTTAGGATTCTG,2
GTATACATAATCTTAC,2
GTATACTGCTTACGAA,2
GTATACTGGAATGTCA,2
GTATATACAGCATTTA,2
GTATCAACCTATTGTT,2
GTATCTTTTGCGTATA,2
GTATGATGAGCAAAAC,2
GTATGCGTGTGAGAAC,2
GTATTATGCACACATC,2
GTATTCTAAAAACTAG,2
GTCAACGAGAATGGGA,2
GTCAACGGACATTACC,2
GTCAATACCCATAAAT,2
GTCACAGTACATTGTA,2
GTCAGAACAAAGATAG,2
GTCAGAGGAAAAAGGG,2
GTCAGGTGTATCACTA,2
GTCAGTACTGCGTTCT,2
GTCCAAAATATGGTCG,2
GTCCTCACTCTTTAGG,2
GTCGAACAATCACCAA,2
GTCGACCTCCAACCAA,2
GTCGAGCGAATTTTCA,2
GTCGGAAACGATCATT,2
GTCGTAGATCGACCGG,2
GTCGTTTACCAACGCG,2
GTCTAACATTAAGGGA,2
GTCTACTAAATCAAGG,2
GTCTACTCTATCAACC,2
GTCTATTCTCAGTGCC,2
GTCTCTTCCGTAGTAG,2
GTCTGGACAAATAACT,2
GTCTTACGTATACACA,2
GTCTTTTTACCATTCT,2
GTGAAAAAGAATAACA,2
GTGAACAAAGAATTAT,2
GTGAAGCTAAGGCGAA,2
GTGAAGGCACTAAGTA,2
GTGAATATACGACCTT,2
GTGAATCCACGTAAAG,2
GTGAATGAAGAATTGC,2
GTGAATTTGAGCCAGT,2
GTGACATCTGAGACTT,2
GTGAGAGTAGCGGACC,2
GTGAGGGCAGAATATG,2
GTGAGTTAGCAGACCT,2
GTGATATGTCGCCATC,2
GTGATCATCACAAGGA,2
GTGATTAGTGCAAGCC,2
GTGCAAACCGCACGCT,2
GTGCACATCTACCATG,2
GTGCGTATAACGAATA,2
GTGCTCGGATAGGTAT,2
GTGCTGATAACAATGT,2
GTGCTTTGACATTGCA,2
GTGGAGAACTGATACA,2
GTGGCAACAAACAATT,2
GTGGGTAACAACTTAA,2
GTGGTCGAAGTACAAC,2
GTGTAAATATGCTAAT,2
GTGTAATGTCTGAAAT,2
GTGTACTGAATTGACG,2
GTGTGAAAGAAACATA,2
GTGTGAGCGGGACCTA,2
GTTAAAAACAAACCCT,2
GTTAAAGAATCAAGTA,2
GTTAAATCAGTTCTAG,2
GTTAAGGAAGTCGTAC,2
GTTAATAAATGCAGAA,2
GTTAGAACGGAGTTCA,2
GTTAGTCCCAGTTAGA,2
GTTATAACCCATCGAG,2
GTTATATCCGATTGCA,2
GTTATCGAAGAGTATC,2
GTTATCGGATCCAACT,2
GTTATGTATATTATGT,2
GTTATTAAACGCCCAA,2
GTTATTCACACGGAGA,2
GTTCAAACGAACCACA,2
GTTCAAATTAGAGTTA,2
GTTCAAGTATGATCTA,2
GTTCACCGGATCACCT,2
GTTCAGCGTTTTCAAA,2
GTTCATGCAAGTCTGC,2
GTTCCACGCACATAGA,2
GTTCCTACAATACCCG,2
GTTCGCTTTGAAAGAT,2
GTTCTACACATATAGA,2
GTTCTCTTAAATGGAA,2
GTTGACACGGACTCCT,2
GTTGTACTCCTTTGAT,2
GTTGTCGCTATTATTC,2
GTTTGCGAGTGAAACC,2
GTTTGGTTGATGATCT,2
GTTTGTCCGAATCGAC,2
GTTTTATATAGACCAA,2
GTTTTCTACGAACAGC,2
GTTTTTGATTAGTCCA,2
GTTTTTGCATCCGGAT,2
TAAAAACAGGCGACTA,2
TAAAAACATACTAACT,2
TAAAAAGGCTTTAAGC,2
TAAAAATATATATTAG,2
TAAAAATATTCAGGAA,2
TAAAACGACCTAACCC,2
TAAAACGACTTCCAAC,2
TAAAACTTCATGAACC,2
TAAAAGGTACGAGTGA,2
TAAACAAAGTGACCTA,2
TAAACATTTTGATGCC,2
TAAACCAATTCATAGA,2
TAAACGATCAGATGAG,2
TAAACTAAACACAATG,2
TAAAGCGTAACACCAA,2
TAAAGCTGATTTGGCA,2
TAAAGGGCGGAAGACC,2
TAAAGTAAGCGCAGAA,2
TAAATAAACTGCCGCG,2
TAAATAAATTCACGTT,2
TAAATAATGACAGTGA,2
TAAATAGAAACAATTA,2
TAAATCCAGTACGGCC,2
TAAATGCAAAAGGTCA,2
TAAATGGGCTGTATAT,2
TAAATGTCTCGATTGG,2
TAAATTATGTCACAAC,2
TAACAAAAATTTACCT,2
TAACAAAAGTGTTCTT,2
TAACAAGAAAAAGCAT,2
TAACAAGTTTCTACAG,2
TAACAATAAAATATAC,2
TAACAATCCAAGGCCT,2
TAACACAATGGATAAT,2
TAACAGTGGCCCTGCT,2
TAACATCTCTTACTAA,2
TAACCAATAGATATAA,2
TAACCACTGATCTATC,2
TAACCCTAAAATATCA,2
TAACCGATTTGTTCGG,2
TAACCTCTATACCCAT,2
TAACGAGTATTAATAC,2
TAACGCCCGATTAACC,2
TAACGCTAAAAACAGA,2
TAACGGGATTGAACAA,2
TAACTAATACGGAAGC,2
TAACTATGACTCGGGT,2
TAACTATTCGTCAGCA,2
TAACTCCGGTCTAAGG,2
TAACTGAAGTTGGAAA,2
TAACTTAGATGGATAT,2
TAACTTCACAATTTCA,2
TAACTTGGTAACTTAG,2
TAAGAAAAATGTACAC,2
TAAGAACAATGCAACG,2
TAAGAACCAAAATAGG,2
TAAGACAATAGATTCG,2
TAAGACATTGTTATAT,2
TAAGACCATTTAGGAC,2
TAAGACTAGAATTGCC,2
TAAGATAGTATAAGAG,2
TAAGATATAAAATGGG,2
TAAGCCCTTGGTCGTA,2
TAAGCCGTGATTAACA,2
TAAGCGAAACTTATCT,2
TAAGCGAGGAGGATTC,2
TAAGCTATTGTCACAT,2
TAAGGACAGACTGGAA,2
TAAGGAGATCTAAGAA,2
TAAGGCTGTTCCGCCT,2
TAAGGTTTTTACGCGG,2
TAAGTAATATACTGTG,2
TAAGTGAGTAGGGGAA,2
TAATAAACATGTTAAG,2
TAATAACCTTCCTAAC,2
TAATAATAAATTCCAG,2
TAATAATAAGCTAAGA,2
TAATAATACACGCACT,2
TAATACCACCAAAGTA,2
TAATACCTAACCAAAA,2
TAATACGCATAACTAT,2
TAATAGGCCCAAGAAA,2
TAATATGAGGATCTGC,2
TAATCAGAGAGAATGG,2
TAATCATGGAAACTTT,2
TAATCATTATAAAACC,2
TAATCCAACACCGCTG,2
TAATCCACTAGACACA,2
TAATGAAACTACGAAT,2
TAATGAGGGTGTTGCA,2
TAATGATCGGTCGATA,2
TAATGCAGAGATGAAA,2
TAATGCGGCATAATGC,2
TAATGGAGAAATCCCC,2
TAATTAAAGTATTCTT,2
TAATTTTGAAGGTATA,2
TAATTTTGATAGAGCC,2
TACAAACTCAGGTGGC,2
TACAACATTCAGTTCA,2
TACAACCCGCAAATTA,2
TACAAGACTAGCTGGA,2
TACAAGAGAAACTAGA,2
TACACAAAATAAGCGT,2
TACACACCTAATCCAT,2
TACACATATTCTGTGA,2
TACACATCATCTCACA,2
TACACTAAGTTATTCA,2
TACACTTTGAAAGAAA,2
TACAGATTAAACTCGT,2
TACATACTTGATATGA,2
TACATAGGGTCCACCA,2
TACATATATTATACTG,2
TACATATGCTAGCCTG,2
TACATCCCTGAACAAT,2
TACATCGACACTCGAG,2
TACATCTAGATTGCAC,2
TACATGGAAGATCTGT,2
TACCAAAAAACTTCCA,2
TACCAAAAACATTATT,2
TACCAAAATCGTAAAT,2
TACCACGAAAAGATCA,2
TACCAGAACAAAGCAT,2
TACCAGTAGCCATCCC,2
TACCATACGACACTTT,2
TACCCAAGTGACAACA,2
TACCCCATGGGTAGGG,2
TACCCCTACGGTGGCG,2
TACCCGAATGGAGGCC,2
TACCCTATCAGTTGCA,2
TACCCTCGATATGTCC,2
TACCGAGACTTCTAAA,2
TACCGCGTATAGTGAA,2
TACCGGATATTAGAAG,2
TACCGTATACCATGGC,2
TACCGTCTAACAAATG,2
TACCTCTGATTTTGGT,2
TACCTGGCCTAGGAAC,2
TACCTTCCAAAGCGCA,2
TACCTTTGTTTGACGC,2
TACGAAACTAATATTA,2
TACGAGGAATACGTCA,2
TACGCAATTAACCGAA,2
TACGCATTAATTTTAC,2
TACGCGCCTCCACGGC,2
TACGCTGTTACTCCAT,2
TACGCTTTCTAAACGA,2
TACGGAGGAAGCATAT,2
TACGTGTAGACGTAAC,2
TACTAAATCGTAGCTA,2
TACTAAGCTGAACAGA,2
TACTACGCACTGAGGT,2
TACTAGAATATAGAGC,2
TACTATACCAAGATGA,2
TACTATTAAACCTCTA,2
TACTCACCTTGAGACA,2
TACTCAGTTCTACTGA,2
TACTCCTTGCTTCTCG,2
TACTGACCAATGGATG,2
TACTGCAGAGTACGAT,2
TACTGTCCATTCAAAA,2
TACTTGGTGGCGTAGC,2
TACTTTCCCGTTTCAC,2
TACTTTGCGTCTTGCA,2
TAGAAAATAGAATCAG,2
TAGAAAATTATTAGTG,2
TAGAAAGGCTAATCTC,2
TAGAAATAACCATATC,2
TAGAAGGAATATGCCC,2
TAGAATGTCAATGGTC,2
TAGAGCACTTCTCCCA,2
TAGAGGTAATCAACCG,2
TAGCAACAAAACAAAT,2
TAGCACGGTACTAACT,2
TAGCACTCTACTAATG,2
TAGCAGAGAACATGCT,2
TAGCAGAGTTAAACAT,2
TAGCATTAAGACTTAA,2
TAGCCAGTCCAAACCA,2
TAGCCCTGGTACAGTG,2
TAGCGCTGATTAATTC,2
TAGCGGTGCACAGTAA,2
TAGCGTAACACTTTAA,2
TAGCTACTAAGGAAAA,2
TAGCTATGGACGGGAT,2
TAGCTTACCTAACCCA,2
TAGGAAAGCCGAGGAC,2
TAGGAACCCAAGGAAT,2
TAGGAATTCATCCGAT,2
TAGGATACATACGTCT,2
TAGGTAAGAAAATGCA,2
TAGGTAGTGGAGAAAC,2
TAGTAAAGAACATTCT,2
TAGTAAATACGTCTCA,2
TAGTAATGCAGATAAC,2
TAGTACCACCTGGTAT,2
TAGTATCTAGTCCCAG,2
TAGTATGTTGGATGTG,2
TAGTCACTGCTCTTGG,2
TAGTCATACTGATAAA,2
TAGTCGAAGCTCACTA,2
TAGTGCAACAATCTAT,2
TAGTGTTTGTGGGGGC,2
TAGTTGGAACACGGAT,2
TAGTTTTGGATTGCAT,2
TATAAAGAACTTCCCG,2
TATAAATTAGCGTTAC,2
TATAACGAAGCAAAGC,2
TATAACGAATCCAGGG,2
TATAACTTGGGAGATC,2
TATAAGATTAATTCTC,2
TATAATTGCATCGCAG,2
TATACGATAGAGGCAT,2
TATACGGAGGGACTGT,2
TATACGTGATTATACA,2
TATACTCAATAGGAAA,2
TATAGGCTGAACGAGA,2
TATATAAACATTAGTG,2
TATATAAAGCCCAATG,2
TATATAGCACTATAAA,2
TATATTAACCATAAAA,2
TATATTACCAAAATCA,2
TATATTCCACCCTTTA,2
TATCAATATTATAGTG,2
TATCAATGGGCTTCTT,2
TATCACACACCTCAGA,2
TATCACACCATGAATT,2
TATCACCTACACAGAA,2
TATCAGACATATCTTT,2
TATCAGTAAGCTGATA,2
TATCATACCATAACCG,2
TATCATAGCGTTGAAG,2
TATCATTTTGAGTTTC,2
TATCCGTCTCACTTCG,2
TATCCTTTGGAACACC,2
TATCTCCTGACCAATC,2
TATCTCGAGAATCTAT,2
TATCTGTTTGTCAGAT,2
TATCTGTTTTAATACG,2
TATGAAAATTAAACTT,2
TATGAAGAGGGCATTC,2
TATGAATATTCAGTGT,2
TATGACGAACAATATA,2
TATGACTAACGTAGCC,2
TATGATCATGTCAAAA,2
TATGCAACTACAGAAG,2
TATGCATGCCTGGCCT,2
TATGGTCAAAAGATCC,2
TATGTAGATTGCGAAA,2
TATGTCCTAAAAGGAT,2
TATGTCTCTTTGCATA,2
TATGTGTACGCGATGA,2
TATGTGTTGTCCTACT,2
TATTAAATAAGATATT,2
TATTAACCACATTTAA,2
TATTAATTTCTCACCC,2
TATTAGAACGGTAAGG,2
TATTATGAACATACAT,2
TATTCACAATTTCTAT,2
TATTCAGAAACCTTTA,2
TATTCCCGTGACATGA,2
TATTCCGCAATAACCG,2
TATTCGCCCAGGACAC,2
TATTGATCCCAGTCAC,2
TATTGCAAACTTTTGA,2
TATTGCTTAATATACA,2
TATTGTCAAAATACAG,2
TATTTACAATAGGCTC,2
TATTTCAAACCGAGAC,2
TATTTCCGTTCCCGGT,2
TATTTGAAATATGTAG,2
TCAAAAACCTAAAATA,2
TCAAAAATGAACATAC,2
TCAAACAAAAGCCAAG,2
TCAAACCCGATGACAT,2
TCAAAGACTTACAAAT,2
TCAAATAATAAAGACA,2
TCAAATACAGAAGCTA,2
TCAAATATCAAATAAA,2
TCAAATTACGAAAGTT,2
TCAACACCATAAAAAA,2
TCAACACCGAAGTTTA,2
TCAACCCCCTGCGATT,2
TCAACCTACTGAATAA,2
TCAACGAAATCAGTAA,2
TCAAGAGGTCGGCATG,2
TCAAGATGGAAAGTCA,2
TCAAGCAATTGGCTAA,2
TCACAACCATAATCTT,2
TCACAAGAATTTAGGA,2
TCACAATCAAAGAGGG,2
TCACACACAACTCAAA,2
TCACAGATAGGCAGAC,2
TCACATATACGCCGAT,2
TCACCAATATGGGCAG,2
TCACCCATGTTAATAC,2
TCACCCCGAGAGTATG,2
TCACCCTCATCCCCTA,2
TCACCTTCCACTACAT,2
TCACGAAAGTCATTAA,2
TCACGCGTGCACATAA,2
TCACGTCCGCTCTATT,2
TCACGTCCTAAAATAA,2
TCACTTAATACGAATT,2
TCACTTAATAGGATAC,2
TCAGAACTCTTCAAAA,2
TCAGAAGAATAAAGGG,2
TCAGAGCCTACACCGC,2
TCAGATAATGCTAGCC,2
TCAGCTTTACACGTGG,2
TCAGGAACAATATAGG,2
TCAGTGGATCAAAAGA,2
TCATAACCAGTTGTAC,2
TCATAGGACGAATCTA,2
TCATATACAAGAATGA,2
TCATCACAATAACTGT,2
TCATCAGACAGTTTGC,2
TCATCCAAGATGATAA,2
TCATCCAAGGACAGGA,2
TCATCGAGCTAGGGTT,2
TCATCGTATGACATGA,2
TCATGCACTTGGTACT,2
TCATGGATTAAATCAG,2
TCATTCACTTAATAAA,2
TCATTTCCTACTATAT,2
TCCAAAATTCGCTGAG,2
TCCAAATCAGAGAGAG,2
TCCAAATGTGCCACAG,2
TCCAAGCCTAATTCGC,2
TCCAATTCACCCAACA,2
TCCAATTTGCCCCATG,2
TCCACAATAGCCACCT,2
TCCACACCGATTCGCT,2
TCCACATGGTAAGGTA,2
TCCACCATTAGATTTG,2
TCCACCTGCCGTACTC,2
TCCACGTATCTTTGCA,2
TCCAGAGACCGATAGA,2
TCCAGGAAATTCAAGA,2
TCCCAAAAAAGATCAG,2
TCCCACTTCGCGTCTG,2
TCCCAGAGCCGGTGTA,2
TCCCAGTCATGCCCTC,2
TCCCCATGAAGCAAAA,2
TCCCCCGTATACCCAG,2
TCCCGGTAGCAGACTA,2
TCCCTACAAAATTACT,2
TCCCTAGCCTAACCCA,2
TCCGAGCATGCCTCAA,2
TCCGATAGCAAACGCG,2
TCCGATGAGCCAGAAG,2
TCCGCATCATTAGTGG,2
TCCGCCCAAGCTTTGC,2
TCCGCTCTTGAAATGT,2
TCCGTAAGATGTCATT,2
TCCGTACATACTTTCC,2
TCCGTTTAGAGATATC,2
TCCTAATAATGTAAGC,2
TCCTACGCACAACATC,2
TCCTAGAGAAGTCCAG,2
TCCTCAACACTCTCAC,2
TCCTCATAAAATAACG,2
TCCTCTCCCATAAACA,2
TCCTGAACCGGCCACG,2
TCCTGTAAAGATACTA,2
TCCTTAAGGGTTTCCA,2
TCCTTATCAAATTGCG,2
TCCTTTCCTATAAGAA,2
TCGAAATCTTAACTTA,2
TCGAACATGGAAACCG,2
TCGAACATTGGCTTAT,2
TCGAACCAAAAGTATT,2
TCGAACGTTGGCAACA,2
TCGAATAGATTAAAAC,2
TCGAATAGGACGACAT,2
TCGACACCACCTAATA,2
TCGACCCGTACCAAGT,2
TCGACGGTCAAATTGT,2
TCGATGCAACTTGCCA,2
TCGATTACCGTTATCA,2
TCGCAATTGGACGTTG,2
TCGCACAGAGTTTTAT,2
TCGCCCAGAGACTTCC,2
TCGCCGGAATGGATTT,2
TCGCGAATCAAAACTC,2
TCGCTGAAAAATCCTT,2
TCGCTTAGGTACCAAC,2
TCGGACACATATGTAG,2
TCGGATTTGTGCAGCT,2
TCGGCATGTCATTCCC,2
TCGGGATCAGGATCAT,2
TCGTAGGCAATTTTTG,2
TCGTGGTTAAAGAAAT,2
TCTAAAAATTAACACA,2
TCTAACGCCTAATGTT,2
TCTAATACCAAAAGAA,2
TCTACGGATAGATAAA,2
TCTACTCATATGAAGT,2
TCTAGACAAGCCCCCG,2
TCTATAGCATACATCT,2
TCTATTAAGTTTGTAC,2
TCTCAAAGGGGAGTTT,2
TCTCCTGAAGCAGATC,2
TCTCGTACCAACGGCT,2
TCTGACGGTGTAATTC,2
TCTGCAAGAAGCTATA,2
TCTGCAGACGTCCAGT,2
TCTGCCAAAACTTCAA,2
TCTGGATTTAATTAAT,2
TCTGGGATTCTAGTAT,2
TCTGTATAGTCCTAGC,2
TCTTAACTTTCATATA,2
TCTTAATACAGAAAGT,2
TCTTACGAATTCACTC,2
TCTTATAAATTGGAAA,2
TCTTCCCAGTTGTATA,2
TCTTCCCGGCTCTCCA,2
TCTTCGCAAAGGATTC,2
TCTTCTGCTCGATACA,2
TCTTGACGGCAACAAG,2
TCTTGAGCCAAGTTTG,2
TCTTTAGCGGCCGGAA,2
TCTTTATTCTACAAAA,2
TCTTTGACCCAAGTTT,2
TCTTTTGCAAAATGAC,2
TGAAAACCGGAAAGTT,2
TGAAACCACAGAAAAC,2
TGAAACGCTATGAACG,2
TGAAAGACTAGCCAGA,2
TGAAAGGATATTACTT,2
TGAAAGTACGATCGTT,2
TGAACAAATCATCTCA,2
TGAACAATATATGATA,2
TGAACCATAAAAGGTC,2
TGAACCCAGAGTCTCT,2
TGAAGCCGTTCCTCAT,2
TGAATCAATAAATTCA,2
TGAATCACATGGAGAA,2
TGAATGCATATATTAG,2
TGAATTCAACGACGCT,2
TGACAAAATGGTGACG,2
TGACACGAAAACCTAT,2
TGACATAAACAAAAAG,2
TGACCTTTTAAAAGCT,2
TGACGGAGAAGTTCGT,2
TGACGTATACCCCCAA,2
TGACTCTCAGACCCGT,2
TGACTGCCAGGAGATA,2
TGACTTTTATTTACAA,2
TGAGAAAGCATCACCT,2
TGAGAACAATTAACAA,2
TGAGACACCTGAACCT,2
TGAGATATTTCAACGT,2
TGAGCACCGCGACCAA,2
TGAGGACGTTACGAAA,2
TGAGTATAAATGCCTA,2
TGAGTCGCTGATCTTC,2
TGAGTGATAAAATGAT,2
TGAGTTTTAACTTAGC,2
TGATAAGCACAGTTAT,2
TGATAATGGTGCTTAT,2
TGATACGTAACTAATG,2
TGATACTACCATGAAA,2
TGATAGCCCCTATTAC,2
TGATAGCGCTGAAAAT,2
TGATCAAACCGTGATA,2
TGATCCAATAAATAGT,2
TGATCCAATCTCCCCC,2
TGATCCCCCCGAGTTC,2
TGATCCTCAGAGAGAA,2
TGATCGTAACGATATT,2
TGATGCTCGCGTGCAA,2
TGATGGTGAATATCTA,2
TGATTAATTCTCGTTG,2
TGATTCAAAAAGTTTG,2
TGATTGCAGTAAGGAC,2
TGCAACATAAAACCTG,2
TGCAACATGCCACCAG,2
TGCAAGTACTAATTTG,2
TGCAATCTGAAGATCC,2
TGCACGCGAGATACTA,2
TGCAGGAAGGTGTCGG,2
TGCAGGGCTTAGGGTT,2
TGCATCCAGTTTCTGC,2
TGCATGACACTCCCGA,2
TGCATTTAAGACCTAC,2
TGCCAAATCCTCAATT,2
TGCCACATTCCGCCCT,2
TGCCAGGACAGGTCAC,2
TGCCCGCCACAAAACA,2
TGCCCTAAAGATGTTC,2
TGCCGGCGGAGTATCT,2
TGCCTAAAATTGAATT,2
TGCGAAGTTCTTTAGC,2
TGCGAATAAATACCAA,2
TGCGCAGTTATGAATC,2
TGCGCTAGAACTGCGT,2
TGCGGAAATAAGCCCT,2
TGCTACGTACTACAAT,2
TGCTAGATTGACCGGA,2
TGCTATTGCCAACTAC,2
TGCTCGAAAATACATC,2
TGCTGAACTCCTAAAC,2
TGCTGAGTTATTGGTC,2
TGCTGATGGTAAGCCA,2
TGCTTAAGAAAAAATT,2
TGCTTGAAATTTGAGC,2
TGCTTTGCAGAATATA,2
TGGAAAATACAGACAT,2
TGGAACACATAAACAC,2
TGGAACCCAAATTAAA,2
TGGAAGTTAAAAAAGA,2
TGGAATATAGCGACTC,2
TGGAATTGTTTATCCA,2
TGGACAAACTTAAAAA,2
TGGAGAGCCTAATACC,2
TGGAGGAAAATGAGGG,2
TGGAGGATTAACGACC,2
TGGCAAAGGATAGTTC,2
TGGCAACTAAGTGCAT,2
TGGCACGAATCGTTAC,2
TGGCCTTTATAGCCAT,2
TGGCTGCAACGGTAAA,2
TGGGAAAATGGGTAAC,2
TGGGAATCTGAGAAGA,2
TGGGCCCATTCTGCGA,2
TGGGTAGCTACTCCCA,2
TGGGTTCTCGTGTCAG,2
TGGTACCCTTCAATAA,2
TGGTCTAAAATACGAC,2
TGGTGCATATTGATAA,2
TGGTGCTTACTGGAGG,2
TGGTGTCAGAATGATT,2
TGTAACCCCCTTTAAT,2
TGTAATATTTAACAAT,2
TGTACCCACTAAATAT,2
TGTACCCTTGAGAGGC,2
TGTACTCTAGACAAAT,2
TGTAGACTAGCCACAG,2
TGTAGAGGATGCTATA,2
TGTCAACAAGGATAAA,2
TGTCATAGACAAGTTG,2
TGTCATAGGATCATCA,2
TGTCCAAATGTCGCAT,2
TGTCCATATAAATGTC,2
TGTCCATGAACAAACT,2
TGTCCCGACCCGATCT,2
TGTCCTGAGTGCAATG,2
TGTCTTATCCACAAAA,2
TGTGAAACCTGGTAGA,2
TGTGAAGAACATGTAT,2
TGTGCAAATACCGTTC,2
TGTGCACTGCAGGTAA,2
TGTGCCAGTAGGTCCA,2
TGTGCGAAACTTCAAT,2
TGTGCTCCATGATGGA,2
TGTGTAAAGTAAACCT,2
TGTGTATACGTCCGCA,2
TGTTAACGACGATTGC,2
TGTTATATGCTCGAAT,2
TGTTATCCATTACATA,2
TGTTATCGGCATAAAT,2
TGTTCGCGTTACCAAC,2
TGTTCTCTTACCTATT,2
TGTTGCTAAAGTTGCT,2
TGTTGGCCATAGCATA,2
TGTTTAAGGGGCGGTG,2
TGTTTGTAAGTATATC,2
TGTTTGTTAAATATGC,2
TGTTTTAGATTGCCCT,2
TGTTTTTATAATAAAG,2
TTAAAATACGGACGGA,2
TTAAACGTACTGATAG,2
TTAAACTGGTCTACGC,2
TTAAAGCAGGTTCAAA,2
TTAAATCTGGCCAAGG,2
TTAAATGATACATAAT,2
TTAACAACAGATGACA,2
TTAACATTTAGCTACA,2
TTAACCAATGCTACAT,2
TTAACCGTACGTAAAT,2
TTAACTCAAATAAGTC,2
TTAAGAAACTTTGCTA,2
TTAAGATAATCTACCA,2
TTAAGATGAGACGATC,2
TTAAGCAAACATCGAT,2
TTAAGTTGCATAGAAC,2
TTAATAGATGTATAAT,2
TTAATCCTAAGCTGGG,2
TTAATGAAAGATAATA,2
TTAATGGATTTGCGGC,2
TTAATTACTGCTACAG,2
TTAATTAGCTGGTTCA,2
TTAATTCAGCTCAAAA,2
TTACAAAAAATAGGAG,2
TTACAAGAACACTCGA,2
TTACACGTGAGATATA,2
TTACATGGAATATGAC,2
TTACATTCTCTTACGG,2
TTACCAGATAAAAGAC,2
TTACCCACTGTCACGG,2
TTACCTTTCCATACAC,2
TTACGTGCAGAAAGAC,2
TTACTAAAAACTACCC,2
TTACTCACATACGTAA,2
TTACTGTTCAAAAATG,2
TTACTTACCCTGAAAT,2
TTAGACAGTTGAAGAA,2
TTAGAGCTAATTTAGA,2
TTAGATAGACAAGGAA,2
TTAGATTCAGTCTCAT,2
TTAGCACAAGACGTGT,2
TTAGCACCAACTTCGA,2
TTAGCATGAGGTGTGC,2
TTAGCCCTCCCTTAGA,2
TTAGGAATGACGCACA,2
TTAGGTCAAACCCACG,2
TTAGGTTATGATTAGA,2
TTAGTACAGGACTAAT,2
TTAGTCAGGGGTAAGC,2
TTAGTGAAACACTAAA,2
TTAGTGTCATTATAGG,2
TTAGTTAATTGGAATT,2
TTATAAAAACCTCTAC,2
TTATAACCAAAACAGA,2
TTATAACTACTAGGCC,2
TTATAATCCAGGGACT,2
TTATCACGCTAACCGC,2
TTATCCTCGAAGTGCA,2
TTATCGAATCACACCG,2
TTATGATAACACCTAA,2
TTATGGAATACATGTT,2
TTATGGAGTACTTCAA,2
TTATTAAAGAGACAAA,2
TTATTAACTAAGATTT,2
TTATTACAGGTTACCA,2
TTATTCGAAGCCTCCA,2
TTATTCTACGAACAGT,2
TTCAAAAGCCATAAGA,2
TTCAAATGACGCCCCT,2
TTCAACAAAACGTATA,2
TTCAAGACGACCTCCA,2
TTCACATGGGAGATTC,2
TTCACCACAAGGCCTT,2
TTCACTGAACAATACG,2
TTCACTGACAAAAGAC,2
TTCAGGGCATAAATCT,2
TTCATCACAGGTCTGG,2
TTCATCTGATAATCAA,2
TTCATTCGTAAGGCTA,2
TTCCAAAGCGAATACT,2
TTCCAACGAATTGGAC,2
TTCCAGAAATCCAATA,2
TTCCAGAATGCGTCAC,2
TTCCATCGGTAGAACA,2
TTCCCGCAGCCCGCAG,2
TTCCCTCAGTAAGTAC,2
TTCCGCAAAGAGCTTT,2
TTCCTAACCACCAAAT,2
TTCGAAGTTATCACTG,2
TTCGCATGCGTTATTA,2
TTCGCCTCAAGACAGG,2
TTCGCGATCAAATAAA,2
TTCGGACGTGACGTTC,2
TTCGGATCTTTCGTGG,2
TTCGGGGCTACTCATA,2
TTCGTATTAGTATCGA,2
TTCGTGATATACATAA,2
TTCGTTGTTGACAATC,2
TTCTAAAAGTCCGTAA,2
TTCTAAACACTAATAC,2
TTCTAATCCAAAACAA,2
TTCTATGAAGTTCAAA,2
TTCTCTACAGGAGCCA,2
TTCTTAATAGAAGTAT,2
TTCTTATCCAGAAGAG,2
TTCTTCTACAATAGAA,2
TTCTTGAACGTGAGCA,2
TTCTTTCGCGTTGAAA,2
TTGAAATTAGGTATAC,2
TTGAATGCAGGGAGCG,2
TTGAATTATAGAACAC,2
TTGACCTATACTATAT,2
TTGACTTCCATCATAC,2
TTGAGAACAATAAGGT,2
TTGAGGACCGTACCAA,2
TTGAGGGGAAACAAGT,2
TTGAGGTGTCTACTCC,2
TTGAGTTTGACGCGTT,2
TTGATAAACTTGGACA,2
TTGATCGAAGACTAAT,2
TTGATTATCAAAAGTA,2
TTGCAAATAGCATGCC,2
TTGCCCAATCTAACCA,2
TTGCTCAGCAAATGTA,2
TTGCTGAGCTATACGA,2
TTGCTTATAGTCAGTA,2
TTGCTTGAGGCAACCC,2
TTGGAGTAATAGAACA,2
TTGGTTTCATGAATCC,2
TTGTAACTATAACAAG,2
TTGTAGAATAACACAA,2
TTGTATTAAGGACCCA,2
TTGTCACGAGCTAGCT,2
TTGTCTTCAGAAACCC,2
TTGTGACTTACAAAAC,2
TTTAAATTATTAACCG,2
TTTAACCTAGGACTCT,2
TTTAATACAAGTAAAG,2
TTTACGCTTAACATGA,2
TTTACTAATCAGTCCA,2
TTTAGCGGCGCAGGAG,2
TTTATAAACAAACTGT,2
TTTATAACCAGCGACA,2
TTTATCCAATCGGGTT,2
TTTATGAGTGACTGAA,2
TTTATGATCTCTTTAG,2
TTTATGTCCGTGAAAC,2
TTTCAAGGCGATTAGA,2
TTTCCATGAACTAACA,2
TTTCCCCGGACACTGA,2
TTTCCTCCCGAAATGT,2
TTTCGTAACATATCAT,2
TTTCTAACCTGGATTA,2
TTTGACGCCATTTATC,2
TTTGATTGTATCGACA,2
TTTGCAGATGGCGAAA,2
TTTGCGGAGTCAAGTA,2
TTTGGGGTGCTTTATT,2
TTTGGGTGTACGACAC,2
TTTGGTTATGCTCAAT,2
TTTTAAAACTATCATA,2
TTTTACTAGAATGGAA,2
TTTTAGAGAGTAAAAC,2
TTTTAGTGAACTACAT,2
TTTTCACAATTTATGT,2
TTTTCACTTTGGATTT,2
TTTTCCCATGGTCGAA,2
TTTTCGATCAGTAGAT,2
TTTTCTCAAAAAAAGA,2
TTTTCTCGGTGCTAAA,2
TTTTGATCACCGGAGC,2
TTTTTGGCTAACCGTA,2
TTTTTTGTCCTATAAA,2
AAAAAAAACAAAGACC,1
AAAAAAAACCAAGAGA,1
AAAAAAAACTTCCTCA,1
AAAAAAAGGTAGCCGC,1
AAAAAACAATCACATG,1
AAAAAACATAAATGTG,1
AAAAAACCCAGCTATA,1
AAAAAACCGCATGAGA,1
AAAAAACGGCCTACTT,1
AAAAAACTGAATATCT,1
AAAAAACTTAGAGCTT,1
AAAAAAGTACGAGAAG,1
AAAAAATAAAGTGATA,1
AAAAAATCTTCGACAA,1
AAAAAATTAGAACGTT,1
AAAAACAACCAATGAG,1
AAAAACAACCACATTA,1
AAAAACAATTGTACCG,1
AAAAACACAGTAAGCG,1
AAAAACACCTCCAACC,1
AAAAACACCTCTATGC,1
AAAAACATAACCTGAC,1
AAAAACATAACTACCA,1
AAAAACCAAATCGACA,1
AAAAACCATGAGAGAA,1
AAAAACCGAAAACAAA,1
AAAAACGAAATACTGC,1
AAAAACGCTCTAAATG,1
AAAAACGTGCCGGCAA,1
AAAAACGTTCCGAGGT,1
AAAAACTTTAATAAAA,1
AAAAAGATAACTTGAA,1
AAAAAGATTTCTAAAT,1
AAAAAGCGATACTCCG,1
AAAAAGGAGTATAGTA,1
AAAAATAAAAAAAGGT,1
AAAAATAGTGTCAAAG,1
AAAAATATGCCTTTGT,1
AAAAATCGGTGATCTC,1
AAAAATTCAAACCATT,1
AAAAATTTAAGGCGAT,1
AAAAATTTTAGGCCAA,1
AAAACAAGAAATAAGG,1
AAAACAATAAACTAGC,1
AAAACAGAAATGACGT,1
AAAACCAACCCTCCGA,1
AAAACCCCCAGACATA,1
AAAACCCTCCATTTTC,1
AAAACCCTTTATAGAT,1
AAAACCTTTTATGACC,1
AAAACGAAACGGATAT,1
AAAACGAACAAGATGA,1
AAAACGAAGGTTACTC,1
AAAACGCAGATAATCA,1
AAAACGCTTGCCGTTT,1
AAAACGGTAATGAGTT,1
AAAACGTTTAACAATA,1
AAAACTAATTTAGCAC,1
AAAACTACGATTTTAG,1
AAAACTCTATGGTAAA,1
AAAACTTACGACTCCG,1
AAAACTTGTAGAATTG,1
AAAAGAAACAAAACGA,1
AAAAGAAAGTCCAATA,1
AAAAGAATAGAACATT,1
AAAAGACATCTGCAAG,1
AAAAGACCGAAAAAAA,1
AAAAGAGCCTACGCTC,1
AAAAGAGGACGTGCGG,1
AAAAGAGTTAAATGAT,1
AAAAGATAGGGGCCCA,1
AAAAGCACTTGGATTA,1
AAAAGCCGGTCATCCC,1
AAAAGCGATTAGAGCT,1
AAAAGCGTCCGATATG,1
AAAAGTACTCACGGAT,1
AAAATAAACTTGCTAA,1
AAAATAACACAAAGCC,1
AAAATAAGCCACCTAG,1
AAAATAATGAAGGAAA,1
AAAATACCATAATCGC,1
AAAATACGAAAGTAAA,1
AAAATACGTCATATCT,1
AAAATACTGAAAAACA,1
AAAATATGATTTCAGA,1
AAAATATTACTGTAGA,1
AAAATATTATTGCCTC,1
AAAATCACACAGTTGC,1
AAAATCACCCGATGTA,1
AAAATCATCCCCATTC,1
AAAATCCAACATCGAG,1
AAAATGAAAAGGCCTA,1
AAAATGAATACAAACC,1
AAAATGATCATATGCG,1
AAAATGTGATGCATGA,1
AAAATTAATATAAAGA,1
AAAATTAATATAAATT,1
AAAATTAGAGGAAGAA,1
AAAATTCCAGGCTTGC,1
AAAATTCGGGGGCACC,1
AAAATTCTAGAATGGG,1
AAAATTGCCCGTGCAA,1
AAAATTTAGGAAATAA,1
AAAATTTCACGGATCG,1
AAAATTTTAACCAAGA,1
AAACAAAACCTTAACA,1
AAACAAACCCCAGATA,1
AAACAAACCGAATTTA,1
AAACAACAACGCGGAC,1
AAACAACCCGGTAAAT,1
AAACAACCTCATACCT,1
AAACAACTGAACTGGC,1
AAACAACTTAACGAAA,1
AAACAAGAACATCCCA,1
AAACAAGTGTATCTTG,1
AAACAATTAGATCTTG,1
AAACAATTTTATAGAA,1
AAACACAAAGATTATA,1
AAACACACACTGATTC,1
AAACACCAAATCTCAA,1
AAACACCCACTTAATA,1
AAACACGATGGAAAAT,1
AAACACTTTAGACACC,1
AAACAGAACTCATTTC,1
AAACAGAAGGATAGCA,1
AAACAGATTCTTTGAA,1
AAACAGTCCTTTAAAT,1
AAACATATACATTTAT,1
AAACATTCTAAAATAT,1
AAACCACAAAGAATAG,1
AAACCATGTAACTGTT,1
AAACCCACACGCATGG,1
AAACCCATGTTATTTA,1
AAACCCTTATCAAACC,1
AAACCGAAGGATTTCT,1
AAACCGACTATCTGAA,1
AAACCGGCATCGGTTA,1
AAACCTAATTTCGACC,1
AAACCTACGGATAAAA,1
AAACCTATGAATAACG,1
AAACCTCCTGCAACCA,1
AAACCTTCAAAAGCGG,1
AAACCTTGATCGCAAA,1
AAACCTTGCTAAAACA,1
AAACGACTCCAATAAA,1
AAACGAGCTGATACAC,1
AAACGATGACCATGTA,1
AAACGATTCCAATATC,1
AAACGCATAAGACATC,1
AAACGCTATTAAGCCT,1
AAACGCTCATCAAGTG,1
AAACGGGGAGTAGTTC,1
AAACGGTATTAAACTA,1
AAACGTATGAAAGTAA,1
AAACGTCAAGCTTTAA,1
AAACGTGGCCTTTGAC,1
AAACTAAAATTAAGCT,1
AAACTAACGCGGATTA,1
AAACTAAGATTATATC,1
AAACTACAGAGGAACC,1
AAACTAGAACCGATAA,1
AAACTAGATTGTATCT,1
AAACTATCACGGATAG,1
AAACTATTACTGCGTC,1
AAACTCACGCGAGAAA,1
AAACTCCAAAATCTGC,1
AAACTCCGAGCGCCGT,1
AAACTCGGAATACACG,1
AAACTCTTTCAATTAA,1
AAACTGGACTTGATTG,1
AAACTGTGAAATAAAA,1
AAACTGTTTCTGACTC,1
AAACTTAACTGTATTA,1
AAACTTAAGCGCCGCG,1
AAACTTCTTACATTTA,1
AAAGAAAGTGCCAAGA,1
AAAGAAATCAAAGACA,1
AAAGAAATCACGCGTC,1
AAAGAACCTCCCCACA,1
AAAGAAGCTTAGAATA,1
AAAGAATAATTGAACC,1
AAAGAATGAAAGATAG,1
AAAGAATGGGAAATCA,1
AAAGACAGAAACCTAA,1
AAAGACAGTCGACGGA,1
AAAGACCGCAGGCATC,1
AAAGACGCAGCCAAAC,1
AAAGAGAAGCCCTGAC,1
AAAGAGCAAATCAAAG,1
AAAGATAAGAATGAGT,1
AAAGATAGAAAGAGAT,1
AAAGATAGACTATACG,1
AAAGATCAATGAACAT,1
AAAGATCCATAGACAG,1
AAAGATTAAAAATTTA,1
AAAGATTAATCCTAGA,1
AAAGCAAAATGATATG,1
AAAGCAACCAGTAAAG,1
AAAGCAAGAACAAGTA,1
AAAGCATGACCCGCAT,1
AAAGCATTTCGAGTTT,1
AAAGCCATACCCCTGA,1
AAAGCGAACTCCAGAA,1
AAAGCGCCTCGTTACC,1
AAAGCGTACATGCACT,1
AAAGCTATGGAAAATA,1
AAAGGAATATAAGGTA,1
AAAGGGGATCCAGTTC,1
AAAGGGGCATATCTCA,1
AAAGTATTTCTAAGCC,1
AAAGTCATACAGAGCC,1
AAAGTCTGAAGTTTAC,1
AAAGTGATGTCATTCT,1
AAAGTGTTAATAGCCT,1
AAAGTTAGACCGGTAT,1
AAATAAAACAAAATAG,1
AAATAAAATTGCTAAA,1
AAATAAAGGACATGTT,1
AAATAAATATAGATGT,1
AAATAAATATATAAGG,1
AAATAACCCACAGACC,1
AAATAATCGGGGATTA,1
AAATAATCTGAGGTTA,1
AAATAATGCTACATAA,1
AAATAATTTTATAGAC,1
AAATACACTGCTTGAC,1
AAATACAGCATACAAG,1
AAATACATAGGCTGCC,1
AAATACCAACTTCAGA,1
AAATACCCTACACTGC,1
AAATACCGCTTCGACC,1
AAATACCGTCTGACAA,1
AAATACGAAAGGCGCA,1
AAATACGCCACAGTAT,1
AAATACGGAACGCTAC,1
AAATACTGACTTCCGA,1
AAATAGTCACAAGGGC,1
AAATAGTTAGGCTTCC,1
AAATATAACAAGTGAT,1
AAATATACAACGACTA,1
AAATATACATTGGCTA,1
AAATATATATTAGGAA,1
AAATATCAGAATCAAC,1
AAATATGAATTTGGAC,1
AAATATTACATGAGTC,1
AAATATTAGATCAGAC,1
AAATCAGTAGCGAATT,1
AAATCATCACTTGGAT,1
AAATCATCCTTTCAGT,1
AAATCCCACAACTCTG,1
AAATCCCAGAACGGTC,1
AAATCCCATGTCTACT,1
AAATCCCCCCAAGCTC,1
AAATCCCTAATGCATT,1
AAATCCGGAGTTAAGT,1
AAATCGAGAAATCCTA,1
AAATCGAGTCAATAAC,1
AAATCGGAACTTAAAC,1
AAATCGGACGTGCATT,1
AAATCGTGGCCATTAA,1
AAATCTAAATCATCAT,1
AAATCTAACGTGAATC,1
AAATCTAACTCACCGG,1
AAATCTAAGTAAATGT,1
AAATCTCACTCTATGT,1
AAATCTGATGAATGTT,1
AAATGAGAGACTGGTA,1
AAATGAGCGGGAATAC,1
AAATGATTGGGAGCCC,1
AAATGCACCCAGAGAC,1
AAATGCTAATAAAGTT,1
AAATGCTAATCATAGT,1
AAATGCTGGATTAAAC,1
AAATGCTGTTAGTCGA,1
AAATGTATCTTATAAG,1
AAATGTATGACTCGAC,1
AAATGTCAAATACACC,1
AAATGTGTACAAACAT,1
AAATGTTCCGCCAATT,1
AAATGTTTGCTTTACG,1
AAATTAAAAATCTAAA,1
AAATTATCCAGAAATG,1
AAATTATTGTACCTCC,1
AAATTATTGTGCCATG,1
AAATTCAAACAATTTA,1
AAATTCATCACGGAAT,1
AAATTCTTTAGACTAT,1
AAATTGACTCGATTAC,1
AAATTGCAGTTTTTAT,1
AAATTTATCAAGTAAA,1
AAATTTCCCAGATCAT,1
AAATTTTCTAACTAAT,1
AAATTTTGGGCTTACG,1
AAATTTTGTCATCCGT,1
AAATTTTTGCAATTCA,1
AACAAAACTTGAAGCG,1
AACAAACAAACTGAAC,1
AACAAACAAATGTTGT,1
AACAAACCCTACGAAT,1
AACAAACTATAAGTCT,1
AACAAAGAAGAAATTC,1
AACAAATAGCTTCAAA,1
AACAAATGGCTTAAAT,1
AACAACACGTGCAAAA,1
AACAACAGTGAGGCAA,1
AACAACCAATCGGCGT,1
AACAACCACAATCTTT,1
AACAACCAGGGATCAT,1
AACAACTTGAACTTTT,1
AACAAGGGGATTAGGG,1
AACAAGGTGGTGATTG,1
AACAAGTACGCTACCA,1
AACAAGTACTTTACAA,1
AACAATAAGATCTCAG,1
AACAATCACATAAAAC,1
AACAATCCCATCTACG,1
AACAATCCCTGACATT,1
AACAATCCTTAGTTAA,1
AACAATCGGTGCATAA,1
AACAATCTAGCTCCAC,1
AACAATCTCTGTGAAA,1
AACACAACCAAGAAAT,1
AACACAAGTATAGCAC,1
AACACAATCCCACAAT,1
AACACAGAAATGCCAA,1
AACACAGAATGCCCAC,1
AACACATAAGGTTACA,1
AACACCAATACCACGC,1
AACACCCTACATAGCC,1
AACACGTACCGCACCT,1
AACACTAAAGAATACA,1
AACACTCATAAGGGTC,1
AACACTTCGAAGTTGT,1
AACAGAAATCCAATGA,1
AACAGAAGAAGAAAAA,1
AACAGAAGGAGAACGC,1
AACAGACAGCATGATT,1
AACAGAGCTCTAACCT,1
AACAGCGTTGATTTGT,1
AACAGGATGATTACGA,1
AACAGTAAACCCGAGG,1
AACAGTATTAGACTTT,1
AACAGTCCCCCCGCAT,1
AACAGTGCAGAAGAGA,1
AACATAAAAAGATACG,1
AACATAAAACGGGTAC,1
AACATATACAACGCTG,1
AACATATTAAACCGCC,1
AACATCAAAAATTACA,1
AACATCACAAACTTGC,1
AACATCACCTATTATA,1
AACATCAGAATAATCC,1
AACATCTAATTTTAGA,1
AACATGAGTAAAGTAA,1
AACATGTTAAACGTTT,1
AACATTACCGCCATAA,1
AACATTCAAGCCCGAA,1
AACATTCAATCCGTAA,1
AACATTCTGTTGACTT,1
AACATTGAGACAGCGC,1
AACATTGGTAAGCTAC,1
AACATTTATGCCACAG,1
AACATTTCGAGTTCAT,1
AACATTTCGATGAACT,1
AACCAAAAAATTGTTT,1
AACCAAAAACACCAAG,1
AACCAACACAAACAAA,1
AACCAACGAGAGGGAC,1
AACCAAGATTATATGT,1
AACCACATCGTCCACA,1
AACCACATTAGTAACC,1
AACCACCGTACAATAA,1
AACCACTCCAAATAAT,1
AACCAGCAAGAAACTT,1
AACCAGCCCTGGTACT,1
AACCAGTATACGAACA,1
AACCAGTGCCCTGCAC,1
AACCATAGAGAGAATA,1
AACCATAGTATTAAAT,1
AACCATATAACAACAA,1
AACCCATGTCAGACGC,1
AACCCATTTAGTAATG,1
AACCCCTTTGATGTAA,1
AACCCTCATATCATGC,1
AACCGAAAATAGTGCG,1
AACCGAACACCCAGGA,1
AACCGCATGGGAGACA,1
AACCGCTACCTTACCT,1
AACCGCTCGTGGAAAG,1
AACCGGAGGAACCCTC,1
AACCGGGAGGCAGACC,1
AACCGTATGACAAGTT,1
AACCGTGGCCGAACCT,1
AACCTAAAAAAGCAAA,1
AACCTAAATTCTTTCA,1
AACCTAATAGGTTATG,1
AACCTACACGCTAACA,1
AACCTATAACCACACA,1
AACCTCAATGACAACA,1
AACCTCACATTAGACC,1
AACCTGACCCGAGGAC,1
AACCTTAATCGCTTTA,1
AACCTTCATCTGCTAC,1
AACGAAGTGCATAACT,1
AACGACAAAAAGTGAA,1
AACGAGGTGCGAATTA,1
AACGCACCGGAATGGT,1
AACGCAGACTAATTAC,1
AACGCGAATATAAATC,1
AACGCTAAGATTGACA,1
AACGCTAGCAAGGTCA,1
AACGCTAGCGGAGCAT,1
AACGCTCATATGTTCC,1
AACGCTTAATAATCAC,1
AACGGAAATAATCAAG,1
AACGGAACAACGTATG,1
AACGGCAGTGTATTAG,1
AACGGGCTAACATAAC,1
AACGGTATTTAATACG,1
AACGTAATATACAAAA,1
AACGTATCAAAACATA,1
AACGTATGAACCCTGA,1
AACGTCATATGTCACT,1
AACGTCCTAAGTCTCA,1
AACGTCCTCACCAATA,1
AACGTCTGCACAATAC,1
AACGTGAATTATGGAG,1
AACGTGAGTTTGCAAC,1
AACGTGTAATGTATGT,1
AACGTGTGAAGCAGCT,1
AACGTTTGTTCAACAA,1
AACGTTTTAATGCGAA,1
AACTAAAAAATAAATC,1
AACTAACAGAAATATT,1
AACTAACAGTTTCAGC,1
AACTAACGAGAAGCAC,1
AACTAACTGTTGCAAC,1
AACTAAGTGCGACCTC,1
AACTAATCATCTAGTA,1
AACTACCTTTAACGTA,1
AACTAGCGAATTCTAA,1
AACTAGCTTATACATC,1
AACTAGGACACTACAT,1
AACTAGTCTGGAACAG,1
AACTATCTCAGAACCA,1
AACTATCTCCCGGCGT,1
AACTCAAACTAGAATT,1
AACTCAAGCATCAACC,1
AACTCAATAGATCAGA,1
AACTCAGATCTTGTCA,1
AACTCATACACTTTAA,1
AACTCATTTATCCCAT,1
AACTCCATCGACATCT,1
AACTCCGGGTTCAGAG,1
AACTCCGTCACAAGGG,1
AACTCTGTACACATCC,1
AACTCTGTTGGCAAGC,1
AACTCTTTCGAAATAT,1
AACTGAGTTACCAGCA,1
AACTGATAAAGCGCTA,1
AACTGATAACAAACTA,1
AACTGATGTGCCATAA,1
AACTGATTAGGACAAT,1
AACTGCCAAATGAAAA,1
AACTGGCCTTTTCACA,1
AACTGGGAACATGGAA,1
AACTGTTCTAATGACC,1
AACTGTTGCTAAAGTG,1
AACTGTTGTTTAACAG,1
AACTTAACACGACCCA,1
AACTTAATGACAACAA,1
AACTTATAAGAACACG,1
AACTTATTACCCAAAA,1
AACTTCTAAATAGGAC,1
AACTTCTAATCAATGT,1
AACTTCTACGTTGCTA,1
AACTTCTAGAGTTTCA,1
AACTTGATGAGCAAAA,1
AACTTTAGATAATCCG,1
AACTTTGGGATCGCGT,1
AACTTTGGGGACTTGG,1
AAGAAAAAGTCCAGAG,1
AAGAAAACTATTGAGA,1
AAGAAAACTCATGTAC,1
AAGAAAAGACCCTGGA,1
AAGAAAAGCTCATTTG,1
AAGAAAATAATAACAT,1
AAGAAACTCGCGGGCC,1
AAGAAATACGCAATGT,1
AAGAAATCCAAGCCTA,1
AAGAAGTTTGAAAATT,1
AAGAATACTAACCCAT,1
AAGAATAGACGTAACC,1
AAGAATCTAACTCTCC,1
AAGAATGCACGGGAAT,1
AAGACAACCCAGATTA,1
AAGACACTACATGATC,1
AAGACAGTCTCCCTCT,1
AAGACATGCAATGAAA,1
AAGACCAATATGAGTA,1
AAGACCCGGATCGTCA,1
AAGACCGAACCTATAC,1
AAGACCGATGACTGGA,1
AAGACCGCATTAAGTT,1
AAGACGCAAAACCCTT,1
AAGACGTAATATAAGA,1
AAGACGTCAGAGACAT,1
AAGAGAACCTTTTAAC,1
AAGAGACGTCTGCCGC,1
AAGAGATAGTGAACAA,1
AAGAGCTATTTGATAA,1
AAGAGGTCCTACAACA,1
AAGAGTACTTGTCAAA,1
AAGATATAGAGTCATT,1
AAGATCAATTCCGAAT,1
AAGATCCGTTCCATCG,1
AAGATGGAATACCGGA,1
AAGATGTTTAATCTCC,1
AAGATTAATTGTTGGG,1
AAGATTACATACAGTC,1
AAGCAAACAATCTTGA,1
AAGCAAACTCGATACG,1
AAGCAACTAAGCAAAT,1
AAGCAACTTTGACTAC,1
AAGCAATAAATACAAT,1
AAGCAATAGAAAAAAA,1
AAGCACATGAGTTATA,1
AAGCACGCAAATCGGC,1
AAGCACGTCATAGAAA,1
AAGCACTAATTGAACC,1
AAGCACTGAATGACGC,1
AAGCAGCCGGACCATG,1
AAGCATAACACGCAAA,1
AAGCATGTTGACAGAA,1
AAGCCACCCAAATGAA,1
AAGCCAGTAATGCGTT,1
AAGCCATAGTCATGTA,1
AAGCCATCTATACTTT,1
AAGCCCCCTAAGATTA,1
AAGCCTAAAGGTTTAG,1
AAGCCTATTATTATCT,1
AAGCCTTAATGGCACT,1
AAGCCTTCAACATGCG,1
AAGCGCGTCCAAGTTA,1
AAGCGTGTAGAAACTT,1
AAGCTAAAAAGTCTAA,1
AAGCTACCAATGCCTC,1
AAGCTAGTTGTAGTAA,1
AAGCTATAAAATACTA,1
AAGCTCATCATCACAG,1
AAGCTGGATAGTATCA,1
AAGGAAATGGTAAAAA,1
AAGGAAGCAATATCCT,1
AAGGAAGCCAGAAATT,1
AAGGATAACCCAAAAA,1
AAGGATACAAAGAGCT,1
AAGGATTAATCGATAA,1
AAGGCCACGTGTAAGA,1
AAGGCCTCATTAATGC,1
AAGGCGACGTAGATCT,1
AAGGCGAGAAAAAAGA,1
AAGGCTGAGACGCGTA,1
AAGGGAAGCCAGCGAC,1
AAGGGAATCATACCCG,1
AAGGGGCGCTCGGATC,1
AAGGTCCATCATACCA,1
AAGGTGGCATGAACTA,1
AAGGTGTTTATTATAC,1
AAGGTTGCGTATCTTA,1
AAGGTTGGAATCGCGA,1
AAGTAAACATGCGATA,1
AAGTAAAGTGGATTAA,1
AAGTAACACTTGTACT,1
AAGTAACATACGATTC,1
AAGTAACCAAGAACGG,1
AAGTAACTAAACGGCA,1
AAGTAATCTACAAAAT,1
AAGTAATGTATGGTTG,1
AAGTACATAACTATAC,1
AAGTACGTAGCTATTA,1
AAGTACGTTCAAGGTG,1
AAGTACTAACACTGAC,1
AAGTAGCCCTTTAACA,1
AAGTAGTACAAACGAA,1
AAGTAGTACAACGTAC,1
AAGTATAATGACAATT,1
AAGTATAGCCACGCTA,1
AAGTATCGTTCATTGT,1
AAGTATGTCAACATAA,1
AAGTATTTTATAATGC,1
AAGTCAAAGTCTATAA,1
AAGTCACCCACTAAAA,1
AAGTCCAATTCTTAAC,1
AAGTCCAGAAGAACTA,1
AAGTCCTCACAATAGA,1
AAGTCGCAAGGAACAG,1
AAGTCGGCTACAGGAA,1
AAGTGATAGACGAACT,1
AAGTGGAAATTTCTAG,1
AAGTGTTTTGTTAAGT,1
AAGTTAAAAAATCGCG,1
AAGTTACTAGAGTCAG,1
AAGTTCCCGCTGGAAA,1
AAGTTGTGTACTAACT,1
AATAAAAAAGTTCCGT,1
AATAAAATGAAACTGT,1
AATAAACAAAGCTTAC,1
AATAAACATAAAAGTT,1
AATAAACCACATCGTT,1
AATAAACCAGAAAAGT,1
AATAAAGACCATAAGG,1
AATAAAGTCAATCTCA,1
AATAAATAAAAAGATG,1
AATAAATCTGGTCGCG,1
AATAACAAAAGGGATA,1
AATAACATAAACATCG,1
AATAACATTTCGCATA,1
AATAACCCTTACGGAT,1
AATAACTTCATTATCC,1
AATAAGAAATCCAGCC,1
AATAAGAGTTCGCAGG,1
AATAAGCGACAAATAA,1
AATAAGGTTAAACGCT,1
AATAAGTACGAACATC,1
AATAAGTAGGCATACC,1
AATAAGTATACGTAAC,1
AATAATAACAACCTCA,1
AATAATAATAATGCCG,1
AATAATAGACATCAAC,1
AATAATGAACCCACCC,1
AATAATGACGGCAGAC,1
AATAATTGTCCTAAAA,1
AATACAAATTAATGCC,1
AATACAATCTAACATT,1
AATACAATGAGAACGC,1
AATACACATCACCAAA,1
AATACAGGATATTAAT,1
AATACATATGTGTCGA,1
AATACCAAATCAGGAT,1
AATACCACAAATCTAA,1
AATACCAGATTACCTA,1
AATACCCATGATGAAT,1
AATACCGGCGACAGAG,1
AATACCTCTGAGTGCA,1
AATACGAGTCTTTTCT,1
AATACGCATCCCAAAG,1
AATACGGTTACTGCTT,1
AATACTACAATTTCAT,1
AATACTCTCCCTCCAC,1
AATACTTTTGTTAGAA,1
AATAGAAGCGCTTTCG,1
AATAGCCGAAGTACTC,1
AATAGCGACTCACAGA,1
AATAGCGGATAGACTA,1
AATAGCGTTTGTGAAA,1
AATAGGATTAACTATC,1
AATAGGCAAAAAGAAA,1
AATAGGCAGAAAATCA,1
AATAGTGACACCGAAG,1
AATAGTGTGTACAAGA,1
AATATAAATCAGTAGA,1
AATATAACTCCATTTG,1
AATATACTGAACGAGA,1
AATATAGAATCCTACT,1
AATATAGGGTCATAAT,1
AATATATATTATTGGC,1
AATATATTGCAAGAAA,1
AATATCAGTGAATGAA,1
AATATCTGAGAGCTCT,1
AATATGGATAAAATGC,1
AATATGTGTCGAGGCA,1
AATATGTTCAAACGAC,1
AATATTAGTCATGAAA,1
AATATTCTATCACGTT,1
AATATTGAGCTACAAT,1
AATCAAAATTACTGAA,1
AATCAAGCATATATAC,1
AATCAATAGCTAAACC,1
AATCAATCGCATGGAA,1
AATCACCAATGAGCCT,1
AATCACCCAAGAGTAA,1
AATCACTCTCTATTAC,1
AATCAGAGGACCATAT,1
AATCAGATAATGCACA,1
AATCAGATTTAATTGT,1
AATCAGTCGGTAAGAG,1
AATCATATGTAAAAAG,1
AATCATCCAAATCTCG,1
AATCCAACTGAACATA,1
AATCCACGAAGGCTCT,1
AATCCAGAGCCTATCC,1
AATCCATTCCCTAAAT,1
AATCCCAAGAGCAAGT,1
AATCCGCAAATATTAC,1
AATCCGTACATAGAGA,1
AATCCTACAAAGGTCT,1
AATCCTATATGCGTCC,1
AATCGCAATCGTAATT,1
AATCGCCTATAGAATG,1
AATCGCTATTGGTTTA,1
AATCGGATAAACGCTA,1
AATCGGCACTGGAAAC,1
AATCGTAATCACTAAA,1
AATCGTCAAATACGCA,1
AATCGTTCAAGTGAGA,1
AATCTCAGCCTATGAA,1
AATCTCCAAAGCTGAA,1
AATCTCCCCTGATTTC,1
AATCTGAAAATGAGAA,1
AATCTTAAAAAACTGC,1
AATCTTCTACCCATGC,1
AATCTTCTTCTCTAAA,1
AATCTTTACTAAATAA,1
AATGAATAAAATCAGA,1
AATGAATCTATGGTAA,1
AATGACCGGAGAACAG,1
AATGACCTTATACCCA,1
AATGACTATTGCTACG,1
AATGACTCTTACGAGC,1
AATGAGAACTACCAAT,1
AATGAGAAGGTATCCA,1
AATGAGCCATACAAGG,1
AATGAGGCGGGATGAC,1
AATGATATGCCTACAT,1
AATGATCCTCAAATCT,1
AATGATCGTCATCCAA,1
AATGCAAACACCACGT,1
AATGCACCGTCCAAGT,1
AATGCCACATAATCCA,1
AATGCCATGTCATTTG,1
AATGCCTGTGTTACCA,1
AATGCGACGCGCTATT,1
AATGCGATTATAGTAT,1
AATGCTAAAGAGGGCT,1
AATGCTAATAATTGCC,1
AATGCTATGTAACCAC,1
AATGCTTAGATCGCCC,1
AATGCTTCTAATAAGA,1
AATGGAAAACTAATCC,1
AATGGAACTTTCCATG,1
AATGGAGCGAAATTGT,1
AATGGCAAAATCGTGA,1
AATGGCTAAAATAAGT,1
AATGGGGGAATATGCG,1
AATGGTCAAGCTTATA,1
AATGTAAGCCAGTCCC,1
AATGTATACGGACATC,1
AATGTATTTACTCAGT,1
AATGTCCTTAAACGTA,1
AATGTCGACCTTGATT,1
AATGTCTAAAAGTAGT,1
AATGTCTTGGAGTAAT,1
AATGTGACGTATTTTC,1
AATGTTAATGACTATA,1
AATGTTGATACAAGAA,1
AATTAAAACGTCCAAT,1
AATTAAAATTAGACAT,1
AATTAAACGAATGCAT,1
AATTAAACTATTCTTA,1
AATTAACCAGTCCCTA,1
AATTAACCTGTGCTGA,1
AATTAATAAATGATGC,1
AATTAATACATCTTTA,1
AATTACCTTGGCTCTC,1
AATTACTTAACATATT,1
AATTAGAAAATTCACA,1
AATTAGACATTTAATA,1
AATTAGCCAAGTCTAA,1
AATTATACACACTGTT,1
AATTATCACGAATGCT,1
AATTATCTACCACAAC,1
AATTATCTCCCAAAGT,1
AATTATTAACCTCTTG,1
AATTCACTTAGTAATA,1
AATTCATAATGCGGAC,1
AATTCATCAAGAATAA,1
AATTCATCAGATATAC,1
AATTCATTGTGAATAA,1
AATTCCATTTTTAATT,1
AATTCGACATCAGAAC,1
AATTCGACGGTTAGAA,1
AATTCGATATGAAGGG,1
AATTCGCAAAAATGTC,1
AATTCGCTAAATAATA,1
AATTCGTCACGACCCT,1
AATTCTAGAATGGCTC,1
AATTCTCAATGCAACC,1
AATTGAAGCCAATCAG,1
AATTGAATAAAGAGAG,1
AATTGAATAGTGATAG,1
AATTGAGAAGTCAACC,1
AATTGAGACAAGCTGG,1
AATTGCTCAATGTTGA,1
AATTGGCAGTATAATG,1
AATTGGCGCATCCGAT,1
AATTGTGCTACGAAAA,1
AATTTAAAAGATCATG,1
AATTTAAGGACTAATG,1
AATTTACTAGATCTAA,1
AATTTACTATAACAAT,1
AATTTAGATCCGGGAG,1
AATTTATAAATCCAAC,1
AATTTCAGTACTCGCA,1
AATTTCATAGGTGATC,1
AATTTCGAGATGATAT,1
AATTTGAATTGATATG,1
AATTTGCAACAAGGGG,1
ACAAAAACTAAAACCC,1
ACAAAAATGCAAAATT,1
ACAAAACCAACATACA,1
ACAAAACGTGACCTAA,1
ACAAAACGTGGCCAGA,1
ACAAAAGGCTATTCGA,1
ACAAAAGTATTACACC,1
ACAAACAAAACAAGCC,1
ACAAACACTATCTCCG,1
ACAAACATAATATCAC,1
ACAAACATGGATCCGT,1
ACAAACCAAGATCCCG,1
ACAAACCAGTGCACCA,1
ACAAACCGAGAGCGCC,1
ACAAACCTACGCGGGG,1
ACAAACCTGCGAAAGT,1
ACAAACTCTACCTTAC,1
ACAAAGAAAGAATGAT,1
ACAAAGAATGTTAGTT,1
ACAAAGGCTCCAGTGA,1
ACAAATAAAAACCAAA,1
ACAAATAATGTTGACT,1
ACAAATAGAGCTTAAC,1
ACAAATTAGAAGAAAA,1
ACAAATTGAATAGAAA,1
ACAACAAAGTAGCGAG,1
ACAACACACCGACGAC,1
ACAACAGTCCTTCCGG,1
ACAACATACATTGGGA,1
ACAACCAATGACACTA,1
ACAACCATGAACCCCG,1
ACAACGATGGCACCCC,1
ACAACTACACAATTTA,1
ACAACTACGTGCATAA,1
ACAACTAGATCCATAC,1
ACAACTCACTCAGCGT,1
ACAACTCGATCGTTGC,1
ACAAGACAAACTGAAA,1
ACAAGACCTCTACCAC,1
ACAAGACTAGATCATG,1
ACAAGAGACACACACC,1
ACAAGGGGTCCAGGTA,1
ACAAGTGAATAAAGAA,1
ACAAGTGCACCATGTT,1
ACAAGTTAAAAGTAAG,1
ACAAGTTCACCTAACT,1
ACAATAAGATCGATAC,1
ACAATAATTTTAAACA,1
ACAATAGACATTAAAC,1
ACAATCCTACGAGAAC,1
ACAATCCTATTAACCC,1
ACAATCCTTCAGAAGC,1
ACAATGAAGATCGTGT,1
ACAATGAATATAAGTA,1
ACAATGTTACATGGAT,1
ACAATTAACTGGCAAA,1
ACAATTGAATTATGTT,1
ACAATTTTGAGTCCTA,1
ACACAAACAAACGTGG,1
ACACAAAGATTGACCA,1
ACACAAATAAACCTCA,1
ACACAAGAGCACATAT,1
ACACAAGCTAGGTACA,1
ACACACAGACACTCTC,1
ACACACATAGTGCGAA,1
ACACACCAATTATACG,1
ACACACCTGGTAATCA,1
ACACACTCCACAAACG,1
ACACAGATTAGGGGTG,1
ACACAGATTATGCATT,1
ACACATACATGCTAGT,1
ACACATCCAAAAACAA,1
ACACCAACGCCAGAAA,1
ACACCACGGCAAGACC,1
ACACCACTGAAAGAAC,1
ACACCAGAAGGCAAGA,1
ACACCATTAACGTTGA,1
ACACCCTTAAAAGTGC,1
ACACCGTGGTTGTAGT,1
ACACCTAGCTGAACTT,1
ACACCTCCAAAGAGGA,1
ACACCTCCCGTCCCTC,1
ACACGAGGCTTTGATT,1
ACACGATATGGCAGTC,1
ACACGCCCTTTTCTCG,1
ACACGGAATTCATTAG,1
ACACGTAGCCCCTCCC,1
ACACTAAACAGAAATG,1
ACACTAATACTTCATA,1
ACACTACAAAGTAATG,1
ACACTACACAAAGGGC,1
ACACTATAATGTAATG,1
ACACTATATGATAAAC,1
ACACTCCAATAAAAAA,1
ACACTGATCCCTGTGT,1
ACACTGCAAAACTTGT,1
ACACTGTGAAATATTA,1
ACACTTAGTACGGACC,1
ACACTTCGTAATGGAT,1
ACAGAAAAAAACCCAG,1
ACAGAATCATCTCAGA,1
ACAGAATTCTTTATAA,1
ACAGACATATACTCAA,1
ACAGATCACAATATAT,1
ACAGCAAGTTAATGTT,1
ACAGCAGAGCAATCCT,1
ACAGCATAGCTTATAG,1
ACAGCCACTTTGATAG,1
ACAGCGCTGGTACATC,1
ACAGCTAAGTGAGGGT,1
ACAGCTGACAAAATCC,1
ACAGCTTAAAATATGA,1
ACAGGAAGTTCCCACT,1
ACAGGCGGTATTGTAG,1
ACAGGGGGATTATATG,1
ACAGTAAAGCGTTTTC,1
ACAGTATCTTAAACGG,1
ACAGTCCGGTGGGATG,1
ACAGTCTTTATTTCCA,1
ACAGTTACATAAAGAA,1
ACATAAAGGCTTCCCC,1
ACATAAATACAATTAC,1
ACATAACTAAATCAGG,1
ACATAATTACCCCTTG,1
ACATACAAAATTCAAA,1
ACATACATCAAAAAAC,1
ACATACCGGAAGGTTA,1
ACATACCTTCATCGAA,1
ACATACGAAGTAATCG,1
ACATACGACCTCACTG,1
ACATACTTTACGCGCG,1
ACATAGCTTACCGAGA,1
ACATATTACGAAGAAA,1
ACATCAATCTTAAAGC,1
ACATCATGTCATTTCG,1
ACATCCGTATGCTTAA,1
ACATCGAAAACGCTCA,1
ACATCGATCAATTAAA,1
ACATCGTATAAGTAAC,1
ACATCTCATTATCATT,1
ACATGACGATCCATTC,1
ACATGACTTAACACAT,1
ACATGGCTAACCAATC,1
ACATGGTGGAAAACAA,1
ACATGGTGTCCAACAA,1
ACATTAACTATAGATT,1
ACATTAAGAGTCAAAA,1
ACATTACCCCTCGATT,1
ACATTATAAAGGAGGA,1
ACATTATTCTGCCCTT,1
ACATTCACACCAATAT,1
ACATTCGATCATATAA,1
ACATTCGCTGGGAGCT,1
ACATTGATGACTAGCT,1
ACATTGTAAGAATGTG,1
ACATTTCGCGCATTGA,1
ACATTTCTCGGAAACT,1
ACCAAAAATTCACCAC,1
ACCAAAGAATGTTATC,1
ACCAAAGACAGCAAAT,1
ACCAAATGACTCCGAG,1
ACCAAATGGCTTACAC,1
ACCAAATTAGATGTAT,1
ACCAACACATATTTCA,1
ACCAACAGTTCTATAA,1
ACCAACCTATCTAGAT,1
ACCAAGATGTAAAAGA,1
ACCAATAGTTGCCTAA,1
ACCAATATGTGTGTTA,1
ACCAATTAGATCCATC,1
ACCACCATGAGCATAA,1
ACCACGACAAAAAAAA,1
ACCACTTATAGATGAA,1
ACCAGAAAGCAATAAT,1
ACCAGACCAGATGTCA,1
ACCAGATCCATACCTA,1
ACCAGGAGTTAGGGCC,1
ACCAGGCCCGACAAAG,1
ACCATAATGAACACCC,1
ACCATATCACTTGATG,1
ACCATCCACCTTATTG,1
ACCATCCGGATATAGC,1
ACCATCCGTATTTAAG,1
ACCATCGAGTTACTAG,1
ACCATCTCAAAGAAAG,1
ACCATCTCACGTGTGT,1
ACCATGTGGAGATATG,1
ACCATGTTTTCCTCCG,1
ACCATTCCCAAGCTAC,1
ACCATTTTCAGCGAAT,1
ACCCACAAGTCAAGCA,1
ACCCACTGATACAGGG,1
ACCCATAGCGGTCAAG,1
ACCCATCAAACCGACT,1
ACCCATCCGCGAGGAA,1
ACCCCCACTAACCATC,1
ACCCCCTCAAAAGGGA,1
ACCCCGTCCGATTATT,1
ACCCCTCTGTGGTAAC,1
ACCCGAACCAACAAAT,1
ACCCGAACGAAGACAG,1
ACCCGACATGGTAAAT,1
ACCCGAGGTACTAGTA,1
ACCCGCCTCTCTGTAT,1
ACCCTCAAGGGTTAGA,1
ACCCTCATATCTAGAG,1
ACCCTCTTACGACGAC,1
ACCCTTTTCTCTATAT,1
ACCGAAATAAATGTAT,1
ACCGAAGGCGACCCCC,1
ACCGACAAACGGGTTG,1
ACCGACCAGCTAATTT,1
ACCGACTGTTAATCAC,1
ACCGAGGAATATCCCA,1
ACCGCATATCCATCAC,1
ACCGCCACGTAAACCA,1
ACCGCCCCTCGTAGGG,1
ACCGGAAAGTCCAAGT,1
ACCGGAAGTATAGAAA,1
ACCGGAGTGCCCTTTT,1
ACCGGATCAATACGAC,1
ACCGGTCACCTTAGAG,1
ACCGGTTACACTAGAA,1
ACCGGTTATACACGAG,1
ACCGTAACTTAGACAT,1
ACCGTACGATAGCCTT,1
ACCGTCTGATTCCTAT,1
ACCGTGACAGTGCCCA,1
ACCGTGCTGTATATAG,1
ACCGTGGATCTGTGAG,1
ACCGTTTGAAGCAGGC,1
ACCGTTTGTCACTGGC,1
ACCTAAAATACGTGTA,1
ACCTAAATAAAAATCC,1
ACCTAACAAAATATTT,1
ACCTAAGAATTCACTA,1
ACCTAATTGGCCTAAT,1
ACCTACCTGCAAAATA,1
ACCTACTGGTCTGCAT,1
ACCTACTTAGTCTTCA,1
ACCTAGCATACAGTAG,1
ACCTAGCTTTTCATTT,1
ACCTAGTACACCTACC,1
ACCTATCATATCAAGG,1
ACCTATCCCACAGAGT,1
ACCTATCCCTGGCGTA,1
ACCTATCTAAAGATCA,1
ACCTATCTCAATGACA,1
ACCTATTGCAGGATTT,1
ACCTCAATCGATATAA,1
ACCTCACTCGAAAAAC,1
ACCTCATAGAATTACC,1
ACCTCCACTTTCAGAC,1
ACCTCCCATGGCAATG,1
ACCTCCTCAATGACTA,1
ACCTCCTTTCCCCCAA,1
ACCTCGCCTAGGGCAT,1
ACCTCGTACACCACCA,1
ACCTCTAACCTCGATG,1
ACCTCTGCGCGTTTAG,1
ACCTGAACCGAGGACC,1
ACCTGCAAGTACTCCG,1
ACCTGCATATTTGAAT,1
ACCTGGACACGACTAA,1
ACCTGTCTTGTCGTAC,1
ACCTTAAGTCCGTCTA,1
ACCTTCTACTAGTTAT,1
ACCTTGACTGCCGGTG,1
ACCTTTACGGGGCGCC,1
ACCTTTACTGATACAG,1
ACGAAACCAGGTACAA,1
ACGAAAGACGAGACTA,1
ACGAACATAGATAATT,1
ACGAAGCAGCGTGAAG,1
ACGAAGCATGCACCCA,1
ACGAAGGCTTCGAGAT,1
ACGAAGTCGACACAAA,1
ACGAATCAATGCATGA,1
ACGAATTCTTCAATTG,1
ACGAATTGATCGATGA,1
ACGACACGACAAAAGA,1
ACGACATATGATTTTA,1
ACGACCAAAGAAAGCA,1
ACGACCAATCTAAGTA,1
ACGACCGGGTTTCCGT,1
ACGACGGGATTACTTT,1
ACGAGAGTCACAGCCG,1
ACGAGCTATTTTATCA,1
ACGAGCTGACCTCAAA,1
ACGAGTCAAGATAACT,1
ACGAGTCTAATCGATT,1
ACGAGTGATTATTAGG,1
ACGATACTTATGCGGG,1
ACGATGCAAAATCCTC,1
ACGATTACTATGGCCC,1
ACGATTCTCGTACCAA,1
ACGCAAGACACCTGAA,1
ACGCAATAATGGACAC,1
ACGCAGAAAAAGCAAC,1
ACGCAGTTGCACCCTA,1
ACGCATCAACGAACAT,1
ACGCCATCTAAAGACG,1
ACGCCTGGGTAGGCAT,1
ACGCGCTAGACCTACT,1
ACGCGGCCGGACTCCC,1
ACGCTACAACAAAGGT,1
ACGCTTTATCTCCCTC,1
ACGGAAATTGTCCGCA,1
ACGGAATTTAATGCAC,1
ACGGAATTTGGCCTGA,1
ACGGACCGGTACATTG,1
ACGGAGAATTAGAGAA,1
ACGGAGGAGGACTTAC,1
ACGGATCCAGAAAGTA,1
ACGGATCTTCAGAACG,1
ACGGATGCCAATAAAG,1
ACGGATGTTGTAAATG,1
ACGGCATCCTGAGTCC,1
ACGGCCCTACTTCCAC,1
ACGGCTCTAGAGGATA,1
ACGGGGAAATAATAAT,1
ACGGTACCCACTCCCG,1
ACGGTGATGACTTACA,1
ACGGTTGCTATGTTGC,1
ACGTAAAATGGTATCA,1
ACGTAACGGGGGTTTA,1
ACGTACAATCATTCCC,1
ACGTACAGCATGCCAG,1
ACGTAGCCTCCAAAAG,1
ACGTAGGAGATGCATA,1
ACGTAGTCCGGCAGAT,1
ACGTATATGAAGCAGG,1
ACGTCCCTAGGTTCCG,1
ACGTCCTGCACATCTT,1
ACGTCGCATATTGTCC,1
ACGTCTACGGCGGAGG,1
ACGTGATGTCCAGCCC,1
ACGTGCATATTTCAGC,1
ACGTGGCAGTAGTCAA,1
ACGTGTCTCGAAGTAT,1
ACGTGTTACAGCCTTT,1
ACGTTACCTCCACACC,1
ACGTTCTTATGTTGTG,1
ACGTTGAACGCTAATT,1
ACGTTGCACGATGAAG,1
ACGTTTAAACCCAAAC,1
ACGTTTCCACTCAAAC,1
ACTAAAAACCTTCAGT,1
ACTAAAAGAGATCAGG,1
ACTAAATAGGTAGTGA,1
ACTAACCCTCAGATGA,1
ACTAACCGACTTGGAT,1
ACTAACCTCGATACAC,1
ACTAACGGGCCTATAC,1
ACTAACTCTACCCAAT,1
ACTAAGACGATAGAAG,1
ACTAAGTAATTATTCA,1
ACTAATACAAAAGCAA,1
ACTAATCAAATTCAAA,1
ACTAATTACAGACATA,1
ACTACAATATCTAGTA,1
ACTACCAAATTACTTA,1
ACTACCATACTAACGT,1
ACTACTTACGTTCCAG,1
ACTAGATTCCGTGTAG,1
ACTAGGGACACTATCG,1
ACTAGGTACGTGGACC,1
ACTAGGTGATAACTCA,1
ACTAGGTTCTAAGAAC,1
ACTAGTGCTCGGTGAA,1
ACTAGTTTAGGAATTT,1
ACTATATGTATGAAGC,1
ACTATCCAACACCTCG,1
ACTATCCAATGATCAG,1
ACTATCTCATACAAAC,1
ACTATCTTACCCAGAA,1
ACTATTCGTAACAAGC,1
ACTATTGTGAGGCGAT,1
ACTATTTAGAGATAAC,1
ACTCAAAAATTTAAGA,1
ACTCAAATTTAAAATT,1
ACTCAAGTAATTTAAA,1
ACTCAATTCTAATAGA,1
ACTCACATCTTGGAGT,1
ACTCACGTAAAGACGC,1
ACTCACTCAGACTCCG,1
ACTCAGTACCCCTCAC,1
ACTCAGTACTAAAAAG,1
ACTCATAAAGTTGGAA,1
ACTCCAAAATATCTAC,1
ACTCCACACAAAGCTA,1
ACTCCCGGACGCCACA,1
ACTCCGCCATCCTATA,1
ACTCCTGACATGCAAA,1
ACTCGGTACTGTTTTG,1
ACTCGTAAAATAGCAA,1
ACTCTAACTTAATTAA,1
ACTCTAAGCCCCAATA,1
ACTCTCCGAGATACGA,1
ACTCTCGCGAGTTAAG,1
ACTCTGAAAGGATGGT,1
ACTCTGACCCTCACTG,1
ACTCTTGCCTCGGGAG,1
ACTGAAATACGAAAGT,1
ACTGAAGCACGGACAA,1
ACTGAGTAAAGATCAC,1
ACTGAGTGAACAGTAA,1
ACTGAGTTTATTTTAT,1
ACTGGACCATAGCAAA,1
ACTGGTAAAGTGGAAG,1
ACTGTTATTTACCACA,1
ACTGTTCATATCGCCG,1
ACTGTTGGAACGGTTT,1
ACTTAGAATAGGATCT,1
ACTTAGACATATATGA,1
ACTTATCACATACAGA,1
ACTTATCGGTGCCAGC,1
ACTTATGATAAACCTG,1
ACTTATGCTTCTACAG,1
ACTTATTTCTAAACGA,1
ACTTCAATAAAACTTT,1
ACTTCCCCACTATAAT,1
ACTTCCTAACTAGTCT,1
ACTTCGATCGATCTGA,1
ACTTCTCCTAGGCTGC,1
ACTTCTCGTTTAGACG,1
ACTTGGAAATTTCGAG,1
ACTTGGAATTAATGGA,1
ACTTGTCAGATAGAAC,1
ACTTTAAGTCGGTACA,1
ACTTTACGTGAATAAT,1
ACTTTATATGATGGGC,1
ACTTTCTCACCAATTT,1
ACTTTGAATTGGCAAC,1
ACTTTGACACGGCCAA,1
AGAAAAAATGGCTATG,1
AGAAAACAAATCAATA,1
AGAAAACATAATTCAA,1
AGAAAACGATAAGAAA,1
AGAAAAGACACCAAAA,1
AGAAAATTAACGCCCA,1
AGAAAATTATGAAAAC,1
AGAAACATCTCCTGAA,1
AGAAACTAAAAATCAT,1
AGAAAGACCCAGATAT,1
AGAAATACTATCACTG,1
AGAAATAGAGGCCACT,1
AGAAATAGGGAAATCT,1
AGAAATCAAGTCGACT,1
AGAAATTTAGTCAAGT,1
AGAACAAACACAACAG,1
AGAACAATCATATAAG,1
AGAACACAAAAGTAGT,1
AGAACAGGACGCACAA,1
AGAACATATAAATCCA,1
AGAACCAAAACGCCAT,1
AGAACCACTAATCGCA,1
AGAACCGAATTGCTTT,1
AGAACCGATAGTATTA,1
AGAACCTATAAAATAC,1
AGAACCTTGGACAAAG,1
AGAACGAACCATCGAG,1
AGAACGAGATTGGTGG,1
AGAACGCGATATGCTT,1
AGAACGGAGAATAAAA,1
AGAACGTCATTATCAG,1
AGAACTACCCCTTTGG,1
AGAACTAGAAAGGACT,1
AGAACTCACCTATCAA,1
AGAACTGTGATAGGAT,1
AGAAGACCGGCCGGAC,1
AGAAGAGTTCCAGAAT,1
AGAAGCGCCATCATCT,1
AGAAGGTGAAAAGCTT,1
AGAATAATAGAAAGAC,1
AGAATAGCGAACAAAA,1
AGAATATAACTGCTAC,1
AGAATCAAAACTATAA,1
AGAATCCCCTAGGTTG,1
AGAATCTTGAGCTTAT,1
AGAATGCTTGGAGGGT,1
AGAATGGTAACTGCTA,1
AGAATGTCAGACAGAT,1
AGAATTATTCCCATGA,1
AGACAACTTAATCTGT,1
AGACAAGACGAATTAA,1
AGACAATTCCTCATCT,1
AGACACATAGGGAAAA,1
AGACACTCAGAAAATT,1
AGACACTCGATAGACC,1
AGACAGAAATAGAAGC,1
AGACAGATAGACTCGA,1
AGACAGATCAAAGCAC,1
AGACAGATCAATATTC,1
AGACATTCAGACAGTC,1
AGACATTTGAATGCGA,1
AGACCACACAATCATG,1
AGACCATAACCAAGCT,1
AGACCATACAAGGCGA,1
AGACCCGACTAGTCTC,1
AGACCCGAGATAACAA,1
AGACCTACTAAACGGG,1
AGACCTTATTAGCTTT,1
AGACCTTTGTGCAGTT,1
AGACGAAAACACGGTT,1
AGACGACCTACTGCGC,1
AGACGACGGAGCACCA,1
AGACGCAGAAGACGCC,1
AGACGCCAAAGATCCA,1
AGACGGAATGAACATA,1
AGACGTATACACAAGC,1
AGACGTCATAACTTCA,1
AGACTAATAGCACAGA,1
AGACTACGAATCATCT,1
AGACTCACAGATAGTA,1
AGACTTCCAGCTAATG,1
AGAGAAAAAATAGCCG,1
AGAGAAAGTAACTAGA,1
AGAGAATTACGGATAT,1
AGAGACACGAAATATG,1
AGAGAGATAGTCGGCT,1
AGAGAGGCGGTTAAGT,1
AGAGAGTTAAGGCCGA,1
AGAGATCCGCCTAATT,1
AGAGATCTAGCCACTC,1
AGAGATGAACATCCGA,1
AGAGATGCAAAAATCA,1
AGAGATTATAAAAGTT,1
AGAGCACTGTAAAGTG,1
AGAGCAGCTTTCGAAA,1
AGAGCATACAGGAAGT,1
AGAGCTAAGCTCAGAA,1
AGAGCTAGGCCCTCTT,1
AGAGGATAAATGCGCA,1
AGAGGGGCTTAACGGT,1
AGAGGTGACAACTGCA,1
AGAGTAAAGCGATTAG,1
AGAGTAATCGTGTGGT,1
AGAGTGTACTTAAGTT,1
AGAGTTAATCTCCGTC,1
AGAGTTACCTTCTACG,1
AGATAACAACATGAGG,1
AGATAACAATATGCAA,1
AGATAATACCTAAAAT,1
AGATAATAGTAATTAT,1
AGATAATTCACACAGA,1
AGATACATACTATCCG,1
AGATACGAGATGTAAA,1
AGATACTACCAGGTGC,1
AGATAGAAGTGCAGAC,1
AGATAGATGGTATGAT,1
AGATAGTCAAGTTACT,1
AGATATAGAGTCCTTC,1
AGATATCGTTGAACAG,1
AGATATTCACAGAGGC,1
AGATATTCTGAAGAAA,1
AGATCAGAACGCGCAA,1
AGATCAGCTTAATTAC,1
AGATCATATAGGTATT,1
AGATCCATCGGCGCAT,1
AGATCCGGACAGATTG,1
AGATGAGCGCATGTCT,1
AGATGCACTAAATGCT,1
AGATTAAATTGTCGTA,1
AGATTAACGAACGGTG,1
AGATTAAGTGATTATC,1
AGATTAGCCGATTACG,1
AGATTATAAGCTAAGA,1
AGATTCGGGTACCTCA,1
AGATTGAATGTTTCTT,1
AGATTGATATGCAAAG,1
AGATTTCACGGTGCTT,1
AGATTTCCTAAGAAAA,1
AGCAACAACTAAGGTA,1
AGCAACCTAACATCGA,1
AGCAACGCCGTCTCGT,1
AGCAACTATAACTTTA,1
AGCAAGTAAAATCACA,1
AGCAATACTCCGTATT,1
AGCAATATCACGAAGT,1
AGCAATTAGTCTGTAA,1
AGCAATTAGTGTTACT,1
AGCAATTATGTTGCTA,1
AGCAATTGTACTTGCA,1
AGCACAAGTAATGTCA,1
AGCACACCTGTTACAC,1
AGCACACGCCAAAATT,1
AGCACCAACAATGCAA,1
AGCACCACTATCCAAG,1
AGCACCTAACCATGAA,1
AGCACGAGACCTCGGT,1
AGCACGCAAACAGAAG,1
AGCACTAACGATGCTA,1
AGCAGCAAAATTTAAG,1
AGCAGGGGCACCAAAA,1
AGCATAAAAACCAACA,1
AGCATCAATTTAATCA,1
AGCATTATGTAACCCA,1
AGCATTATTAACTAAG,1
AGCATTCTGCAATCCG,1
AGCCAAACCCACAATC,1
AGCCAGATATCCAAAT,1
AGCCATCAAATGAATA,1
AGCCATTATTCGATCA,1
AGCCCATCGTACCGAC,1
AGCCCCAACTAAAAAT,1
AGCCCCAATGGGCCCG,1
AGCCCCTATATCGTGA,1
AGCCCGCGTCTAAATC,1
AGCCGAATACTAGCGC,1
AGCCGAATTAGATTTC,1
AGCCGAGGTCGTAATT,1
AGCCGATACTAGAACA,1
AGCCGCTGGAGATGAA,1
AGCCGGGACCAAAGGG,1
AGCCTACAAATTAACA,1
AGCCTAGACACATTCC,1
AGCCTCCATCGCTAAG,1
AGCCTTTCACATGCAA,1
AGCGAAAATGAATATT,1
AGCGAACCGGAAAGGT,1
AGCGAAGAACTTTTGT,1
AGCGACAATTTAAAGC,1
AGCGACCATGTACATT,1
AGCGACCTACAGAAAC,1
AGCGAGCCTAACTTAT,1
AGCGATCAAAAGTGTG,1
AGCGATCAAGATAAGA,1
AGCGATGTAAAAAACC,1
AGCGCAAATCAAACTG,1
AGCGCACGAGGAATTT,1
AGCGCAGTCCTGCACT,1
AGCGCATATTAAAAAT,1
AGCGCATTACGATTGC,1
AGCGCCAAAACACCTG,1
AGCGCGCCCCATAGTT,1
AGCGCGTACTTATCTT,1
AGCGCTTTCCACGCTA,1
AGCGGAGAATGCCAAA,1
AGCGGATTAAAAGAGA,1
AGCGGCTGAATGCGTA,1
AGCGGGCAAATGTCTT,1
AGCGGGCCGAAACCTA,1
AGCGGGGGGCAATGGG,1
AGCGGTCACCAATACA,1
AGCGTAATATAGAAAG,1
AGCGTACACACCACTG,1
AGCGTACACGCGGCGG,1
AGCTAAGACCATCGCT,1
AGCTACACAATATGCT,1
AGCTACCTTGTGACCA,1
AGCTACCTTTTTGTCC,1
AGCTACTTCTAAAGGA,1
AGCTAGTACCCTGCAC,1
AGCTATAATTATTATA,1
AGCTATCGTTGGTGTC,1
AGCTCAGAGCAACCGA,1
AGCTCCAGGCTAGCAA,1
AGCTCCGAGTCTGATA,1
AGCTCTAGAAGACAGA,1
AGCTCTCCGACTAACA,1
AGCTCTCTATTCCCAC,1
AGCTCTTCAGCTATTA,1
AGCTGACAACAACCCG,1
AGCTGCGACAACTTTA,1
AGCTGGTCAACTTGAA,1
AGCTGTCTCTCCATAA,1
AGCTGTGAATGTATAG,1
AGCTGTGCACTAAACT,1
AGCTTAAGTAATGTGT,1
AGCTTAATGAAAAACT,1
AGCTTATAAGCGATCT,1
AGCTTATCGATGAGAT,1
AGCTTCATAACATTAT,1
AGCTTCCAAATCAAGA,1
AGCTTGAATACATCAG,1
AGCTTGCTTTTGAACC,1
AGCTTTACACCCATCC,1
AGCTTTATAGACCCTT,1
AGCTTTCGGACAATGA,1
AGCTTTCTCATAGTTG,1
AGGAAAAATAAAGCCC,1
AGGAAAATGCGAACTG,1
AGGAACAGGCAACTTA,1
AGGAACCGAGACGAAT,1
AGGAACGATAACTCGT,1
AGGAAGGGTAGCAGCT,1
AGGAAGTCAGCCTGCA,1
AGGAATATCGCGTTCA,1
AGGAATCGAAAGATAA,1
AGGAATTGAACATATC,1
AGGACAATAACGTCGT,1
AGGACACATGATCCGA,1
AGGACAGTTAAGGTGA,1
AGGACCAAGAAGTAAC,1
AGGACCAATGGTTATG,1
AGGAGCCTAACCGAAC,1
AGGAGCTTGAACCTAG,1
AGGATACTTGATTTCA,1
AGGATATTCTGACGCT,1
AGGATCATATATTACC,1
AGGATGCGTTAAAATC,1
AGGATTTAGGCCAGTG,1
AGGCAACTGATAATGG,1
AGGCAAGTCCAAACTG,1
AGGCACAGGTCCAACG,1
AGGCAGTCGCTAACAC,1
AGGCATAACATCTGGT,1
AGGCATAATACGGAAA,1
AGGCCCTAATTTCCAT,1
AGGCCGCTACTTCAGA,1
AGGCGCCTTGAACGCT,1
AGGCGTACTGTATATG,1
AGGCTAAGAAGACCGA,1
AGGCTATAATAACTCC,1
AGGGAACATTTACAAG,1
AGGGAATATCTGAGAT,1
AGGGCAATTTATAGGC,1
AGGGCCAACTCGAGTA,1
AGGGCCGCTGACCTTT,1
AGGGCTGACTTGATAA,1
AGGGGGATATTACAAC,1
AGGGGTAATGTATGTT,1
AGGGTATAGAACGACC,1
AGGGTATGACGATTTC,1
AGGGTTTCGTGGCTGA,1
AGGTAAGTACCATTGG,1
AGGTACACTCAAAACG,1
AGGTACGACTCACTTC,1
AGGTACGGGAAAGTGA,1
AGGTAGACTCCGAGTT,1
AGGTCAAGTAGTGTTC,1
AGGTCACAAATCTGAA,1
AGGTCCTGGACCACAT,1
AGGTCGACATGACTTA,1
AGGTCTCGGAGTACCG,1
AGGTGCCTTACCATTA,1
AGGTGCGTTGTTATAA,1
AGGTGTACAGTTTATT,1
AGGTTAAAATAAAGTG,1
AGTAAAACACGAAGCA,1
AGTAAAACTCGGGTCG,1
AGTAAACACCCACTGT,1
AGTAAAGACCCTCTAC,1
AGTAACAAACTAACCC,1
AGTAACAAATATTCAA,1
AGTAACGAGCAACAAG,1
AGTAACGAGTAAGATT,1
AGTAACTCCCCTCTGC,1
AGTAAGCTCACTAGGT,1
AGTAAGGACAAATAAA,1
AGTAATAAGAAGCAAT,1
AGTAATAATACACGAA,1
AGTAATTACTTCCCAG,1
AGTACAAGCAAATAAG,1
AGTACACGTATTATGT,1
AGTACACTATTCAACA,1
AGTACAGGCGGACAAT,1
AGTACCAATGTCGAAG,1
AGTACCTACTTCTCCA,1
AGTACCTGAGCACATT,1
AGTACTGAGTCGAAAT,1
AGTAGACAAATATATT,1
AGTAGAGACATAGCTC,1
AGTAGATACTTCGGAG,1
AGTAGATATACCAATT,1
AGTAGCCAAACCCCTT,1
AGTAGCGTAAACATTG,1
AGTATAACAACATGTC,1
AGTATACTTTGTAGTA,1
AGTATAGACTTTATAA,1
AGTATCCCTACAAAGA,1
AGTATCTACTGAAAAA,1
AGTATGGTGCTACAGA,1
AGTATGTTATTGAATA,1
AGTATTAGACGTTAAT,1
AGTCAAAAACACCCCA,1
AGTCAACTCGAGTCAA,1
AGTCAATTTTTGATAC,1
AGTCACGCACTAAAGC,1
AGTCAGGCATAGCTAG,1
AGTCATAAAATCCGGC,1
AGTCATACAGCATTAC,1
AGTCATGATAAACATA,1
AGTCATGTAACATACA,1
AGTCATTGCTATAAAC,1
AGTCCAATTTACCCCA,1
AGTCCCTGTAAGAAAT,1
AGTCCCTTTAATAAAG,1
AGTCCTAGAGTTCCGA,1
AGTCGACGGTACAACG,1
AGTCGACGTCATAAAA,1
AGTCGAGCTAGAACAC,1
AGTCGCCATGACCGTG,1
AGTCGGCAGCAATAAT,1
AGTCGTATATCATCCT,1
AGTCTCATTTAAAATA,1
AGTCTCTCTGAACCTA,1
AGTCTGGCTACTTGAA,1
AGTCTGTTCCTAAGGC,1
AGTCTTACGACAAACA,1
AGTGAAACAAAATAGA,1
AGTGAAACATAAAGGG,1
AGTGAACGCTATAAGT,1
AGTGACCTTAACGAGT,1
AGTGACCTTACTTTAC,1
AGTGATAGGGTAACCA,1
AGTGCCAAAGCGAGAG,1
AGTGCCAATGAAGACT,1
AGTGCTGGGCTATAGT,1
AGTGCTTTCTCCATAA,1
AGTGGATGGAATAATT,1
AGTGGTAGTCACCGAC,1
AGTGTCCTACAATCAA,1
AGTGTCTAACGCTCTT,1
AGTGTTACATGACAAA,1
AGTGTTGTGCTTTTCA,1
AGTTAAACACCTTATT,1
AGTTAAATCACAATTA,1
AGTTAACCAACTGGGG,1
AGTTACCTTCCTTATG,1
AGTTACCTTGCCTCTT,1
AGTTACGATGACGCTA,1
AGTTAGAGCAACTAGA,1
AGTTATCTGACATCAA,1
AGTTCAAAAGCAACAA,1
AGTTCAAGAAACCTAT,1
AGTTCACATTGATCTC,1
AGTTCATTAAGCAAAG,1
AGTTCTATACAAAGTT,1
AGTTGAAAATACTAGT,1
AGTTGAGTACGACAAG,1
AGTTGATTCCGAAACT,1
AGTTGCAACGCAGACA,1
AGTTGGAAGCAGTGTA,1
AGTTGGGCCGGTCCTG,1
AGTTGTTGTCCTCTCG,1
AGTTTAACCTATATAT,1
AGTTTAAGATTACCAA,1
AGTTTAGGCAATTTGA,1
AGTTTATCCATACAGA,1
AGTTTATTTAAACTAA,1
AGTTTGAACACATTTA,1
AGTTTGACAGCAATGG,1
AGTTTGAGCAATTTAG,1
AGTTTTATTATAGAAC,1
ATAAAAAAAATAATGG,1
ATAAAAAGATTCCGAA,1
ATAAAAAGTGTCATGC,1
ATAAAAATCATTGTTT,1
ATAAAAATGAGAATCA,1
ATAAAACTTGGATCAG,1
ATAAAATTGCAGTTCA,1
ATAAACAATACTAGGG,1
ATAAACTGGAATAAAC,1
ATAAAGAAAATAGGGG,1
ATAAAGAGAAAGAGAA,1
ATAAAGCACAAAAGGA,1
ATAAAGGTACCCAAGC,1
ATAAAGTCGTAGCTTA,1
ATAAATACACACATTA,1
ATAAATACATAAATGT,1
ATAAATACCCTTATTA,1
ATAAATCGGGACATGA,1
ATAAATGAGCTCGAGA,1
ATAACAAACCAGCCGT,1
ATAACAAGCTAGGTAT,1
ATAACACGAACCAAAT,1
ATAACAGAACAAAACA,1
ATAACATGTGAAATAA,1
ATAACCAAAAAATACA,1
ATAACCTAAACGAAAC,1
ATAACCTAGTAACAAC,1
ATAACGATCGCGAAGC,1
ATAACGCGCCCACATA,1
ATAACGGTGAAGTCAC,1
ATAACTTACACAGCTT,1
ATAAGACATTCACGTA,1
ATAAGATCCCTTGAAC,1
ATAAGCGAGACATAGC,1
ATAAGGCACAATCAAG,1
ATAAGTACTATCGTGC,1
ATAATAACAATACCAG,1
ATAATAATAGCTGTCG,1
ATAATAATCCCAAGAC,1
ATAATAATGCTGAATA,1
ATAATATATAGGATCG,1
ATAATCAGATAGTCAA,1
ATAATCAGATTAAAAC,1
ATAATCGAAATTACAG,1
ATAATCTAACCCCTGC,1
ATAATGACTTGCCCAG,1
ATAATGATCAACACGT,1
ATAATGCAACGTAATC,1
ATAATGCATTACCAAC,1
ATAATGTTACAAAAGT,1
ATAATTAGAAATGATA,1
ATAATTCGAGGAACGC,1
ATAATTGAACGGGTTT,1
ATAATTTCCACCAACG,1
ATAATTTTGTAGAAGA,1
ATACAAATTAAGAGCG,1
ATACAATTCCTAAGAC,1
ATACAATTTGATAATC,1
ATACACCCAATATATT,1
ATACACCCTACCTACA,1
ATACAGATAACAACGT,1
ATACATAGTAAAAACA,1
ATACATGTAAGTGATA,1
ATACCAAATAACCCCA,1
ATACCAAGCCTTATTC,1
ATACCAGAGAAGATCC,1
ATACCATAATCGAACT,1
ATACCATATTCATGAA,1
ATACCATTAAAGTAAC,1
ATACCCCGGTCTACAG,1
ATACCTAAAGTAAGAT,1
ATACCTAATAATGCGA,1
ATACGAACAGTTAATA,1
ATACGAAGTGTACCCG,1
ATACGAATTTCTACTC,1
ATACGCATCACTCTTT,1
ATACGTAATATAAGGT,1
ATACGTCAACCTTTCG,1
ATACGTCATGAATAGA,1
ATACGTTCGGATACCG,1
ATACTACCACTGTAAA,1
ATACTACCGCACGCCC,1
ATACTACCTGACTATT,1
ATACTATAGCTCAAGT,1
ATACTCATATCTAATG,1
ATACTCTTTTATTACG,1
ATACTGCCCTACGCCA,1
ATACTTATATTACACA,1
ATACTTATTGCCAAGC,1
ATACTTCCATTTTACT,1
ATAGAAAAGCTCGCAT,1
ATAGAACATTCAATCG,1
ATAGAACCGCATTAAA,1
ATAGAAGCCTCGGATG,1
ATAGAAGGAATCCCTC,1
ATAGAAGGTTTGACCA,1
ATAGAAGTATTGCCCA,1
ATAGAATACAGAATCA,1
ATAGACAAACGATACA,1
ATAGACATCTGAGAGA,1
ATAGACATGAAGGCTC,1
ATAGACTAAATTATCC,1
ATAGATCTTGTGAGTT,1
ATAGATTGAAAAGCTT,1
ATAGCAACCTATTAAA,1
ATAGCAACTAATGTAA,1
ATAGCAAGATGCTAGA,1
ATAGCCAAAACATACA,1
ATAGCCCGCGATGTAA,1
ATAGCGAAAACGTAAT,1
ATAGCGCATACACATG,1
ATAGCGCTTATCCCCG,1
ATAGGAACCCTAGGAA,1
ATAGGAATTAAGGGAG,1
ATAGGAGCTTGTCCAT,1
ATAGGAGTTGATAACA,1
ATAGGCACTAAATAGC,1
ATAGGCCTGGAAGGAG,1
ATAGGCTAACGACGCA,1
ATAGGGCAGATGCACA,1
ATAGTAAATATCATGA,1
ATAGTACCAACTCGGG,1
ATAGTAGGCATCATAC,1
ATAGTGAGCGTAGACC,1
ATAGTGATAAGAGTAG,1
ATAGTGCTTAAAATGA,1
ATAGTGTAAATCAATC,1
ATAGTTATACGCTTAA,1
ATAGTTCCGAATATTA,1
ATATAAAACAGCTTGT,1
ATATAAAAGCAGCCTT,1
ATATAAAATCAGAACA,1
ATATAAATAAAAAAAG,1
ATATAACGCGGGACGA,1
ATATAATAAAAAGTAC,1
ATATAATATAAAGCAA,1
ATATAATCACCAGGCA,1
ATATAATTCTCGAGAT,1
ATATACACTATGCCCA,1
ATATACAGATAGCCCC,1
ATATACAGGCCATTGG,1
ATATACCCACCTATTC,1
ATATAGAGCCAATGGG,1
ATATAGCAATCAGGAG,1
ATATAGCTCCTCAAAA,1
ATATATAGTCGAACTA,1
ATATATATGTGGGCTG,1
ATATATGAGCACAAAG,1
ATATCAAACGAAATTC,1
ATATCAAGACGCATTG,1
ATATCAAGCGACCAAA,1
ATATCACGTACAATTA,1
ATATCAGATAAACACA,1
ATATCATCATGTCAGT,1
ATATCCAATCAAGCTA,1
ATATCCCAATAGAGGA,1
ATATCCCATATGAGTA,1
ATATCCTACTAAAACG,1
ATATCGAAACTACCGT,1
ATATCTCCGCACAAAG,1
ATATCTTGTTCAACGA,1
ATATGAACGACGGGAT,1
ATATGACAACTAATAA,1
ATATGAGCTTGCTGTC,1
ATATGGACATTATCAA,1
ATATGGCCTCTACGCA,1
ATATGGCTTATCGAAC,1
ATATGGTTGGACGAAT,1
ATATGTCACAATTGCC,1
ATATTAAAACATTACA,1
ATATTAACCAAATCCA,1
ATATTATCCAGCTAGG,1
ATATTCTATCTGTGGA,1
ATATTGTACAGCAGTC,1
ATATTTAGGAAATCAC,1
ATATTTGCCCATTCGA,1
ATCAAAATGTAGTTGC,1
ATCAAACAGACCAATT,1
ATCAAAGAACCGATAT,1
ATCAAATGTAATGTCG,1
ATCAAATTATCACGAG,1
ATCAACGTAACCGCAC,1
ATCAAGCTGCGCAACC,1
ATCAAGTCCCTAAAAC,1
ATCAATAAAAAACTGA,1
ATCAATAAGGTTATGC,1
ATCAATCCAGCAAGAA,1
ATCAATCCTCTCTCTA,1
ATCAATCTTTACCTGG,1
ATCAATGTAGAATATC,1
ATCACATATGCCTACT,1
ATCACGAGACTAGGTA,1
ATCACGAGATCAACCC,1
ATCACTATACAAGCGC,1
ATCACTATTGCTTTGT,1
ATCACTCAACGGTGGT,1
ATCAGAAAAGCGCACC,1
ATCAGACTTACCATTT,1
ATCAGAGCATGTTAAT,1
ATCAGATGAATGGCCA,1
ATCAGCAGATCGGCCA,1
ATCAGCTACGTGAATA,1
ATCAGTAACCAAACAG,1
ATCAGTAATCCCAGAC,1
ATCATAATAACTCATT,1
ATCATACCAACAGAGA,1
ATCATACTCGGGTGCG,1
ATCATATTCAGAGGGA,1
ATCATGGATTCACTAT,1
ATCATGTTGCGGGGGC,1
ATCATTAGTAGTTGGT,1
ATCATTATTACTCGAC,1
ATCCAAAAAGGTAAAT,1
ATCCAAAACTCCAATC,1
ATCCAAACATGCCTCC,1
ATCCAAAGTTTACAAA,1
ATCCACTATTAGCTCT,1
ATCCACTGGCTTATCA,1
ATCCAGACCAAAGTCC,1
ATCCATAAGGAAACTA,1
ATCCATAAGTCACGAT,1
ATCCATCAATCTAAGA,1
ATCCCAAACGAGCTCC,1
ATCCCAAGATACCCGA,1
ATCCCATAAGATAGAA,1
ATCCCCCTAATTTGTT,1
ATCCCTAGACGAGGTA,1
ATCCGAACTAAACGGA,1
ATCCGAGGGGACGTGT,1
ATCCGAGGTAACAAAG,1
ATCCGCCCCATAAGAT,1
ATCCGCTATAACAAAA,1
ATCCGTGTTATCCAGA,1
ATCCTACAGATCCAGT,1
ATCCTATGATTATTAA,1
ATCCTCATTATGGATC,1
ATCCTGTAAGAAGTTA,1
ATCCTTAAGCGCCTAA,1
ATCCTTACAAAGAGGA,1
ATCGAAAAGCATTCCC,1
ATCGACAAAACAGGCC,1
ATCGACTATGGATATA,1
ATCGACTTAATGCGGA,1
ATCGAGCACCGTTCTC,1
ATCGATAAATTAAAGT,1
ATCGATGAAATAGACA,1
ATCGATTGCGTTAATA,1
ATCGCGGGTCAGAAAA,1
ATCGCTCACTCAATAT,1
ATCGGAACCTTAGACA,1
ATCGGAAGTTGACGCA,1
ATCGGACACACCTCAC,1
ATCGGAGAATCGACCA,1
ATCGGCTAGGCAGTTT,1
ATCGGGTGCAACGAAA,1
ATCGGTGCAATGGTTA,1
ATCGTAATTATCAATC,1
ATCGTACCCAAAGCTC,1
ATCGTACCTATACGAA,1
ATCGTAGGAATTAATA,1
ATCGTCGGGTTACCTA,1
ATCGTCTGGCATAAGG,1
ATCGTGAAATATTGAC,1
ATCGTGTCGATAACCA,1
ATCTAAACAATCTGAG,1
ATCTAACAAGGAAAAA,1
ATCTAACCTAAAAAGT,1
ATCTAACCTAAAATGA,1
ATCTAACTGGATCAAT,1
ATCTAATAATACCGTC,1
ATCTACCTCTAAATGC,1
ATCTACGACGAATCTA,1
ATCTAGAACCGACGAT,1
ATCTATCCTATGCGCC,1
ATCTCAAACACCAAGG,1
ATCTCATTAATAATTA,1
ATCTCCAGAAAAAGTT,1
ATCTCCTTGCATCATA,1
ATCTGACACCTGAAGA,1
ATCTGGGCGCGACCCA,1
ATCTGGTATTCAGCCC,1
ATCTGGTCAAGTACCT,1
ATCTGTATTCAATCTG,1
ATCTTAAACTTCACAT,1
ATCTTAAGAAAAACAG,1
ATCTTACTTCCAGGTT,1
ATCTTATATTCAAAAC,1
ATCTTCACGCACAGGA,1
ATCTTCTAAGTTGACC,1
ATCTTTCTAAACTAGA,1
ATCTTTTATTACTATA,1
ATGAAAAATACTGCTA,1
ATGAACATTAGAAACC,1
ATGAAGACAGGGCCGC,1
ATGAAGAGATGACTGG,1
ATGAATAATCTTAAAA,1
ATGAATTAGGGTAAAA,1
ATGAATTTATAATCAT,1
ATGACAAGGATTACTG,1
ATGACAGGCTTAAGTC,1
ATGACATCACTCAGAG,1
ATGACATCCTTGGCTT,1
ATGACATTATAGTGAG,1
ATGACGATGACCGTGC,1
ATGACTCATGCAACGA,1
ATGAGAAAATATACCA,1
ATGAGTCAATAAAAGA,1
ATGAGTGACCTCTAAC,1
ATGAGTGAGCTGTGAA,1
ATGATAACATCGCAAA,1
ATGATACAGCTAACCC,1
ATGATACGTCAAATTC,1
ATGATCCGTGTTGAAA,1
ATGATCGATATGGACA,1
ATGATTCACCCGGCTA,1
ATGATTCTTATTAGCA,1
ATGATTGAATAAAGTT,1
ATGCAAGCGGGCTCAA,1
ATGCAATAACCTGGAA,1
ATGCAATTAAATCGGA,1
ATGCACAGCTGCAAAC,1
ATGCAGACTATCATTG,1
ATGCAGATGGTCGTAA,1
ATGCAGCAGACGCCAA,1
ATGCAGCATGATCCTA,1
ATGCCAGATCTCGAAA,1
ATGCCAGTGACTCTAG,1
ATGCGGATATGAAGAT,1
ATGCGTCGCCTCGCAT,1
ATGCGTGCACCAACCG,1
ATGCTAATGAATGGTG,1
ATGCTAATGTTTTCTG,1
ATGCTAGGACGTGACT,1
ATGCTCCAATGAAGAT,1
ATGCTCCCAACTAACC,1
ATGCTCTCATCTTAAT,1
ATGCTGATATTTAAAA,1
ATGCTTACTTATAAAT,1
ATGGAGAACTTTCGGA,1
ATGGAGAATAAACTCC,1
ATGGATGCATAGACTT,1
ATGGCATCACACCTAC,1
ATGGCATCTTTTGAAG,1
ATGGCCTATATGAACG,1
ATGGGCCTCATATCAC,1
ATGGGGAACTTCGAGA,1
ATGGGGTCGACAGAGG,1
ATGGTACATTCTATGG,1
ATGGTGAGACCTGTAA,1
ATGGTGCACTCTTTCC,1
ATGGTGGCCTCCTCTT,1
ATGGTTGGTCAAAGGC,1
ATGTAAAGTGAAGTGG,1
ATGTAATCTATCCACT,1
ATGTAATGAAAAGCAA,1
ATGTAATTCGACTTAT,1
ATGTACCGTGTAAGCC,1
ATGTAGCCGTTAGACC,1
ATGTATGAATGACACA,1
ATGTATTGTAACTTGC,1
ATGTCCCACCGGAAGA,1
ATGTCCCCACACGTAG,1
ATGTCGTAAGCAAAAT,1
ATGTCGTACATCTTGG,1
ATGTCTCTTTAGTCAA,1
ATGTGACAGCCAATGA,1
ATGTGAGTAAGACAAC,1
ATGTGCCATTCCGACG,1
ATGTGGCTTAAATATC,1
ATGTGGGCACTAATAT,1
ATGTGGTAAGAGTGCA,1
ATGTTAAGTGACCGTA,1
ATGTTACGACTTTCGA,1
ATGTTCAGAACATATT,1
ATGTTTCTACCAATGT,1
ATGTTTTCCAGCTGAC,1
ATTAAAACACTTAACC,1
ATTAAACCCCCCACGC,1
ATTAAACGGTTTGGGT,1
ATTAAAGAAAGTCCGC,1
ATTAAATATCATTCTG,1
ATTAAATATTAGAGTA,1
ATTAAATGTGCGTTAA,1
ATTAAATTTGGCAATT,1
ATTAACATAACTATCC,1
ATTAACCACTCTACAT,1
ATTAACTAAACTAAGG,1
ATTAACTATCCAAAGA,1
ATTAATAGTCTGTAAT,1
ATTAATCAAGCTGACA,1
ATTAATCCTATTCTAG,1
ATTAATGGCCCTTCAA,1
ATTAATGTCAAAAAGT,1
ATTAATTGTAACAAGA,1
ATTACACCGGAAGGAG,1
ATTACCAAGCAACATC,1
ATTACCCTCAGATGTT,1
ATTACCGATTTCTGAC,1
ATTACGTACCGGTATC,1
ATTACGTTTACGCGAG,1
ATTACTACGAAGACGT,1
ATTACTCAGCCTGTAA,1
ATTACTGAGAGGCTAA,1
ATTACTGTTCCCCTTA,1
ATTAGACCAGTGAAGT,1
ATTAGCCCAAGACGCA,1
ATTAGTATCTATCCTA,1
ATTAGTCAAGCGGTCA,1
ATTAGTCTCATATAAG,1
ATTATAATAACAAATG,1
ATTATAGAGGCACCGT,1
ATTATAGTAAATATAT,1
ATTATATATCATGGAA,1
ATTATCCATCCAAAAC,1
ATTATCCCAATAGCAA,1
ATTATCGCACTAAGTT,1
ATTATCTAACCATTAA,1
ATTATCTGTAGAGCCA,1
ATTATGCATACAATAA,1
ATTATGCTCTGCGATG,1
ATTATGGTGCAAGTGC,1
ATTATTAAATTACACG,1
ATTATTATACGACAAT,1
ATTATTCACCGACACC,1
ATTATTGCAGCGACAC,1
ATTATTTAATTACAGT,1
ATTATTTCCACACGGC,1
ATTCAACACTGCAAAA,1
ATTCAACCACATATCA,1
ATTCAATTGCAAAAGA,1
ATTCACCTTAAGTTGA,1
ATTCACTTACTGGGAT,1
ATTCAGAGGTTAGATG,1
ATTCATTATATGATTT,1
ATTCCAAAAACCGGCA,1
ATTCCAAAAATCCATG,1
ATTCCACACGAGGATA,1
ATTCCAGACGAATAGA,1
ATTCCCACGAGAAATC,1
ATTCCCCTCTTTTTCT,1
ATTCCGACGCCTTTTC,1
ATTCCGTAGCCATGTT,1
ATTCCGTGAAGGTTAT,1
ATTCCTATTAATGACC,1
ATTCCTATTCGATAAT,1
ATTCCTTGACGATTGC,1
ATTCGAATGTTAACCG,1
ATTCGCATAGGTAGCG,1
ATTCGGTCAATATGCA,1
ATTCGTAGTAAGACTT,1
ATTCGTCTGCATCAAC,1
ATTCGTTGTTACGGGC,1
ATTCTAATATCAAATA,1
ATTCTAGTTAATAAAA,1
ATTCTGAACAAACGTG,1
ATTCTTAGGCTTGTTA,1
ATTCTTGAGACAGACA,1
ATTCTTGGATGTAAAT,1
ATTCTTTAATACACCA,1
ATTCTTTACCTATTCC,1
ATTGAAAATAATAGCA,1
ATTGAAACAAAAGGAC,1
ATTGAACCGGACTACA,1
ATTGAACTGCTATAAT,1
ATTGAATGTCCAGGGT,1
ATTGAGAGATTCCGTG,1
ATTGAGGTGAATTGAT,1
ATTGAGTGCGGTGCAG,1
ATTGATATACCCAGTG,1
ATTGATATCAATCACT,1
ATTGATCAGAACCCGT,1
ATTGATCTTAACCAAT,1
ATTGCAAGTCTCCCTG,1
ATTGCACATTAATAAT,1
ATTGCACCCCAGGGTT,1
ATTGCCCTCCGAATTT,1
ATTGCGCTTGCGAGAT,1
ATTGCTAGTTTGAAAT,1
ATTGCTCGACTAAAAG,1
ATTGCTGAACGAATTG,1
ATTGGTAGATGTGCTG,1
ATTGTACAATACCAGA,1
ATTGTCACGATTCATG,1
ATTGTTGATAGCATAA,1
ATTTAAAGAAATAAGT,1
ATTTAAAGGCGATGAT,1
ATTTAACCGAACCACA,1
ATTTAAGCCCACGAGC,1
ATTTAAGTAACCACTG,1
ATTTAATAAAACTAGA,1
ATTTACCTATATACAG,1
ATTTACTACATCTACA,1
ATTTACTAGCCCATTC,1
ATTTACTCTCAGAAAT,1
ATTTAGAATAAGAGAA,1
ATTTAGGTGATAACTA,1
ATTTAGTACATAACTT,1
ATTTATCTTTAAAAAT,1
ATTTATTATACTATTA,1
ATTTCCTACCAAAATG,1
ATTTCTGCAATCGTTA,1
ATTTGACCGTACCACG,1
ATTTGAGCCCTATCTA,1
ATTTGTTCGGGAGTTG,1
ATTTTACGGAGAACTT,1
ATTTTATTGATAAATC,1
ATTTTCAACGTCTGAG,1
ATTTTCCCCACCGCAT,1
ATTTTCCGAAATTTGA,1
ATTTTCTCGGCGAAGA,1
ATTTTTCGGAAAATAA,1
CAAAAAACATCAATGT,1
CAAAAAATATAAAAGT,1
CAAAAAATGCTAATTA,1
CAAAAAATTTGAACTA,1
CAAAAACGGATTGCAA,1
CAAAAATTAATATACG,1
CAAAACATATGCGAGA,1
CAAAACCAAATACGGC,1
CAAAACCTGACCACTG,1
CAAAACGCTAAAAGAG,1
CAAAAGGAGCAAGGCA,1
CAAAAGTGGCATCATC,1
CAAAAGTTGAGGTACG,1
CAAAATAAACGACAGA,1
CAAAATAACCAGGTCA,1
CAAAATACTTAATTGG,1
CAAAATCTAACGCGCG,1
CAAACAGAAGACAAGG,1
CAAACATAGACAGACT,1
CAAACCAAGATATAGT,1
CAAACCAAGGACGTAA,1
CAAACCGTATAAGTTT,1
CAAACCTGATTACACC,1
CAAACGGTCGCACGCA,1
CAAACGTCTAGGGACA,1
CAAACTCACGGGCCTC,1
CAAAGAAACGCATACC,1
CAAAGACTACACAAAA,1
CAAAGAGTTTTTAATA,1
CAAAGCCACACGTGAC,1
CAAAGGAAGCGGATTT,1
CAAAGGCAGAGTGTCG,1
CAAAGTAAAAAAGATT,1
CAAAGTACATAGGAAT,1
CAAAGTTGAGAATAAG,1
CAAATAAATGATGAAC,1
CAAATAACAAAAGTAA,1
CAAATAAGATATAGCA,1
CAAATAAGCATTGTAC,1
CAAATAAGCGCGTAAT,1
CAAATAAGTACCTTCA,1
CAAATAATAACAGCGA,1
CAAATAATATTCAAAT,1
CAAATCATGAAAACGC,1
CAAATCGCCGGAGAAC,1
CAAATCTCGAAAAAAT,1
CAAATGTACGTTTAAA,1
CAAATGTTATCACCCT,1
CAAATTAATTATATAG,1
CAAATTATTGTAGGAA,1
CAAATTGGAGATCGCT,1
CAAATTGTCACGTGTG,1
CAAATTTAGCATCAGC,1
CAACAAATTAAATTCA,1
CAACAAGAAAAAGCGA,1
CAACAAGGATACGATG,1
CAACACTCCTCGGTTA,1
CAACACTTGTATCCGA,1
CAACAGAACCCTGACT,1
CAACAGAGACAGGGCA,1
CAACATAGGCAACGCA,1
CAACCAAAGGAACATA,1
CAACCAACTATATGCG,1
CAACCACTTCACGAGC,1
CAACCAGGTACAGATT,1
CAACCAGTAAATGGTG,1
CAACCATAACACGCAA,1
CAACCATCAGTAGCAA,1
CAACCCAAACCTGAGA,1
CAACCCGGCCATAGGT,1
CAACCCTATCACAATC,1
CAACCCTGTTAGGTCT,1
CAACCGTCATGTTTGC,1
CAACGAAAATTCATAG,1
CAACGACACAATAGGT,1
CAACGAGAACACCAGT,1
CAACGATATAGCCCGT,1
CAACGATCTATTTGGC,1
CAACGCGCAACAACGA,1
CAACGGAAGTGTAATA,1
CAACGTAATTAGAATT,1
CAACGTGTTCGAAATA,1
CAACTATATAATAGAT,1
CAACTCCTAGTCCATC,1
CAACTCTTCACCACGA,1
CAACTGAATGTTTGCA,1
CAACTTGAAACAGCGA,1
CAACTTTACGGCAATG,1
CAACTTTTACAATAAC,1
CAAGAAAAAGCAAATT,1
CAAGAAGGGTGAGGCT,1
CAAGAAGTAACCCTTT,1
CAAGAATAACCCCTAC,1
CAAGAATGCTCCTATT,1
CAAGACCCAGATATCC,1
CAAGAGCAACGACACC,1
CAAGATCCAATGACGG,1
CAAGATGAAAAGAATA,1
CAAGCAAAAGGGAAGA,1
CAAGCAACAGACAAGA,1
CAAGCACGAATAACCA,1
CAAGCCACGATCCCAT,1
CAAGCCGATTGGTGAA,1
CAAGCCGTATCGTACA,1
CAAGCCTAGCTGGGGA,1
CAAGCTATTACGGAGC,1
CAAGGACACTTCAGGA,1
CAAGGAGGCCACTAGT,1
CAAGGATAATAATATA,1
CAAGGATTAACCACCC,1
CAAGGGACAAGCATTA,1
CAAGGTGATCCAACAG,1
CAAGGTTATTCCACAG,1
CAAGTAAAAGCCCTCC,1
CAAGTACCACAAATCA,1
CAAGTGAGATCTGCTA,1
CAAGTGTTACCGGGTT,1
CAAGTTTTGTCCGAAC,1
CAATAAACCATAAGGG,1
CAATAAAGAGGGCCCC,1
CAATAAATTACAAACT,1
CAATAACTGAAACCGA,1
CAATAAGACAACTTCA,1
CAATAAGGTTATCGGA,1
CAATACAACTATCGTA,1
CAATACACTGCGGTAT,1
CAATACAGATGCGTGC,1
CAATACCAGCATCTTG,1
CAATACCTTTGGTAAG,1
CAATACGCGTTAAAGT,1
CAATAGTGGCGAAAAC,1
CAATATAAACCAAAAA,1
CAATATAACTTGCTAA,1
CAATATATAAGCACGG,1
CAATATCACACCATCT,1
CAATATGAGCTTGCAT,1
CAATATGCTGCAATGT,1
CAATATTATCAAAGGA,1
CAATCAAAGCACGCAT,1
CAATCAACTACATCCA,1
CAATCACATTACAGCT,1
CAATCACGAAACAACA,1
CAATCAGCGGTCAAAC,1
CAATCATTACACACGA,1
CAATCCGTGGAAAACA,1
CAATCCTAAGTTGATA,1
CAATCCTGAAACGAAC,1
CAATCTCCCATGAAAT,1
CAATCTGCCACCAGCT,1
CAATGAAGTACGCAAG,1
CAATGAGGACTGTGAG,1
CAATGCACACCTAGGA,1
CAATGCCTTGTCAGTA,1
CAATGGACCGATTGTT,1
CAATGGTGTATATCAT,1
CAATGTACAGACAACA,1
CAATGTTTAGCCAAAA,1
CAATTATTTCCCGAGT,1
CAATTCACTAGCAAAC,1
CAATTCTTTTGAACGG,1
CAATTGCCGGTACGAC,1
CAATTTACTAAGAGGT,1
CAATTTCTTCACAACA,1
CAATTTTCCAACTTAG,1
CAATTTTCCCGAGATG,1
CACAAAAAAATGTTAG,1
CACAAACGAAGCTTCC,1
CACAAAGAGCTTAAAA,1
CACAAAGGATAGAGGA,1
CACAAATTTTCCACAG,1
CACAACAGGTGTATTT,1
CACAACCCACATACGT,1
CACAACGGCTGTCTAT,1
CACAACGTAACCTAAG,1
CACAAGAGAGTCAACC,1
CACAAGCAAAGACCGC,1
CACAATAAAAATACAT,1
CACAATCAAACCATGA,1
CACAATCAATATCGTA,1
CACAATCACACCGCAA,1
CACAATCCTATCGTGT,1
CACAATGTAAAACGTA,1
CACACATCAGGGTTGT,1
CACACCTAAATGCAAT,1
CACACTGAACCAAAAA,1
CACACTGGCGATGACA,1
CACAGAATTCCTGACA,1
CACAGATGAATAAAAT,1
CACAGCAATTATGAAA,1
CACAGCAGACGAAAAC,1
CACAGCTACCGAGAAA,1
CACAGGACACCCGTTC,1
CACAGGTAAATCTCAT,1
CACAGTCTTCAAGGAG,1
CACATAACAAAACGTC,1
CACATAACGATTACCA,1
CACATAAGTACTCGGT,1
CACATACAAAAAGACC,1
CACATACAAAATGGAA,1
CACATACTACGTTGAT,1
CACATAGCGGAGTTCG,1
CACATAGGCTTACTCT,1
CACATATAACATTCAG,1
CACATATAGAATGGCA,1
CACATGCATTACTTCA,1
CACATGGTCCAAACGA,1
CACATTCGACAATTCA,1
CACATTTACGCATTAA,1
CACCAAGAGAATAAAC,1
CACCAAGGCTTTTGAC,1
CACCAATATCTCTACT,1
CACCAGCACACGTGCC,1
CACCAGGCTATTACTA,1
CACCATAAGCATTTAT,1
CACCATAATATGTTCA,1
CACCATCCCAAACCCA,1
CACCCAGAAAAAATCA,1
CACCCTACAGGCTGAG,1
CACCGCCGACAATACT,1
CACCGGAAACTTGTCC,1
CACCTAACTACCCTTA,1
CACCTATGTACCTTAA,1
CACCTCAATAGCAAGA,1
CACCTCAGGAACCGGC,1
CACCTGGAGGGAGAAC,1
CACCTGGATAGATGTC,1
CACCTTCTGATACGCG,1
CACCTTGGCCATAAGT,1
CACGAAATATACTTAG,1
CACGAACGGTAACCGT,1
CACGAACTGTATGTAT,1
CACGAATCAACAATTT,1
CACGATAAACGATCGC,1
CACGCCACACACGTCC,1
CACGCCATAGGAGCCT,1
CACGGATGCCATGTTG,1
CACGGATTGGGGCTTA,1
CACGGGTAATTGTGTG,1
CACGGTCCAAGAAGAA,1
CACGTACTTGATGATA,1
CACGTCAAAAATTAAG,1
CACGTCCAAGTCACCA,1
CACGTTCATATGAATG,1
CACTAAGCGCAATAAA,1
CACTACAAAAAGCAAT,1
CACTACTCAACCGCAA,1
CACTAGGCTGAATTCT,1
CACTATCAGGTCGCTT,1
CACTCAAAACAGTAAA,1
CACTCAAAGTTGAAAA,1
CACTCACAAAATATGA,1
CACTCCTAGGGAGACA,1
CACTCGTGTTGAACAT,1
CACTGACGGTAGTATC,1
CACTGAGAAAATACAC,1
CACTGGACATTGCCGT,1
CACTGGTCTAACTGAC,1
CACTGGTGAGACACTT,1
CACTGTATGGATTAAT,1
CACTTAACAGTATCTC,1
CACTTAGGCATCCTAA,1
CACTTATCGAAGGAAG,1
CACTTCCAGCCGAGTT,1
CACTTCCCACTGAGAC,1
CACTTCTAACTTTAAT,1
CACTTTAAGGAACATG,1
CACTTTAGTCCGGAGA,1
CACTTTGATCAATTCT,1
CACTTTTGACATATCT,1
CAGAAACTCTGAATTA,1
CAGAACAAACGCTGCG,1
CAGAACCAAATACAGC,1
CAGAACTCTAAGTTAC,1
CAGAATATCCAACGAT,1
CAGAATCAGCCTGTCC,1
CAGAATGAAAGGGTAC,1
CAGAATTTGCAAAACC,1
CAGACACGCTCCTGCA,1
CAGACATGATAATTGG,1
CAGACCACTGGTTGAA,1
CAGACTAGCAATCTTC,1
CAGACTGGCACCACAA,1
CAGACTGGCGTGCCAG,1
CAGACTGTCTGAAGCT,1
CAGAGAACCGCCTAAC,1
CAGAGAGCCAAATTGC,1
CAGAGAGCGGGATATT,1
CAGAGATATGGTACCT,1
CAGAGCGGCTGATTAC,1
CAGAGGCATACGCTAT,1
CAGATAAAAGATTGTG,1
CAGATATGGACTAAAA,1
CAGATCATCCTAAAAA,1
CAGATGATACAAAATA,1
CAGATGTTGATACAAG,1
CAGATTAAGCTCGAGC,1
CAGATTATATAAGTCA,1
CAGATTGGATACATGG,1
CAGATTTATATTATCC,1
CAGATTTTAGAATCTC,1
CAGCAACGTATCCCTG,1
CAGCACAAAAGAAGAC,1
CAGCACAAGTGAGCTA,1
CAGCACCCAAAATAGG,1
CAGCAGATAACCAGAC,1
CAGCATGATAAGTACA,1
CAGCCAAGTCACCGTG,1
CAGCCCACATCTTTCA,1
CAGCGAAAAGACTTAA,1
CAGCGAGTGGCACGTT,1
CAGCGCTTCCACACCC,1
CAGCGGCATCTTAACC,1
CAGCGGCTGAATCTGG,1
CAGCGTCACAGACTGC,1
CAGCTCAATTAGAGAA,1
CAGCTGTTTGATTACT,1
CAGCTTAGCGTTTAAT,1
CAGCTTCCTATGAATG,1
CAGGAAAAAAACTTAG,1
CAGGAGACGACACACA,1
CAGGAGCATTCTAAAA,1
CAGGATGCGGATAAAT,1
CAGGCACGATAAACGA,1
CAGGCCGATGAAAATC,1
CAGGGCATAAATTAAA,1
CAGGGCTGTTAAAGAG,1
CAGGGGATTAATTTCC,1
CAGGTACAAGGAAGCC,1
CAGGTAGCATAATAAA,1
CAGGTATCTCGCATAC,1
CAGGTTAACCGCAGTT,1
CAGGTTCCATAGGCAC,1
CAGGTTGCACCTGGTT,1
CAGTAAAAAACACACA,1
CAGTAAAAAAGTATCG,1
CAGTAAATACAAATTT,1
CAGTAACGATTTCCAG,1
CAGTACAACAAGCAAT,1
CAGTCCTTAGCGCAAT,1
CAGTCCTTCTAAAACT,1
CAGTCGACTAGCCAAC,1
CAGTCTAAGAATAGTG,1
CAGTCTCTGCAGTATG,1
CAGTGAAATGAACATC,1
CAGTGAGATGGATAAA,1
CAGTTGCAGAGTCCTT,1
CATAAAAAAACTTTTC,1
CATAAAAACTTCAATC,1
CATAAAAGAGGCGTCA,1
CATAAACCCTTCAGCC,1
CATAAACTCTTTTGCT,1
CATAAATTAGTGATGT,1
CATAAATTGACGAGAA,1
CATAACACCAATAGAT,1
CATAACACTATGCTAG,1
CATAACTAACGAAGAT,1
CATAACTTAAGGGACT,1
CATAACTTACCTTGTA,1
CATAAGTCAACTTAAT,1
CATAAGTCCCTGATAA,1
CATAATAACCTTTCAC,1
CATAATATTAGTTACG,1
CATAATGCAATACCTC,1
CATAATGCGCAAGATT,1
CATAATGTAACCCTAC,1
CATACAAACTATAGAA,1
CATACAAGTCCAATGC,1
CATACAATACCTATTT,1
CATACAGGTTGGATTT,1
CATACATAATTGACGT,1
CATACCCAGAAGTGCT,1
CATACCCCGAAATGAC,1
CATACCTATCAGATGC,1
CATACGCTCAAAACGT,1
CATACTGATGGAAAGT,1
CATACTGGTACGGCAC,1
CATAGAACTCAAAGGG,1
CATAGAAGAGCTGGCT,1
CATAGACTTTACCAAT,1
CATAGCTTAAGAGTTA,1
CATAGGACGAGTCCGG,1
CATAGGGATATCACGT,1
CATAGTACACAGATGA,1
CATATAACCAAAAAGC,1
CATATCAATGTTTAAA,1
CATATCCATCCCGTTG,1
CATATCCTGCAGCATA,1
CATATGATGCATGACG,1
CATATTAACGTAGTAA,1
CATATTTTGAACATTT,1
CATCAAACGAATAACG,1
CATCAAACGCTCTGGA,1
CATCAATAATATAAAC,1
CATCAGAATAATGCAG,1
CATCAGGTCAAGTGGA,1
CATCATGACAACCAGG,1
CATCCACATGCAAAAA,1
CATCCATGCGGGAAAG,1
CATCCCCATCCTAAGA,1
CATCCCTAACTAGTGT,1
CATCGATATTAGACAT,1
CATCGGGTAAAGCAAA,1
CATCGGTGCTCATTTA,1
CATCTAGCGTAATTAG,1
CATCTCATTAAATAAT,1
CATCTCTGTGACAACA,1
CATCTGCTTACCAGGT,1
CATCTGGCCTATTAGA,1
CATCTTAGAGCTATGA,1
CATGAAAGCACACCGA,1
CATGACGAAGACACAG,1
CATGCATAATACAATA,1
CATGCCCTCACTGCTA,1
CATGCGGCTTAATAAA,1
CATGGAAATTACCTAT,1
CATGGACGCCTAAATG,1
CATGGCACTACAAATA,1
CATGGCTGACAAGCAG,1
CATGGGGTTTACCAAA,1
CATGTATAATCACCCC,1
CATGTATTACCGAGAT,1
CATGTCCTCAAATAGA,1
CATGTCGAATTGAATT,1
CATGTTAGTAAGATTC,1
CATGTTCTTAGTGCCG,1
CATTAAACTGAACTTA,1
CATTAAAGACCCAACT,1
CATTAAAGTGTCATTT,1
CATTAAATGTTTGTCG,1
CATTAACAGAATGACA,1
CATTACAATCAGTTAC,1
CATTACAGATAGATAT,1
CATTAGTCATTTATAC,1
CATTATCTCCAGATAA,1
CATTATGAAAGCGATA,1
CATTCATAGGGATCAA,1
CATTCATATTTCGTAC,1
CATTCGACCCTTGGGC,1
CATTCTAATTGATCAC,1
CATTGACAAACAAGAA,1
CATTGATCTAACTGGT,1
CATTGCAATGTCGCAA,1
CATTGGATACTTACTA,1
CATTGGGAACTATACC,1
CATTGTTTACTGACTC,1
CATTTAATCAATCGCG,1
CATTTACGGTATCTAA,1
CATTTAGCTTAATGGA,1
CATTTCGCATACTCAC,1
CATTTGAAGATAAATC,1
CATTTGCCGGTCCGCG,1
CCAAAACCTATAATGT,1
CCAAAACGTCAAACTA,1
CCAAAAGAAACCAAAC,1
CCAAAATAATACATAT,1
CCAAAATAGTTGATAT,1
CCAAAATCTCTCGCCA,1
CCAAAATTCTGATTAA,1
CCAAACACTCCTCAAG,1
CCAAACAGGTCTAACC,1
CCAAACTACTCCTAAA,1
CCAAAGAATTCAGAGA,1
CCAAAGAATTGTAAAT,1
CCAAAGCACAATAACC,1
CCAAAGCTTCAATGTC,1
CCAAATACCAAGGAAA,1
CCAAATATAATCATTG,1
CCAAATTAGTATTGGT,1
CCAACATGGCGCGCCT,1
CCAACCAAATCAGAAT,1
CCAACGATATACCTGC,1
CCAACGTACTCCATTA,1
CCAACTTTACGCTTAT,1
CCAAGCATGAAATAAA,1
CCAAGGAAAGACACCA,1
CCAAGGCCATAGCCCC,1
CCAAGTATGCCTCGAC,1
CCAAGTGGTATAGTAC,1
CCAATAATAGAGTACG,1
CCAATAATATCGCACA,1
CCAATACACCAACCAA,1
CCAATCAACTAACCAT,1
CCAATCAGGAGACAAG,1
CCAATCATAAAGCTAA,1
CCAATCGCACAGGAAA,1
CCAATCTGTCGGACAG,1
CCAATGAGAGAACCGT,1
CCAATGATATAATGAA,1
CCAATTATTGGAAACC,1
CCAATTGAAAGAGAAA,1
CCACAAATCGAACCAT,1
CCACAACAAGTTAAAG,1
CCACAATCAGGAAAGT,1
CCACAATTGATAACAA,1
CCACAGTGGCACACTA,1
CCACGAATTATCCAGA,1
CCACGGACCGGAATAA,1
CCACGGCAATACTAGC,1
CCACTACACTACAACA,1
CCACTATAATCAAACG,1
CCACTATATTAAATCC,1
CCACTATGACTTATAA,1
CCACTATGCTTGAAAA,1
CCACTGCTAGAACAAG,1
CCAGAAAAATAGCCTA,1
CCAGAAAGGCGCAATA,1
CCAGAATTTATGCAAA,1
CCAGACTAAACAAGTG,1
CCAGCAAATGTCTCCT,1
CCAGCAAGTCAAAGAA,1
CCAGCCACGACAACAC,1
CCAGCCTAAACCTCAG,1
CCAGCGCTGCAAACCA,1
CCAGGATAGTACAATT,1
CCAGGATGTTCTATTA,1
CCAGGCATTAACCACA,1
CCAGTACATGGATTCA,1
CCAGTCAAGCTAAATT,1
CCAGTCAGAAATTGGC,1
CCAGTGAAGATGGATA,1
CCAGTGGTATTCGTCT,1
CCATAAAGTCCTGAGT,1
CCATAAGTTCTAAATT,1
CCATAATAATTATCAA,1
CCATAGGTAAGCAGAA,1
CCATCATAGTAACTTT,1
CCATCCAATGACTGTC,1
CCATCTAATTCGGGCA,1
CCATCTTCTACAATCC,1
CCATGCATCTTCCAAC,1
CCATGCATTGAAAACA,1
CCATGCTTAATTTATT,1
CCATGGAGGGGATTAA,1
CCATGGGTAATAACAG,1
CCATGGTACATGGCCA,1
CCATGTCCATTACCAA,1
CCATTACGCTCGGATT,1
CCATTCCACTAATCCT,1
CCATTTCGGTAGAAGG,1
CCCAAACCTAACACCC,1
CCCAAATCGTGCAATC,1
CCCAACGGATATAGGA,1
CCCAAGATGACCAAAC,1
CCCAAGTGTTGAACAA,1
CCCAATAATAACACTC,1
CCCAATCTTAAAAGCA,1
CCCAATTATTTGAGAT,1
CCCACCACGTTGACAA,1
CCCACCTGATGTCAAA,1
CCCACGCCAATCCGAA,1
CCCACGTTCAAGACCT,1
CCCACTAGTGCCTTTA,1
CCCAGAAATAGACGAT,1
CCCAGCAGAAGCTCTT,1
CCCAGTAATTGTAAAC,1
CCCAGTGGCTCTAAAA,1
CCCATAAAATATATTA,1
CCCATAACCTTTTTCT,1
CCCATAAGAATAAAAC,1
CCCATAGAGGCGACGA,1
CCCATTACCTTATACT,1
CCCCAAAATTCATAAG,1
CCCCAAATACTAAGAA,1
CCCCAACATAATCAGA,1
CCCCAACGATGCCAAT,1
CCCCAACTGCAAAACG,1
CCCCAGTCCAAAATCC,1
CCCCATAGCTCGGTAT,1
CCCCATTTACCGTAAC,1
CCCCCACTGAAGACAA,1
CCCCCACTGCAGTACG,1
CCCCCAGAACCATAAA,1
CCCCCATTAAATTTGA,1
CCCCCGAACTGAAACG,1
CCCCCGATGTTAATGG,1
CCCCCGGGGAGTCCTA,1
CCCCCGTAGGTATACA,1
CCCCGAACTAGGGATA,1
CCCCGATCAGCCATGT,1
CCCCGCACACGCGGAT,1
CCCCGCTAACCTAACG,1
CCCCGTGATACAAGGG,1
CCCCTAAAATCTGGCT,1
CCCCTGGTTAAAAACT,1
CCCCTTCCGGTACCCC,1
CCCGAAATATAACTCC,1
CCCGACCAAATACCAT,1
CCCGACTGCGTTAGGA,1
CCCGATCAAGTGCGGA,1
CCCGATTTTTCCGTTA,1
CCCGCACAATAGAACC,1
CCCGCTCCTAACGATC,1
CCCGGAAAGACTGAAG,1
CCCGGCCCGGAAGAGG,1
CCCGGGAGGGGACACA,1
CCCGTAGAAGCCCCCT,1
CCCGTATATCACCTAA,1
CCCGTTACTCCTCCTA,1
CCCGTTCCATCAACAT,1
CCCTAAGGCCTGCCGA,1
CCCTAATCTTACTCAG,1
CCCTACAAATCCGAAT,1
CCCTACACTTAATTCA,1
CCCTATGATTCAACAG,1
CCCTCACACCCAGCAG,1
CCCTCCTAACGTCAAC,1
CCCTCGGGAATTAAAT,1
CCCTGACTAGACATGG,1
CCCTGCACCAAAAAAA,1
CCCTGCCACAGATTGG,1
CCCTGCGCGCAAAGCA,1
CCCTGCTACTTCTATG,1
CCCTTTAATTAAGTTC,1
CCCTTTGGACGCAGAT,1
CCCTTTGGTACCCATT,1
CCGAAAAGGAACACCA,1
CCGAAAATATACAAAA,1
CCGAAATTACGTAGGA,1
CCGAATAGAGACCTAA,1
CCGAATCGATAACTAC,1
CCGAATCTTAGTATCT,1
CCGAATTGAGGAGTGT,1
CCGAATTTTGCGGCTC,1
CCGACAATACTCGGGT,1
CCGACACACGACTAGC,1
CCGACCAGAATAGAAA,1
CCGACCCTATGTCCCA,1
CCGACCTAAGCGCAAC,1
CCGACTAAACAACGTG,1
CCGACTCTGTTTCTCA,1
CCGAGACTACCTGCCA,1
CCGAGTAATCGACTGT,1
CCGATAAATAAGGTTT,1
CCGATATCCGTATATC,1
CCGATGGGGTGGGAAC,1
CCGATTGTATGACTAC,1
CCGATTGTGGCATTAA,1
CCGCAACAGCTTCCTC,1
CCGCACAAATGGATAG,1
CCGCACCCCACATCCA,1
CCGCAGAAAAGTTAAA,1
CCGCCAAATGCGCCAA,1
CCGCCTACGTCTCCTC,1
CCGCGACCGTAGATCG,1
CCGCTAACAAACTTAC,1
CCGCTACCCCACTGGC,1
CCGCTCTGACGATAAT,1
CCGGAACAATCAAATT,1
CCGGAACTTTGCCTAT,1
CCGGATGAATAGGGAG,1
CCGGATTATATTGGAC,1
CCGGTAGCGCCAAAGA,1
CCGGTATGACCTCCAC,1
CCGGTGATTCTAAACA,1
CCGGTTAGGAATTGCT,1
CCGGTTATGAAAGCCT,1
CCGTACGTAGGCTGCC,1
CCGTATCGACAATTCA,1
CCGTATTAGATTTACA,1
CCGTCCAAAAAACTAC,1
CCGTCCATCCATAGAG,1
CCGTGAACGGCAAAAA,1
CCGTGAATGAAGATAA,1
CCGTGTGACCTCTGTA,1
CCGTGTTTGGGATTGT,1
CCGTTGCAGACACCAT,1
CCTAAACACCTGATCT,1
CCTAAACATTCTAATA,1
CCTAAATAAGCCAGAA,1
CCTAACAAAAGAACCA,1
CCTAACTCAACGCAAA,1
CCTAACTTCAAAGGAA,1
CCTAAGCATCTGAAGC,1
CCTAATAACTTTGAGT,1
CCTAATCATAATACCA,1
CCTAATTAAAGCGCTA,1
CCTAATTCTGAAGGAT,1
CCTACCATATAGCGCA,1
CCTACTCGCAGTATCC,1
CCTACTTAGAATCATA,1
CCTAGAACATCTCCGC,1
CCTAGAAGAGTTTGGT,1
CCTAGAGGCTTCGGAA,1
CCTAGATCGATTTGCT,1
CCTAGATGCCTTACTG,1
CCTAGCCTGAGATAAT,1
CCTAGCTCGCCTATAA,1
CCTATACAATTAATAA,1
CCTATATGAATAAATA,1
CCTATCGATTTATTGG,1
CCTATGCCAGGGCCGC,1
CCTATTAAGAATTTCC,1
CCTATTAATTAAAATA,1
CCTATTCGGTAAACGA,1
CCTATTGAGACAATAA,1
CCTCAACGAAAACAAG,1
CCTCAACTCAGTGACA,1
CCTCACCAGACTTTGG,1
CCTCATACACTGTGTC,1
CCTCCAACAGAAGCAA,1
CCTCCACTGATTACGG,1
CCTCCAGATACCGGTT,1
CCTCCATTCTTTTAAT,1
CCTCCGAAGCTAACCA,1
CCTCGAGTCCAGACCG,1
CCTCGATATAATGGGA,1
CCTCGGACACCCGCTC,1
CCTCTAACAATTCGTA,1
CCTCTAAGAAATTGCT,1
CCTCTATATACAACCT,1
CCTCTCGAAATCTTCA,1
CCTCTTATCGTCGCCA,1
CCTCTTTAGTGGTCCT,1
CCTGAAAAAAACATGA,1
CCTGAAAATAGTCATC,1
CCTGACCTGTTTGTAA,1
CCTGACGCCTAAATAT,1
CCTGACTACGCCAACG,1
CCTGAGCAATAATGAA,1
CCTGATCCCCACCCAA,1
CCTGATTGTGATGTTA,1
CCTGCAAATAATTGAC,1
CCTGCCATTTCAATAT,1
CCTGCCCGCTAACCGA,1
CCTGCTAATTTCAACT,1
CCTGGCTTTTATCGGA,1
CCTGGGAAATAGGCTA,1
CCTGGTGTATAAATTC,1
CCTTAAATAGGGAACG,1
CCTTACACCTTACTCT,1
CCTTACATGATAACCA,1
CCTTATACAAACAGCA,1
CCTTATTATTTCAATC,1
CCTTCAAAAACTCTTC,1
CCTTCCCTACCACAAT,1
CCTTCGCATTGGCTCA,1
CCTTCGCCGCAAAAAA,1
CCTTCGTGTCAAGCGA,1
CCTTCGTTCATAAAAA,1
CCTTCTAAATCCCAGT,1
CCTTGAAAAAAAGCAC,1
CCTTGAGAAAGCCGAA,1
CCTTGGTGCGGAATAA,1
CCTTGTTAAACGCCAA,1
CCTTGTTATGTACACC,1
CCTTTCTCTATCAGAA,1
CCTTTGGCGGCTGTCT,1
CGAAAAAATAGTTTTG,1
CGAAAACTCGAGTCAC,1
CGAAACAACTAAATAA,1
CGAAACGGGATCCTCG,1
CGAAAGTGAACAGAAT,1
CGAACAAATTTAAACT,1
CGAACATAGCGAGGCA,1
CGAACATGCCCTAAGC,1
CGAACCATGATCTCCA,1
CGAACGGCGTTAAGAT,1
CGAACTACAGCTAATA,1
CGAAGAAGAGAGGTTA,1
CGAAGACTTTGAAGTC,1
CGAAGATCTGCAGGGG,1
CGAAGCACGGTAAGCC,1
CGAAGCTTGGCACATG,1
CGAAGTACGAATGTTT,1
CGAAGTCTCAAATCCT,1
CGAATAGTTGTAGTGA,1
CGAATATATAATTCCA,1
CGAATGTCAATATCTT,1
CGAATTCCCGGCACAC,1
CGAATTTGCGCTTCAA,1
CGACAAAAGTATTATG,1
CGACAAATCGTGAAAA,1
CGACACATAGGTTTTG,1
CGACACCGATTAGCAA,1
CGACATCTTACAGCCG,1
CGACCAAAAACAATGC,1
CGACCACACCAGTGAG,1
CGACCAGATCAACACT,1
CGACCCTAAAGTAAAT,1
CGACCGGGAACGGTAC,1
CGACCTGGTAATCGCT,1
CGACGGCGAAATCATT,1
CGACGTATAATGGCTT,1
CGACTAAAGCTACAAA,1
CGACTAACGTAACAAA,1
CGACTAACTAAGATTT,1
CGACTAGCGACGCTGA,1
CGACTAGTTCAAAATG,1
CGACTATCGCACCACT,1
CGACTCAAAGACCTAC,1
CGACTGCTTATCCAAA,1
CGACTGGATAGCACTA,1
CGAGAAGTTAACAAAA,1
CGAGAATTATTCTCAA,1
CGAGAATTCAAAAGTT,1
CGAGAATTTCACCTAA,1
CGAGACCACAAAGCTG,1
CGAGAGGACTTCTGAT,1
CGAGCCAATTTAACAT,1
CGAGCCGAGAATTAAT,1
CGAGCGCGCCTTTCTT,1
CGAGCGTTAAACTGGA,1
CGAGTAAATCCAATGT,1
CGAGTAGCACAACCGT,1
CGAGTATTTAAGGCAT,1
CGATAATAAAACTCAA,1
CGATACGCAAAATCCA,1
CGATACGCTCAAAACT,1
CGATAGACGTAAAGCC,1
CGATCCCATTAAACAG,1
CGATCCTACCTAACGG,1
CGATCTAATTTAAAAA,1
CGATCTGGACTGTCGG,1
CGATCTGTACCTCTCA,1
CGATGAGCTTCTAACA,1
CGATGAGGCTGGTTCA,1
CGATGATCAGGCAGTA,1
CGATGCCCAAGTAAGT,1
CGATGTTACCATCGAA,1
CGATTAAACTTCTACA,1
CGATTACATTCGCATT,1
CGATTCCTTAGTGCCT,1
CGATTTCGAGTCGTGA,1
CGCAAATAAGGATGTA,1
CGCAATAGACCTAATA,1
CGCACCATTAACTCTT,1
CGCACGCAACGTATTA,1
CGCACTCTATTGATTA,1
CGCAGACAAGTTAGGG,1
CGCATAAGTACTTAGA,1
CGCATATCACAATATT,1
CGCATCTACCAAGAAT,1
CGCATCTACTTACTGC,1
CGCATGACCCAAGGAC,1
CGCATTGTCTCATAGA,1
CGCCAACGGCGCAAGC,1
CGCCAGAAATTTCTGT,1
CGCCATACAGGGTCCA,1
CGCCATGGTCTCCGAG,1
CGCCCAGTATTTGAAC,1
CGCCGGAAACAATTCT,1
CGCGAAAAAAGGTGAC,1
CGCGACCGCTGTTTAT,1
CGCGATCATTTCTCAA,1
CGCGCTATGAGCGAGT,1
CGCGCTGAAGCGTACT,1
CGCGGTAGTCAATAAC,1
CGCTACGGGCATGTTC,1
CGCTCGAAGACTATAA,1
CGCTCGACAACAAACG,1
CGCTCTAACAAACAAA,1
CGCTTTGAACGAACCT,1
CGGAAAAATTTAGCAT,1
CGGAAAATATCACAGT,1
CGGAAAGCTAATTGAA,1
CGGAACAAGAGAGCCC,1
CGGAACTCTGAAAAAA,1
CGGAAGTGCCTGGCAC,1
CGGAATAAAACAAACT,1
CGGAATGAAAAAAGAT,1
CGGACAGATTCCTTGT,1
CGGACATTATGTATGA,1
CGGAGAACCACTAAAA,1
CGGAGCGCAAGATACA,1
CGGAGCTTATTCCCAG,1
CGGCAGTTGTAACTCC,1
CGGCATTAAACGTTAA,1
CGGCCCGCGAAAACCA,1
CGGCCGAATATCCTAG,1
CGGCCGGCCTTAGACC,1
CGGCTAATAATTACCT,1
CGGGAAAAATCAAAAG,1
CGGGACTTTGGCGATA,1
CGGGAGATAGGCTAAA,1
CGGGATGATTTTAGAG,1
CGGGCGACTAACATCT,1
CGGGCGATAAGAGAAC,1
CGGGGAATGCAACATA,1
CGGGGTCATCCTGCTC,1
CGGGTCACGCGAAGCT,1
CGGGTCGTGGATAGCA,1
CGGGTGTCGTAATGCG,1
CGGTAAAAAAATATAG,1
CGGTAACACGATAATG,1
CGGTAGAAAAACCTTC,1
CGGTAGCTAGGCACCT,1
CGGTCCAAAATCAATT,1
CGGTTACGAATGATTG,1
CGGTTCAATACACCAG,1
CGTAAACAAATAGCAG,1
CGTAAAGTAAAATAAT,1
CGTAAAGTACACATTA,1
CGTAACAATATGAACT,1
CGTAATTAAGTGGCAT,1
CGTACACCGAATTAGG,1
CGTACCAGAAGCCGAA,1
CGTACCCCAATATGAT,1
CGTAGGGTTGCTGTAA,1
CGTAGTATCCACCTAG,1
CGTATAATATACGAGA,1
CGTATACGACAATCAG,1
CGTATATCGTAATCAC,1
CGTATATGAACAGGCA,1
CGTATCCTCAAAACTC,1
CGTATGAGGCCCAAAA,1
CGTATTTAGGAGCAGC,1
CGTCAGCTTGGATCTC,1
CGTCAGGCCGAACCAA,1
CGTCAGGTACACGTCC,1
CGTCATACTTTTATCT,1
CGTCATGACCCAACGC,1
CGTCATGCGATTTAAA,1
CGTCCTTTGGCACGAA,1
CGTCGCAATTATTTAA,1
CGTCGTCTCAACAAAG,1
CGTCTAGACCGTAATG,1
CGTGAAATATATCTAT,1
CGTGAACGATGAATAC,1
CGTGAATGATATCGAC,1
CGTGACATAATACCCT,1
CGTGCAAAGCCTTTGC,1
CGTGCAACCACATCAA,1
CGTGCATTAGCCACAC,1
CGTGCTGACCTCCACC,1
CGTGGAATAAACCAAT,1
CGTGGACACCAGCTTG,1
CGTGGACTATAAGGTC,1
CGTGTAATGCATTCAT,1
CGTGTGCTATAAATTA,1
CGTGTTAATGTATGCG,1
CGTTAACTTCACTTTG,1
CGTTACAAACCTTTGT,1
CGTTACACACATATGA,1
CGTTCACCAAACTACA,1
CGTTGACCAATCCTCT,1
CGTTGACCTTAATCAA,1
CGTTGTATTCGTTAAA,1
CGTTGTCGAATTAATC,1
CGTTTAAAATGTCCTA,1
CGTTTAACCCTTACCA,1
CGTTTTCACCCATTCT,1
CTAAAACATATTCCTC,1
CTAAAATAACCAATAC,1
CTAAACATACTATGAA,1
CTAAACCAAGAACCCG,1
CTAAACTAAACATTAA,1
CTAAACTTAGAGAAAA,1
CTAAAGATACTATCCG,1
CTAAAGTAGTTTAAGT,1
CTAAATGATCACTCAA,1
CTAAATTTGAATACAA,1
CTAACAAAGTGGATAA,1
CTAACAATGAATGCGT,1
CTAACAATTTAAAATA,1
CTAACAGACAGTACGA,1
CTAACAGTCAAAGGAA,1
CTAACCAAATAGATTC,1
CTAACCAGTAGAATAT,1
CTAACCGTAAAAAACG,1
CTAACGGGAGTAAAAA,1
CTAACTACCTCTACAA,1
CTAACTAGATTTAATG,1
CTAACTCATACACAAA,1
CTAACTCTAAAACACT,1
CTAACTGTGATAAAAA,1
CTAACTTATCAGTGGG,1
CTAAGAAGAGGCACCT,1
CTAAGATAAGACGTGT,1
CTAAGATCTAACCTTA,1
CTAAGCACACATAGTA,1
CTAAGCTATGGGAAAT,1
CTAAGGCGAAATCCGA,1
CTAAGGGTATATAGAT,1
CTAAGGGTGAAATGTC,1
CTAAGGTCTTCGGATC,1
CTAAGTCAAACGCATC,1
CTAATAAGCTACATAA,1
CTAATACATCGAATTA,1
CTAATATCGCTGAAAA,1
CTAATATGCCCCACCA,1
CTAATATTCCATAAGG,1
CTAATCACGTCGAAAC,1
CTAATCTCGAAAACAA,1
CTAATGAGATCAAGTG,1
CTAATGTCAACAAAAC,1
CTAATTCATTAGAATA,1
CTAATTGAACACGACA,1
CTAATTGGGATATAGA,1
CTACAACAAAGTGATT,1
CTACAATAATATATTA,1
CTACAATAGAAAATTC,1
CTACAATGCTCCAGCT,1
CTACACAACAAAACAT,1
CTACACACCAAGTCCA,1
CTACACATTATACTGG,1
CTACAGAAAGAAATTA,1
CTACAGGCTAGTGGTA,1
CTACATATTCGAGCAT,1
CTACCAAAATAGCGAC,1
CTACCAGACGAGCTAG,1
CTACCCATAGTCTTCA,1
CTACCGGCCCCTTACG,1
CTACCGTCTGTAGCAC,1
CTACGCAAAAGAAAAC,1
CTACTCACAGCCAGTA,1
CTACTCCGAACCATTA,1
CTACTCTCCTAACGTC,1
CTACTGATCAAACAAC,1
CTAGAAAAGAACCCTT,1
CTAGAAAGTCAACTAC,1
CTAGACATCGATTTTT,1
CTAGACTTGAAAACAA,1
CTAGAGGATGCCTCTC,1
CTAGCAATATACCAGT,1
CTAGCCTAAGAACGAT,1
CTAGCGACAACGGCAC,1
CTAGCGCTGGTGCAAT,1
CTAGCGTTCGGCACGT,1
CTAGGAAAACAAGGAG,1
CTAGGCAAGCTCAGAA,1
CTAGGCGTGATCACAG,1
CTAGGCTAACCATTAA,1
CTAGTAACAGAGAAAA,1
CTAGTACACGAAGTTT,1
CTAGTCGAGAAGGCAG,1
CTAGTGAATCATAAAG,1
CTATAAACTAATAGAA,1
CTATAAACTTCGGTGG,1
CTATAACCGTCACGGT,1
CTATAACTTCAAAATA,1
CTATAAGATCAGGTGA,1
CTATAAGCAGGACACA,1
CTATAATTAAATTCTG,1
CTATATAGCAAGAGGG,1
CTATATCATAAAGCCA,1
CTATCCAATTGAGAAA,1
CTATCGACGCGGCTGC,1
CTATCGCCGGAGTTGT,1
CTATGACCAACAGTTA,1
CTATGAGAAGCAGCTC,1
CTATGCAAGCTAATAC,1
CTATGGTAAAAGTTCA,1
CTATTATAATAGTTCT,1
CTATTCGTTAAACTAA,1
CTATTCTCCTTATCCC,1
CTATTGTGCTGGACAG,1
CTATTTATCTACGTGA,1
CTCAACGGACAGGAAA,1
CTCAACTGCTATATGA,1
CTCAATAACTGGACGA,1
CTCAATACAACAATAA,1
CTCAATACCCACCCCT,1
CTCAATCCTTTGGCGT,1
CTCAATTGGTGCACGC,1
CTCACCATGGTAAGAA,1
CTCACTAAGTACCTAC,1
CTCACTCATTGATCGA,1
CTCACTGAGCAAATAC,1
CTCAGACCCAGGTATA,1
CTCAGCATGCTAGCCA,1
CTCATAAGGCAGGTTG,1
CTCCAGTATAAGGTTG,1
CTCCCACAGCCAAATC,1
CTCCCCACAATTAGAG,1
CTCCCTTGTCTTAGGG,1
CTCCGATCCTTCAACA,1
CTCCTCAGCCATAATT,1
CTCGAAAATATAACAC,1
CTCGACGTGCCACGAC,1
CTCGACTAGAAAAGAA,1
CTCGATAATAGAGCAC,1
CTCGCAGGGGGACGGG,1
CTCGCTAAACTAAAGC,1
CTCGCTGATCACGGAC,1
CTCGGATCATAGCATC,1
CTCGGGCACCGTCGAG,1
CTCGGTATTTCCACGG,1
CTCGTAATTCGCAAAA,1
CTCTAATAGTAACTGC,1
CTCTACGAGGACAACT,1
CTCTAGTTATAAGCCT,1
CTCTATCATAGGATCA,1
CTCTATTAATGCAAAA,1
CTCTCATAAATACCCA,1
CTCTGCCATGAAAGCA,1
CTCTGGGAACAGTCAA,1
CTCTGTATAGGAAACA,1
CTCTGTGAGGCATCTC,1
CTCTGTTTAAGAACTG,1
CTCTTAAGACAAACAA,1
CTCTTACCATCACCAC,1
CTCTTCGCAACATAAA,1
CTCTTGAAATTTTACG,1
CTCTTGGGAAACAGAA,1
CTCTTGTTGTCGAATC,1
CTCTTTTAGTCTAAGC,1
CTGAAAAAATCAAACC,1
CTGAAAGCACGGCAAT,1
CTGAAATACTAGATTT,1
CTGAACACCACAATTA,1
CTGAACCGTCAACCCA,1
CTGAACCTGTTCCCCC,1
CTGAAGAATAAAAACT,1
CTGAAGAATGACAAAT,1
CTGAAGAGAAAACAGT,1
CTGACAAAATCAAACA,1
CTGACCCAATTCAACC,1
CTGACCTACCATCCCA,1
CTGACGAGAAAACAAA,1
CTGACTTATTTATTGA,1
CTGAGACTCAGCCTTG,1
CTGAGAGATTGGCGTT,1
CTGAGATATGCCAGGC,1
CTGAGCGTGTAATTGC,1
CTGAGGCTCTTTACCA,1
CTGATAGAAAGCCCTC,1
CTGATATGAAACAATG,1
CTGATGACAGCCTGGG,1
CTGATGATTTTATAAG,1
CTGATTAGTGTGGACT,1
CTGCAAAATGTCTTAA,1
CTGCAGGCCGAATATA,1
CTGCAGTCTCGCACAA,1
CTGCATTTGCATCTGA,1
CTGCCATGATAGAAAC,1
CTGCCATTATGATGGT,1
CTGCGATAGAATCGAA,1
CTGCGCGGTATAGCAT,1
CTGCGGACCAACGATA,1
CTGCTAAAGGGGACGT,1
CTGCTATTGAATAGAT,1
CTGCTCTATAACGATA,1
CTGCTGGAAAATGGGG,1
CTGGAAACTTTTCCAT,1
CTGGACTAACGTTGTC,1
CTGGACTTGAGCTGCC,1
CTGGCAACCGCAAGTA,1
CTGGCCACAGAGAAAC,1
CTGGCGTCCTAAGTGC,1
CTGGCTAATGGCACCA,1
CTGGGAAGCACGCAAA,1
CTGGGGAAACGCAGAA,1
CTGGTAATGATGAAGT,1
CTGGTGCGAGAATGAG,1
CTGTACAACGAGCTCG,1
CTGTACCGACTTACAC,1
CTGTAGAACTTAAAAT,1
CTGTATCAATGGTACT,1
CTGTGACCACAGTTTT,1
CTGTGAGCAGATGAGC,1
CTGTGCATTTTTTCAC,1
CTGTGCTAAGTGGAAT,1
CTGTTACATTATCATG,1
CTGTTACTCTAAGGTT,1
CTGTTGAAACATAAAC,1
CTGTTTACCAATCGGC,1
CTGTTTTTAAAAATAA,1
CTTAAACGGATGAACA,1
CTTAAAGTATGAATTA,1
CTTAAATACCTCCTTT,1
CTTAACCGTCTGTTGA,1
CTTAACTCAGGACTCT,1
CTTAACTCGATAGAAA,1
CTTAAGACAAGATACA,1
CTTAATCATACGTCCC,1
CTTACAAAAAAGGATA,1
CTTACAAGGGACCAAA,1
CTTACACCACAATCTG,1
CTTACAGCGTCCATTA,1
CTTACAGGGAACGTAT,1
CTTACATGAAAGGACT,1
CTTACATGCCCTGAAA,1
CTTACCATAGTAGATC,1
CTTACGTAAATAATCC,1
CTTACTACAATAGCGC,1
CTTAGAAGTGACAAGT,1
CTTAGAATCGGTAGTT,1
CTTAGACCGTGTGTAT,1
CTTAGCTCTTAAATCA,1
CTTAGTAAGCATATTA,1
CTTAGTTAAGACCCCT,1
CTTATCGTTATAATTC,1
CTTATGCCATGGCGCT,1
CTTATTTCTTCGCCCA,1
CTTCAAAACACAAATA,1
CTTCAACCCGATAGAG,1
CTTCAGTGCCCAAAAT,1
CTTCCAAGGCACCAAT,1
CTTCCTTGCGGGAACC,1
CTTCGACAATATCGTG,1
CTTCGATAGCTATAAT,1
CTTCGTAATAACATTC,1
CTTCTATCTATCCACA,1
CTTCTCAAATCCATCC,1
CTTCTCTGTGTTTCGA,1
CTTGAAAATATATGAT,1
CTTGAACGAAGAGATA,1
CTTGACAAAAGTCGAC,1
CTTGACTAATGAAAAT,1
CTTGACTACTAATCTT,1
CTTGATTCACTATAAA,1
CTTGATTCGCGTGCAA,1
CTTGCACCGGCGGGTC,1
CTTGCAGATGTCGACT,1
CTTGCAGGCAAATCAT,1
CTTGCGACGTGTACAA,1
CTTGCTCATTAACCAT,1
CTTGGACAGGGGCCTA,1
CTTGGATAGCACTAAG,1
CTTGGATCTGTTATTT,1
CTTGGTTCATTCTCAC,1
CTTGTAATGGAGAACT,1
CTTGTAGACTAATTAG,1
CTTTAAATAAAAAATT,1
CTTTAAATCGCAACTG,1
CTTTAACGTAAGGAAA,1
CTTTAAGCACACACAG,1
CTTTAATGCCGTATCC,1
CTTTACACAGCCCAAC,1
CTTTACCGTGAGTGCT,1
CTTTACGTCTACATTT,1
CTTTAGAGAAGAAATG,1
CTTTAGGTACAAAATT,1
CTTTCAACGATACTAA,1
CTTTCAAGGCAATAGT,1
CTTTCAATGCTATATA,1
CTTTCACTACACAAAA,1
CTTTCCAACATACCGT,1
CTTTCCGCCAAAAAAA,1
CTTTCCTACTGAAAGG,1
CTTTCTAACTCGCAGC,1
CTTTCTCAAGCGAAAC,1
CTTTGTAAGTGAGCTC,1
CTTTTAATCACTGAGG,1
CTTTTACGACAGCACA,1
CTTTTAGATGATGCAT,1
CTTTTCCAACAGCACA,1
CTTTTCGCCCTTAAAA,1
CTTTTGAGTGACGAAG,1
CTTTTGCTAGCGAAAT,1
GAAAAAACAAATACGC,1
GAAAAAATAACAGGAG,1
GAAAAAATTCGGTGTA,1
GAAAAACAAAACGCCA,1
GAAAAACGATTAACAT,1
GAAAAATTGATATCCT,1
GAAAACAATTATAATG,1
GAAAACACGATAACAA,1
GAAAACCTTAAACGAA,1
GAAAACGAATCGAAAA,1
GAAAACGGAGCTCCCA,1
GAAAACTCTTAAATGA,1
GAAAAGTACCCATCCC,1
GAAAATACTTTCCTGA,1
GAAAATATAGTAGTGA,1
GAAAATGTAAAACACA,1
GAAAATGTGATTTCAA,1
GAAAATTGTTTTAACC,1
GAAAATTTTGTTGTAA,1
GAAACAAAAACGGAAC,1
GAAACAAAAAGTTTAA,1
GAAACACATTCCATTC,1
GAAACATTAGTACAAA,1
GAAACCCCATACAAAA,1
GAAACGTAGGACTATA,1
GAAACGTTAAATAGTA,1
GAAACTAAAATGTGCT,1
GAAACTAAGAAGACCC,1
GAAACTAGTTACACAA,1
GAAACTCTTTTTCGAG,1
GAAAGAAAATAACGGA,1
GAAAGAAAGAACATAG,1
GAAAGAAGTAGGAATT,1
GAAAGACTCAGCACAT,1
GAAAGAGTTGATGAGA,1
GAAAGATACAAATAAC,1
GAAAGCACATTTCCGA,1
GAAAGTAGTGCGCATG,1
GAAAGTATGACAACGG,1
GAAAGTTGATCTTACT,1
GAAAGTTTCGCTATCC,1
GAAATAAAAAACTAGT,1
GAAATAACGGACTCGC,1
GAAATAACTGGTTCTA,1
GAAATACTATTAAGGA,1
GAAATACTGTCAATAA,1
GAAATAGAACGTCTCC,1
GAAATCCATAACTATT,1
GAAATGTGTCCAGAGA,1
GAAATTCCCCATAAAA,1
GAAATTTGTTAACGCG,1
GAACAAACCTTATACA,1
GAACAAATCGATTCCG,1
GAACACTTCGTGGAAA,1
GAACAGATATTCAAAA,1
GAACAGTCGACAACCA,1
GAACATAAACTGCGCA,1
GAACATAAGCGACAGG,1
GAACATACCAATCGAG,1
GAACATCAAAACCCAG,1
GAACATCGAAAAGAAA,1
GAACCAAACTGCCTGC,1
GAACCACCGTGGACAG,1
GAACCATTCTCTTATA,1
GAACCCCTGTAACAAT,1
GAACCCTAAGCACCTT,1
GAACCGTTAGAATGAG,1
GAACCTATGATCGCAA,1
GAACGAAAACGCGCCT,1
GAACGACATTTACCCT,1
GAACGCTGCTACCTCA,1
GAACGGGGCCATGCAG,1
GAACGGTATCCACAAC,1
GAACGTGTGCAGGATC,1
GAACTAAAAACACGAA,1
GAACTAAATCCTTAAT,1
GAACTATCGCAATCGC,1
GAACTCGAAGAATGTT,1
GAACTGTACTGTACAA,1
GAACTGTCCCTGTCAT,1
GAACTTCACATGGGGG,1
GAACTTCGTAATGCAT,1
GAAGAAAAAACGAACA,1
GAAGAAGCCTGCAAAG,1
GAAGAATATCTTCCAT,1
GAAGACGACTTTACCA,1
GAAGACTGGTGTAATG,1
GAAGAGGACTCCAACA,1
GAAGATCGCGTATGTC,1
GAAGCACATCTTTCTC,1
GAAGCAGAAACAATTT,1
GAAGCCTGTCCCCTAA,1
GAAGCGCGAGAAGATA,1
GAAGCGGCACACTATA,1
GAAGGAACTAGTTTCT,1
GAAGGCCTTGAACTAA,1
GAAGGGGAGCAAAAAT,1
GAAGGGTAAGGAATAC,1
GAAGTAATACATCCCC,1
GAAGTATTTCATAGAA,1
GAAGTCAACTTCGAGT,1
GAAGTGTCTAACACTT,1
GAAGTGTCTTGGAGTA,1
GAAGTTAAGAGATTGT,1
GAAGTTATCTTTTTCT,1
GAAGTTTAAAAATTGA,1
GAAGTTTACACGAATA,1
GAATAAAAACCTAAGC,1
GAATAAAATGATAGAT,1
GAATAAATAGAAAAAA,1
GAATAACATGTCCTTG,1
GAATAACGAGCTTGCA,1
GAATACTGGTTCAACC,1
GAATACTGTTTGGATC,1
GAATAGATATATAAGG,1
GAATAGGAGAGAAGGA,1
GAATATGGATGACCTA,1
GAATCAAAATCAATTA,1
GAATCAAAGGCTTTCG,1
GAATCAATAGGCATAT,1
GAATCAATTAACGAGG,1
GAATCACATCATACTC,1
GAATCATGTTGAAGTT,1
GAATCATTAGCACCGG,1
GAATCGCATGCAATAT,1
GAATCGTGTGAAATCC,1
GAATCTAGGCCAAAGA,1
GAATGATAATACAATA,1
GAATGCAACAATCCAC,1
GAATGCGCATAGATGT,1
GAATGCGTTGTGAACA,1
GAATGGGCTTAAATCA,1
GAATGTCTATAACCGC,1
GAATTACATACCAATA,1
GAATTAGAGTTTTATA,1
GAATTCTAAGAAGTTA,1
GAATTCTATGGCAGGC,1
GAATTGAGTTTATGTT,1
GAATTGCCGAATTTCC,1
GAATTTACTGAAGCGA,1
GAATTTGAAAATGACC,1
GAATTTTTGGAATACC,1
GACAAAAAACATCGGA,1
GACAAAAACAACCCCC,1
GACAACATCTGACTAA,1
GACAACGGTGGGCGCT,1
GACAACTGTCCAGAAA,1
GACAAGACAAGCAAAG,1
GACAAGAGTTCCAACC,1
GACAAGCTAACATCAA,1
GACACAAAAAGGGAAA,1
GACACACAGTATACAA,1
GACACACTATGGAAAA,1
GACACATCACTCGTCA,1
GACACCCATTAACCAC,1
GACACCTAGCAAAAGA,1
GACAGATGAGAGACAG,1
GACAGGAACAAAGCTT,1
GACAGTAATTTATGGC,1
GACAGTAGGTCAGTGC,1
GACAGTGTTAAGGTGG,1
GACATAAACCGGAACC,1
GACATAAATAGTACAT,1
GACATAAGGCGCACAC,1
GACATATATGATCTCA,1
GACATCGCACCGTTAT,1
GACATGATAAAGGAGT,1
GACATTTAGAGGGCTG,1
GACCAAATCTTCACCA,1
GACCAACAACAAGCAC,1
GACCAATAGACATAAC,1
GACCAATCTAAATCGA,1
GACCACAGCGCATCGC,1
GACCACATCTGTTACA,1
GACCAGGAAACCGAAA,1
GACCAGTATGCACACA,1
GACCATACTCGAAGAT,1
GACCATGGGGAAGAAA,1
GACCCACTACTATCCA,1
GACCCATTCCCCCTTG,1
GACCCCCCAAATTCAA,1
GACCCGGAAATCCAGA,1
GACCGACTGAATATAG,1
GACCGAGCTAGTTGAC,1
GACCGGTGGTAGCCCA,1
GACCGTAGCCGCAAGG,1
GACCTAATTGCAATCG,1
GACCTATGGAATCACA,1
GACCTCTAATAAATAA,1
GACCTGCATTTAATCA,1
GACCTTATCCACCAGT,1
GACCTTCTCCCGTTCC,1
GACGACTCTTGGTCGG,1
GACGAGAAAACTACAT,1
GACGAGAGATCTCCAA,1
GACGAGCCAAGCCGTG,1
GACGAGCTAAGCGTAC,1
GACGATAAGCGAAAAC,1
GACGCGTATCTGCTCC,1
GACGCTTCACTCACAT,1
GACGGCCATGGAAGTC,1
GACGTAACTGAGCCAT,1
GACTAACACGATCGAA,1
GACTAACGTGATTCCG,1
GACTACCGATGATTTC,1
GACTACCTGCAAGTTG,1
GACTAGCAGTAAGCGG,1
GACTAGCGAATCATAA,1
GACTAGCGCCCCTGTA,1
GACTATTGAAGTAGAA,1
GACTATTGCGAAGGGC,1
GACTATTTACAACAGC,1
GACTCAAAGCTATCGT,1
GACTCAAATATGTAGC,1
GACTCAAGCCCTGTTT,1
GACTCAATATAATCCC,1
GACTCAATGTACAAAG,1
GACTGAACGGCATCAA,1
GACTGAATAACTATGG,1
GACTGCTGAAAAACAA,1
GACTGGTCGACGTCTC,1
GACTGTAAAGAATGAT,1
GACTTAATTAAAGACC,1
GACTTCTAGTTCGCCT,1
GAGAAAAATTTTAGGA,1
GAGAAAACACAGTGCA,1
GAGAAAACCATACGAT,1
GAGAACAGCTCGATAC,1
GAGAACGAAGGTACAT,1
GAGAACGAGAAAATAC,1
GAGAAGCTATGATTGT,1
GAGAATTAAAAAACGT,1
GAGACACCCGAACGAA,1
GAGACAGCAGTCCAGA,1
GAGACCAAATAGAAAT,1
GAGACCTAGAATCTAT,1
GAGACGGGCAAACGCG,1
GAGACGGTAACAAATT,1
GAGACGTACCGGGCGA,1
GAGACTAGAGCCGGAA,1
GAGACTGTAAATTACC,1
GAGAGAAAAGATGGGC,1
GAGAGAAATAACAGGA,1
GAGAGAATATCAATAT,1
GAGAGGAGCAAATATA,1
GAGAGGGCTAGATCGA,1
GAGAGGTTGCTCCTCG,1
GAGAGTTAGGACATTG,1
GAGATACAATGTGCAA,1
GAGATACCAGATCCTA,1
GAGATAGCCTTAACTC,1
GAGATATATCAACCCC,1
GAGATCAAAAGACGAA,1
GAGATCAGATCAAAAC,1
GAGATCTACAATGTCA,1
GAGATCTACCCTGCTA,1
GAGATGAAGACGAAAA,1
GAGATGCAACACGAAA,1
GAGATGGGCAATTCAA,1
GAGATTAAGAACTCAA,1
GAGATTTTGGCTCACC,1
GAGCAATAAGCCAGGA,1
GAGCAATACAATCATG,1
GAGCAATGGTTATCCG,1
GAGCAATTGTCTAGAG,1
GAGCACACCGTTGCTA,1
GAGCACATGATATACA,1
GAGCACCGTGGAAATT,1
GAGCAGCAATTGTATG,1
GAGCAGCGGGTCCTCA,1
GAGCCACTGGATCCTT,1
GAGCCATCTTACTTGT,1
GAGCCCACAACTGCGT,1
GAGCCCTCATAATGAA,1
GAGCCTAGGACAAATA,1
GAGCCTCCCTAAAAGA,1
GAGCGAATCATAAATC,1
GAGCGACCATATCCAC,1
GAGCGACGCCTAAGAT,1
GAGCGTAAACGCGCGA,1
GAGCGTCGACAATATA,1
GAGCGTTAGGCTACTG,1
GAGCTAACTTAGTAAT,1
GAGCTATTCGTGTAAA,1
GAGCTCGTTGAGTTTA,1
GAGCTGATGGAAGCTA,1
GAGGAACTATGTTGTA,1
GAGGATTGTACAGCTT,1
GAGGCACATCCAGCAA,1
GAGGCCACCACCTCCT,1
GAGGCCAGTTACTACC,1
GAGGCGCTACACAAAG,1
GAGGCTTAACTCACAA,1
GAGGGCGGACATTAAC,1
GAGGGTAGAACGCCAA,1
GAGGGTTGTAATTAAT,1
GAGTAAATACGCCCGG,1
GAGTAACAACCAGTAG,1
GAGTAAGAGAACCTAC,1
GAGTAAGGGACATATA,1
GAGTACAAAGCACCGT,1
GAGTACAGGTCCCTAA,1
GAGTACCATCCGGGTT,1
GAGTATACCCATTCAG,1
GAGTATCCCACATCAC,1
GAGTCAACGCTCGAGG,1
GAGTCACATGGGGAGA,1
GAGTCAGAACACTTAA,1
GAGTCCGAAGAATTTG,1
GAGTCTCATACTATTG,1
GAGTGACACGCCCGGC,1
GAGTGAGACGTAATCT,1
GAGTGCAAGATCACAC,1
GAGTTCCCGGAACAAA,1
GAGTTGAGCCAATCTG,1
GAGTTGATTTCATTAG,1
GATAAAAAACGCGTGG,1
GATAAAATATTACATC,1
GATAAATAACAAGATT,1
GATAAATCTATAATCA,1
GATAACACACTGTTTA,1
GATAACAGAAAATTGC,1
GATAACATAGGGTACT,1
GATAAGATACAGAATA,1
GATAAGATAGTTGTTT,1
GATAAGCACACCCTAC,1
GATAAGCACGAAAAAA,1
GATAAGGGGTACCCAG,1
GATAAGTTGTGAGCCA,1
GATAATCACACGAGAC,1
GATAATCCCTAATCGA,1
GATAATGTAACCAGCT,1
GATAATTCTCTCAAGT,1
GATACCGGTTCGAAAG,1
GATACCTAGTCTACAA,1
GATACGTACGCATAGT,1
GATACTCAGTCACTTA,1
GATAGATCAATTGGTT,1
GATAGCACCCGCGCGT,1
GATAGCACGTACGGTT,1
GATAGCCATACTTTAT,1
GATAGCGACCAATCAG,1
GATAGCTTAGCCCTTG,1
GATAGTATACCCAATA,1
GATATACCTCGATGAA,1
GATATAGAGGAGCAGA,1
GATATATGGAATAGGC,1
GATATCTACTTATCCG,1
GATATCTGTTATTATA,1
GATATTACTACCGAGA,1
GATATTTATCGCGTGT,1
GATATTTGAGATCACG,1
GATCAAAGAGTAGGTA,1
GATCACCGTCTTCCTG,1
GATCAGAACGTAGGAA,1
GATCAGAGGCTGCCCA,1
GATCAGATACTTTGAC,1
GATCAGATTTATAAAA,1
GATCATCGAAAGATTA,1
GATCATTTAAAGAGGC,1
GATCCAACAATGTAGG,1
GATCCCAGCGCCAGGA,1
GATCCCGGCTCACCGT,1
GATCCGACTGCCCTTA,1
GATCCGATTGAGGCCT,1
GATCCGTTGCGCTAAT,1
GATCCTTACTTCAACT,1
GATCGAATGCCCGTGC,1
GATCGACGTTGCAGAG,1
GATCGCAGAAAGATTT,1
GATCTAGACTGTTACT,1
GATCTTAGCATATACG,1
GATCTTATTGAATCTT,1
GATGAAAGTGTCGAGT,1
GATGACTGAAAGTTAT,1
GATGAGGCTCTTTAAG,1
GATGAGTAAACCAAGA,1
GATGATAAGACTCTGC,1
GATGATGTTATACCAA,1
GATGATTATTCGGCAG,1
GATGCAAGAATAATTT,1
GATGCCTAAATCATGG,1
GATGCTACCACAATTG,1
GATGCTATAGGCCAAT,1
GATGGAAGCGATATCT,1
GATGGAAGCTCGAACT,1
GATGGATATAAACTAG,1
GATGGCTACAGGACAA,1
GATGGGTGAACCCAAA,1
GATGGTTGTTTGTAAA,1
GATGTAAAAAAAAAGG,1
GATGTAACTTCATAAA,1
GATGTAATACGGAACT,1
GATGTCCCAGAGCCGA,1
GATGTGACTACAAACC,1
GATGTTACTACATATA,1
GATGTTAGTGGCCTTG,1
GATGTTAGTTTGAATG,1
GATGTTCAAACTATGT,1
GATTAAAGCTGTGAGG,1
GATTAACATTTGCCCG,1
GATTAACGCTCTGCTT,1
GATTACCCGTCATGGG,1
GATTAGAATAGATGCA,1
GATTAGTCCAAGTGTC,1
GATTATAAAGATAAGA,1
GATTATATATTACCAG,1
GATTATGAGTTAATTA,1
GATTATGCAGCGAATC,1
GATTCACACCTTCTTC,1
GATTCAGCGATACCCA,1
GATTCATTGAAGACAT,1
GATTCCCACAAAACTG,1
GATTCGAGTCAATAAT,1
GATTCTTACATACCCA,1
GATTGAAATATATCTC,1
GATTGCGAAAGTCGTT,1
GATTGGATTGTGGATG,1
GATTGTACGGATGACA,1
GATTGTTGCTAATTGT,1
GATTTATGCAAAATCG,1
GATTTATTACGCTCCA,1
GATTTGATTGAATATC,1
GATTTTAAATACAGAA,1
GCAAAAAAGAACTTAA,1
GCAAAAACGTACCACA,1
GCAAAAGCGCAAACTG,1
GCAAAAGGCGGCCGGC,1
GCAAACTAAGCTAATC,1
GCAAACTTAAGACATA,1
GCAAAGACCCCACAAT,1
GCAAATAAATCAAGAT,1
GCAAATATATAGAGAT,1
GCAAATGCAATAAGAC,1
GCAACAACGAAGTGTA,1
GCAACAGTCCATATTT,1
GCAACATATTGAAAGA,1
GCAACCTCACAAAAAG,1
GCAACGGATAGCCAAA,1
GCAACGTAGCTTAGCT,1
GCAACTCAAAAAAGGA,1
GCAAGCGTGTTCAATA,1
GCAAGCTTAGTACCGA,1
GCAAGTGAATAACTAA,1
GCAAGTGTTCTAAGCT,1
GCAATAACACCCGATA,1
GCAATAGTTCCGACGT,1
GCAATATCACAGCACT,1
GCAATCATCCCAATAA,1
GCAATCGCAGATTATA,1
GCAATCTAGCCAGAGG,1
GCAATGGAGAAATAGC,1
GCAATTGGCGATTTTA,1
GCAATTTCTAAAACAA,1
GCACAAAAATGTAATA,1
GCACAAATAATACTCT,1
GCACAACAGCCATTTA,1
GCACAATACAGAAATT,1
GCACACACGAGAAGTG,1
GCACACGCAGCTGGAT,1
GCACAGGTCGCAGTAT,1
GCACATATATAATTAG,1
GCACCAAAGGATACAC,1
GCACCAAGACACATCA,1
GCACCAGCAAATAACT,1
GCACCCCCAGTCACTA,1
GCACCTTATAAATCGG,1
GCACGAATGGTATCGA,1
GCACGCTAGAGTGTCC,1
GCACGGGCAACAGAAG,1
GCACGTAAAAAAAATC,1
GCACGTCCGCCTCGTG,1
GCACTAAGTAGTCATT,1
GCACTACTAAGTCGTT,1
GCACTACTCATCTAAT,1
GCACTAGGAATCGAAA,1
GCACTATAAGCATTCC,1
GCACTATTACATAGTG,1
GCACTTACTATTAGGT,1
GCACTTCGTCTTATGA,1
GCACTTTGACTACTGG,1
GCAGAAAATAGTAGAC,1
GCAGAAAATGATAAAG,1
GCAGAAACAAAAACGG,1
GCAGAAACGGACAGAG,1
GCAGAAAGTGGTTAAA,1
GCAGAAGGGTTGACAG,1
GCAGAATAACTCCTGG,1
GCAGAATACTTGATAC,1
GCAGCATATTAGTATA,1
GCAGCATGATTTAGGA,1
GCAGCCCGAATCCATC,1
GCAGCCGCAACACACC,1
GCAGCTAACCTCTATG,1
GCAGGAAAGTCCTATT,1
GCAGGAACTCTTCTCG,1
GCAGGAATATAATAGC,1
GCAGTAACATACCATT,1
GCAGTAATGGTCAAAA,1
GCAGTAGTAACCAAAT,1
GCAGTCATATGAAGCT,1
GCAGTTTGAGATGGAA,1
GCATAAAAAAATATGA,1
GCATAATATAAACCGG,1
GCATACCAAAACAAAT,1
GCATAGATAGAGATGG,1
GCATATGTTAATTGAT,1
GCATCAGACCTTTGGC,1
GCATCATACCCAAACG,1
GCATCCAAAGGCATAT,1
GCATCCACGATTTAGA,1
GCATCCCTAACCGTCA,1
GCATCGAATCTGGACG,1
GCATCGACCGTATATT,1
GCATCGGATATCGCAA,1
GCATGAAATTAGTTCA,1
GCATGAGAACCCGATA,1
GCATGAGTCTGAAATA,1
GCATGCGTGTAAACGG,1
GCATGGACTAACGGTA,1
GCATGTACCCTTCTAC,1
GCATTAGTGCAATCGA,1
GCATTGATCATCTTCT,1
GCCAAAACATTACTCT,1
GCCAACAATGAGGCCA,1
GCCAACATGAAGCCCT,1
GCCAACCTGCTATAAA,1
GCCAACTAATCACGAC,1
GCCAAGAGTTTGGAAG,1
GCCACAACATTACTTG,1
GCCACGGAGTTACACG,1
GCCACTACAGACGTGT,1
GCCACTATCGGATAAC,1
GCCAGAATAAATTCGT,1
GCCAGACAGACATACT,1
GCCAGATTAAATCACA,1
GCCAGCTGGGCTGCAT,1
GCCAGGGGGGCAGTTA,1
GCCAGGTGCGATACCC,1
GCCAGTTATAAAGGCA,1
GCCAGTTTCAGTACAT,1
GCCATATTACCAAAAT,1
GCCCAAAAGAATAATG,1
GCCCACATTCCATCCC,1
GCCCAGGACCGATAAA,1
GCCCATCGTCACGAGG,1
GCCCCCCAAACATGGC,1
GCCCCCCATCCTGCTT,1
GCCCCTTACTTATTAC,1
GCCCCTTGCGTGGGTG,1
GCCCGGAAAAATGGTC,1
GCCCGGATAATAAATG,1
GCCCGTACTGGACAAA,1
GCCCTAAAATACTACT,1
GCCCTAAATTGCCAGT,1
GCCCTGCAACCGCGAG,1
GCCGAATAACTTTAGG,1
GCCGACCTCTCGTTTC,1
GCCGCTATACACAGGG,1
GCCGGATAAAAAATAA,1
GCCGGCATAACCACCA,1
GCCGGTATCCAAACAC,1
GCCGTAAGGTTTATCC,1
GCCGTAATGTGCTCCA,1
GCCGTGTTCCATTAAC,1
GCCTAACATGTAAAAT,1
GCCTAAGATAGATAGA,1
GCCTAATCACTGACCG,1
GCCTAATGAATTAAAT,1
GCCTACACAGACAGGA,1
GCCTCCTAAGTTAGAT,1
GCCTCTCTGCTAACAA,1
GCCTGACGACTTAACA,1
GCCTGATACCCAAACG,1
GCCTGCTGTCACGCGG,1
GCCTGGGTTAGAGAGT,1
GCCTTAAACAAAGACT,1
GCCTTAACCAACAATC,1
GCCTTAATACCAACGC,1
GCCTTAATGTGAACAT,1
GCCTTACCTATGCATA,1
GCCTTATAGCAGCGTT,1
GCCTTCCCTTGAGTAA,1
GCGAAACCAATCGCGA,1
GCGAACAAAACACAAA,1
GCGAACCCCTCACCCT,1
GCGAAGTAGCCTACTC,1
GCGAATACCCGACAAG,1
GCGAATAGTGACGGTA,1
GCGAATGTATAGAAGG,1
GCGAATTCTTAACAAG,1
GCGACGATCGAGTTAG,1
GCGAGGAGAGGAAAAA,1
GCGAGGCAGGTGAACA,1
GCGAGGCCCATACGTT,1
GCGAGTTGCCCAAAAC,1
GCGATAAAACACATTT,1
GCGATAGCAGCTCGTG,1
GCGATATAGGGTAAAC,1
GCGATCCACAAAATAC,1
GCGATCTCCTTAACTG,1
GCGATGTGAATGTATA,1
GCGCACAAATTACAAA,1
GCGCAGTCGTAAGAAA,1
GCGCCCTAGAGCTGGT,1
GCGCCGCTAAACTATA,1
GCGCGGAAAAATAATA,1
GCGCGGGCTTTCCCGC,1
GCGCGTACGGCTAATA,1
GCGCGTATCCACACCG,1
GCGCTACTGAATCTAC,1
GCGCTATAACTTTTAA,1
GCGCTATCCAAAAAGA,1
GCGCTTGAATATACCA,1
GCGGCACAGCAAATAA,1
GCGGCCACCATAATAA,1
GCGGCGGGGACCAAGG,1
GCGGTAAAATATATCA,1
GCGGTAATCAATAGAC,1
GCGGTACCAACTCCCG,1
GCGGTGATTTTCGCGG,1
GCGGTGTCATCGTTAG,1
GCGTAAACTCAGTTTA,1
GCGTAAAGTAAACGCA,1
GCGTAAGGATTTAAAT,1
GCGTACAAAGTCTGTG,1
GCGTAGAGCACTTCCC,1
GCGTCACAAGAGTTTA,1
GCGTCCGAGAGACTGG,1
GCGTCGAAACAGTGCC,1
GCGTGGGATCAGGGAA,1
GCGTGTATAATACAAT,1
GCTAAAACACGGACCC,1
GCTAAAACCAATTAGA,1
GCTAAAAGACACCACC,1
GCTAAAGTCTGGGCCT,1
GCTAACAAAGCTAATC,1
GCTAACAGAACATATT,1
GCTAACCTTTAAAAAA,1
GCTAAGATACGAACAC,1
GCTAAGTTACATCGTT,1
GCTACGATAATCAAAA,1
GCTACGGCACCTAAAA,1
GCTAGCGAACCGGCAT,1
GCTAGGAGACTTACCC,1
GCTAGTCAGACACAGA,1
GCTATAACTACACAAG,1
GCTATAATAACAATAC,1
GCTATCGTGGATCGCG,1
GCTATGATAAGAATAA,1
GCTATGCAAGCCATTC,1
GCTATGTGAACATACA,1
GCTATTGTACACCCAT,1
GCTCAAATCATATTGT,1
GCTCAATATTGAGTAT,1
GCTCACAAAATGAATA,1
GCTCACGATACATAAA,1
GCTCACGGAAAACAAA,1
GCTCAGAGTTCAGATA,1
GCTCATAAGAACGTCT,1
GCTCCAAACGCGACAA,1
GCTCCAATGCATGAAT,1
GCTCCACTCACATTCA,1
GCTCCGCCTAAGATTT,1
GCTCCTTATATTTAGA,1
GCTCGTAGATCTAGTC,1
GCTCTAGTTTGACTCA,1
GCTCTTAATATTAGAC,1
GCTCTTATAAAAATTA,1
GCTCTTGAGTTGGCCC,1
GCTGAGACAGAGTGTT,1
GCTGCAAATGGGGGAA,1
GCTGCCCCAAAAGTTC,1
GCTGCGCGTGCAGTAA,1
GCTGGAATAGAACATG,1
GCTGGAGGTAATCTTT,1
GCTGGGCAAGCTGAGC,1
GCTGTATGAACATTAA,1
GCTTAATACAAATCCC,1
GCTTACAACAAAGGCT,1
GCTTACCATCACGGAC,1
GCTTACCCGTATACCC,1
GCTTATACCAATCAGA,1
GCTTATATCCCTTTAC,1
GCTTCAGCTAAGTAAT,1
GCTTCCCTTCATAAAA,1
GCTTCGACAATAACGG,1
GCTTGAATCTCCGTTA,1
GCTTTACCTTTACGTT,1
GCTTTCAAGCCATCTT,1
GCTTTGCAAAAAGTTC,1
GGAAAAATACAGAGAA,1
GGAAACCCAATAATAA,1
GGAAACCCCTCGCAAC,1
GGAAACGAAGAACGCA,1
GGAAACTTTGTATATA,1
GGAAAGCAAGAGTTCA,1
GGAAAGTGTTGAAATA,1
GGAAATACAAAGATAC,1
GGAAATAGACTACAGA,1
GGAAATCTGTGAAGTT,1
GGAAATCTTAGTTGCA,1
GGAACAATACTCAGTC,1
GGAACAATGGGCGATT,1
GGAACATCCTTACCTG,1
GGAACTAGCAAATGAA,1
GGAACTTCCCAAATAT,1
GGAAGATTTGATGGCC,1
GGAAGCCATCAAAGGT,1
GGAATATGGTGCGAGC,1
GGAATATTTTCATAAT,1
GGAATCGCGTCACACC,1
GGAATCTAATTGCTCA,1
GGAATCTTGAATGACA,1
GGAATGGCTCCATTCA,1
GGAATTCCGCTTATCT,1
GGACAACTACCCGAAA,1
GGACAAGAACAACGGA,1
GGACAATCCCTAAACA,1
GGACACAGGAATCATT,1
GGACACATATTCGGAA,1
GGACACTCACCCTAAA,1
GGACATTCATTTAGTT,1
GGACATTTTAAAATAT,1
GGACCATAGCACTCTA,1
GGACCGTTTGACCGAC,1
GGACCTCACTGATTCG,1
GGACCTTATTTATGAA,1
GGACGGAAGGTCGCAA,1
GGACTATGCTTTCTAG,1
GGACTCAAACGAATCA,1
GGACTCCGGCTGTCGC,1
GGACTCTGGCTCTGCT,1
GGACTTCATAATGGCT,1
GGACTTTAGCATCGAA,1
GGAGAACGAATCTCGG,1
GGAGAATTAAAAGTAG,1
GGAGAGTCGGGAAAGA,1
GGAGATAAAATGACGT,1
GGAGCAAACAAGTACT,1
GGAGCCAATGTGCTGA,1
GGAGCCTGTGTATGAA,1
GGAGCGAAATACATAC,1
GGAGCGCGAAACTAAT,1
GGAGGGGCATGTAAAT,1
GGAGTAAAACCTTATA,1
GGATAAAGTAGTACCA,1
GGATAACACAAATTAC,1
GGATACTGAAGCAAAA,1
GGATACTGTGTATTGC,1
GGATAGCCGCTGAACT,1
GGATATTGCCCTAGAT,1
GGATCAAAGTACAATC,1
GGATCATTCCTGTAAT,1
GGATCCCATTCTAGTA,1
GGATCTAAAAGAGAAC,1
GGATCTTAGCGTTCCA,1
GGATGAAAAATTACTT,1
GGATGTGACACATATG,1
GGATTAATGACGATAA,1
GGATTATAGAGGAGGC,1
GGATTGTAATCGAAAA,1
GGATTTAGTCAAATGG,1
GGCAAAAAAAGGGCGA,1
GGCAAAACCCCTGCAG,1
GGCAAAATACGTTTAC,1
GGCAAAGTACTACTAT,1
GGCAAAGTGAAAAAAC,1
GGCAACGTTTTAATGA,1
GGCAATCATAATTAAC,1
GGCACATGGCAGGGAG,1
GGCACCTGGAGTACAT,1
GGCACGCTAATGTAAG,1
GGCACGTTTTTTAACC,1
GGCACTATAACAACCA,1
GGCAGACTGCTTATGA,1
GGCAGCACTTAAAATT,1
GGCAGCAGTAAGAATT,1
GGCAGCCCCTAGCATG,1
GGCATAGAATAGGCAC,1
GGCATATAAATGCCTA,1
GGCATTCCAAGAAAAT,1
GGCATTCTGAAAGAAA,1
GGCATTTCAGAAAAGA,1
GGCCAATTTCACGTGT,1
GGCCATAAGCCCCCTA,1
GGCCATAAGCTGCGTT,1
GGCCATCTGCTCTTTA,1
GGCCCAGTCTGTTTCT,1
GGCCCGCCACTTACCT,1
GGCCTCGGTATCTAAA,1
GGCCTGGAAGTTCATA,1
GGCGAGGATAGAGTAC,1
GGCGCACATCGGCAAC,1
GGCGCCCAAGATTCCC,1
GGCGCCCCTGAACTTT,1
GGCGCGAAAAAACTTT,1
GGCGCTCTGGTGGGTG,1
GGCGGATGGTGATTAT,1
GGCGGTATCTTAGTCC,1
GGCGTCGAAGAACATC,1
GGCGTTACTCGCTCAG,1
GGCGTTCATGTGTGGG,1
GGCTAATATAAACTTC,1
GGCTAATTAATTTCGG,1
GGCTCCAAAACACTTT,1
GGCTCTCCGCCCAGTC,1
GGCTGAAGACCGCCAA,1
GGCTGACAGTATACTG,1
GGCTGACCACACTAAA,1
GGCTTCGCATCAAACT,1
GGCTTCTCTGTCAAAA,1
GGCTTTAAAATACTGT,1
GGCTTTACTTTACCAA,1
GGGAAAATGCAAAGAC,1
GGGACAAATGAAAGAG,1
GGGACAACTGAGCCAT,1
GGGACGGCACCGTTCA,1
GGGAGAACGTTGAATA,1
GGGAGATGTGCCACTG,1
GGGATTTTGGAATGAT,1
GGGCAGAGTACCAGGT,1
GGGCCCATCTTCCGAC,1
GGGCCGTCTTGAATGT,1
GGGCCTTTAAAAGGGG,1
GGGCGACCTAACAATA,1
GGGCGCTCATAAGAAT,1
GGGCGTGATATTACCA,1
GGGCGTGTCTCGCCGC,1
GGGCTGCTGCACGAAT,1
GGGCTTTATAATGTAA,1
GGGGACGGACCCCGAT,1
GGGGATACACACTGTA,1
GGGGCAATTCAAATGT,1
GGGGCATCCGTACAAT,1
GGGGCCTCACACATAT,1
GGGGTCCCGAAGGCAA,1
GGGGTCCTGAATGTAA,1
GGGTAAAGCAATCACA,1
GGGTAAGAATTTAGGG,1
GGGTACACGAGATTGT,1
GGGTACGAACGTCACG,1
GGGTCAACCGCTATTG,1
GGGTCGAGATAACACA,1
GGGTGATTGCAAAACA,1
GGGTTCTTACGATAGT,1
GGTAAACCTACCTAAT,1
GGTAACAAATCGCCCT,1
GGTAACCGCTTCATAG,1
GGTAACGTGGTATACG,1
GGTAATAGCTACCAAT,1
GGTAATGACAACCATA,1
GGTAATGACCTCTTCA,1
GGTAATGTAAAAAAGC,1
GGTAATTATAAGATTC,1
GGTACATGTCATGATA,1
GGTAGACGGCGACCCT,1
GGTAGAGTGAAGATCG,1
GGTATACTGAATTGTT,1
GGTATACTTTCAATGT,1
GGTATCAATAAGTAAT,1
GGTATCCATCAAGCCC,1
GGTATGCTAGCCTGGT,1
GGTCAAGATTGACATC,1
GGTCAGCAAGTGTAAG,1
GGTCATGAAATAGCAG,1
GGTCCCTACCCTTCAC,1
GGTCCCTTTATTGCCA,1
GGTCGAAACAACTGTG,1
GGTCGCCAGTGCACGA,1
GGTGAACATAATCAAA,1
GGTGAGGAAAACAGAG,1
GGTGATTATCGCAGCC,1
GGTGGGTGAGCTGCGG,1
GGTGTAAAGATGAGGA,1
GGTTAAATGACTGTAG,1
GGTTAACATAACTAAT,1
GGTTAATGATCACGAG,1
GGTTACTAATCAGCCA,1
GGTTAGAAAGTAAACA,1
GGTTATACCCTATTAG,1
GGTTCACGCAGGCAGT,1
GGTTGATCGACCTACA,1
GGTTGATGAAATACGG,1
GGTTGTAAGACACGTC,1
GGTTTCCAGCACACTA,1
GGTTTTTGTTTAACCA,1
GTAAAAAAATATGAAT,1
GTAAAAAATGACAAAG,1
GTAAAACCATGATCGG,1
GTAAAGGCTTGGGATG,1
GTAAATGAGCCTCGTA,1
GTAAATGCGGATGACC,1
GTAAATGGACATCTAT,1
GTAACACCTAGGAAAT,1
GTAACACTACTTCCAA,1
GTAACCATGTCTAACG,1
GTAACCCTACGACGAG,1
GTAACGAATACTCTAA,1
GTAACGATCAGGATTG,1
GTAACTGTAGACAGAG,1
GTAAGAACAGCTGGAT,1
GTAAGAATTCAGAAAA,1
GTAAGAATTTATGAAG,1
GTAAGGCCTGTACAAT,1
GTAAGGGTTACGTCAG,1
GTAAGTCACAGAATTG,1
GTAATAACACCCATGA,1
GTAATACGACACAATA,1
GTAATACTGATCTTAC,1
GTAATACTGTAATATT,1
GTAATATAAACTCTAA,1
GTAATCAAAACGAGAT,1
GTAATTAATTACCGGG,1
GTAATTCCGACGTGGT,1
GTACAAAACCCTACTG,1
GTACAAAATCCAGCAG,1
GTACAAACTCTTACGT,1
GTACACCCCCACTACC,1
GTACACCTGGTTGAAT,1
GTACAGCAGCAAGACT,1
GTACAGCCCATCAAAG,1
GTACATAATCGGCTGC,1
GTACCATATCATGTAG,1
GTACCCCAATATAAAG,1
GTACCGGCAAATACAA,1
GTACCTAAAACAGAAC,1
GTACGATAAAACACGC,1
GTACGATCAAACTATC,1
GTACGGCTTGAAAAGT,1
GTACGGTTTATAGTTC,1
GTACTACTTAATGTAA,1
GTACTATATGTCTACG,1
GTACTATCATACAGTT,1
GTACTATGAATTGCAT,1
GTACTATGAGTTTACT,1
GTAGAACTCTAGAAGG,1
GTAGAATGTATCGCGT,1
GTAGACCTATTTGAAG,1
GTAGAGCCGATAAAGT,1
GTAGATCGTGTTATAG,1
GTAGATGCCTCCATCT,1
GTAGCAAGTGAACCAA,1
GTAGCACGTCAGGTAC,1
GTAGCCATACGACATT,1
GTAGCGAATACCAAAC,1
GTAGGAATTAGTACTA,1
GTAGGCGAGATAACGG,1
GTAGGCTCATCATTCA,1
GTAGGGCGGAGTGATT,1
GTAGGGGACTACACTT,1
GTAGGTATATGAATTT,1
GTAGGTATTAAGAGTA,1
GTAGTAAACTTGGTAA,1
GTAGTAGGAGCACAAC,1
GTAGTCGGATAAACGA,1
GTAGTCTCTCCTTAAA,1
GTAGTGCAGACCACAT,1
GTAGTTAATCCAGACC,1
GTATAAGCGCTTTAGA,1
GTATAATAAGTCAAAA,1
GTATAATCATTTTGCG,1
GTATAATCTTCTAAAG,1
GTATACTCACCGTAAA,1
GTATAGATACTTGTAT,1
GTATAGGAGAAGACTC,1
GTATCAAGACTTCACT,1
GTATCAATTGATAGTA,1
GTATCAGATACTAGAA,1
GTATCCATAGCTCTAA,1
GTATCCTGTTACGTAT,1
GTATCGCTTGGAACCG,1
GTATCTCCATAGCATA,1
GTATCTGATAGTTACC,1
GTATCTTCCGATTCAA,1
GTATGATACTTCTGAA,1
GTATGGTCACATAAAT,1
GTATGTCAAGTACACA,1
GTATGTCGACAACTAA,1
GTATTAAATACCGTAC,1
GTATTAATCCCTAAGC,1
GTATTAATCGCGAAAC,1
GTATTAGAAACGAAAA,1
GTATTAGTAGGAATTA,1
GTATTCGAGGATCCAA,1
GTATTTAGCAACAGTC,1
GTCAAAACGACAAAAT,1
GTCAAAGATTACTCGT,1
GTCAAATTATACAATC,1
GTCAACTATGAACTAT,1
GTCAAGCGTTGCATGT,1
GTCAAGGCTTCGAAAG,1
GTCAATAATCGTGAAA,1
GTCAATATGTTATGAA,1
GTCAATTTCCGTATAG,1
GTCAATTTTAAAAGGT,1
GTCACAAATTGTGGAT,1
GTCACCCCCGACTAAA,1
GTCACGTTCAATGCAG,1
GTCACTTGAAAATTGT,1
GTCAGAGTGCCCAATA,1
GTCAGGCGTTTTAACC,1
GTCAGTCGATCCATTT,1
GTCATAATCCATAAAT,1
GTCATCTCTTATAATC,1
GTCATGCTTTCATCAC,1
GTCCAACAAATTTAAA,1
GTCCAACGGTGAAAAA,1
GTCCAAGGCACCACCC,1
GTCCAATTTTGGTCCT,1
GTCCACAAAAATGCTT,1
GTCCACAAGTCACTAT,1
GTCCACTGAGAGTAAA,1
GTCCAGCTCCAGAGTG,1
GTCCATATAGAGAAAA,1
GTCCATATCTTAGCTT,1
GTCCATTTTTTGGCGT,1
GTCCCAATCGACGATG,1
GTCCCTACCATAGGCA,1
GTCCGAAGACAAATCA,1
GTCCGCATATAGCTGT,1
GTCCGCCCTATTTTGG,1
GTCCTATCTATTTGAG,1
GTCCTGAGCCAAATAG,1
GTCGAAAGATTATGCT,1
GTCGAATTGATGAGAA,1
GTCGATACGTAATGTG,1
GTCGCAATTCAACTGT,1
GTCGCTAAAGTCACCC,1
GTCGGAGCAAAGGGCA,1
GTCGGTAAACCTTAAC,1
GTCGGTGCCAAATATC,1
GTCGTCGGAACACGAT,1
GTCGTCGTTCATACAA,1
GTCGTTAAAATAAAAA,1
GTCGTTGTACTCAGTT,1
GTCTAACCCCCACAAC,1
GTCTACATCGTATCAG,1
GTCTCAGCACGTCCGA,1
GTCTCGCGGAAGGCAT,1
GTCTCTCAAACCTAAG,1
GTCTCTGTATCTGCGG,1
GTCTGGGCCGAGTCAT,1
GTCTTACCTTTTTACC,1
GTGAAAAATAATTGCC,1
GTGAAATAACTAAAAA,1
GTGAACAGCTCTGATA,1
GTGAAGAATCAAACAA,1
GTGAATGTAGTTCTTT,1
GTGAATTACTCTGTCA,1
GTGACAAGGTAAATAA,1
GTGACAATCGAGAGTA,1
GTGACATGGTACTACC,1
GTGACGACGGACGAAC,1
GTGACTCTAATCAATC,1
GTGAGAATTCATCAAA,1
GTGATAGGTGGATTAA,1
GTGATCATTAGATGTA,1
GTGATCTGTACACGAC,1
GTGATGATTCCTCGCG,1
GTGATTAGACATCAAT,1
GTGCAGTGCGCAAACA,1
GTGCCATGATATACAA,1
GTGCCATTCTATACCT,1
GTGCCCCCTACATCAT,1
GTGCGCCTACTTAGAC,1
GTGCTAAGAATTTTAA,1
GTGCTTGTGGCAGTGG,1
GTGCTTTTCGTGAGAC,1
GTGGAAAAAATACGCA,1
GTGGAAATTCTCGTAG,1
GTGGAATTAGGAAGGA,1
GTGGATTAAAACTAAA,1
GTGGCCACATCTCCAC,1
GTGGTGGATTGGCTGA,1
GTGTACATACCAATAC,1
GTGTACCTATAACTAG,1
GTGTACGTACGTACGC,1
GTGTACGTTTCATCTA,1
GTGTAGGTGATGAGAA,1
GTGTCAAATTTTATGA,1
GTGTCAGTGCCATAAC,1
GTGTCCCGCCAGCGCC,1
GTGTCGTAAGCTAATA,1
GTGTCTTAAGAATAGT,1
GTGTTACAATAATGAT,1
GTGTTACCAACCACTG,1
GTGTTATCCATCTTTA,1
GTGTTGTCCAAACCGA,1
GTGTTTAACGCACACA,1
GTGTTTTAATAAGAAT,1
GTTAAAAAAACGGGTG,1
GTTAAACTGGACCACC,1
GTTAAAGGACCTTATC,1
GTTAAATACTAAAGTA,1
GTTAAATTACGTATAG,1
GTTAACCAATATGCAA,1
GTTAACCACAGTGTGG,1
GTTAACTCTCTCAAAA,1
GTTACAGTAGATGTAG,1
GTTACAGTGCCCGGTA,1
GTTACATTGAAACCCA,1
GTTACCTGAGACGCCA,1
GTTAGAAATGACATAA,1
GTTAGCATTTTGCAAA,1
GTTAGCCCCGCCTGTA,1
GTTAGCGAAACAGTGT,1
GTTAGGAGACCCGAAC,1
GTTATACAAGACATTG,1
GTTATATAAACGCAAT,1
GTTATATTTTGATAAC,1
GTTATGAATGTGGCAA,1
GTTATTTTTTCCAAAT,1
GTTCAACACTAGGTAA,1
GTTCAGAGGCTAATCG,1
GTTCATACTTTGAGAC,1
GTTCATCAAGCGATTG,1
GTTCCCAAGATGAACT,1
GTTCCCGGAATAAACT,1
GTTCCCGGCTTAAACA,1
GTTCGAAGCTTATAGT,1
GTTCGGGCAATATAGT,1
GTTCTACTAAACATTG,1
GTTCTGCAACAAAACG,1
GTTCTTATATATTGGA,1
GTTCTTTTAGAGAATG,1
GTTGACTAAGGCCCCC,1
GTTGACTCATGAATAC,1
GTTGAGACCCAGAAAA,1
GTTGATGGTTAAACAG,1
GTTGCCTACACGATAC,1
GTTGCTATTCACCAAC,1
GTTGGACATTGTGACG,1
GTTGGAGTATACAGAG,1
GTTGGCCGCAAGCCCT,1
GTTGGGAATTAGCTAG,1
GTTGTTCAATCGCATT,1
GTTGTTTACCCCGATA,1
GTTTAAACTCCCTTCA,1
GTTTAACTAATCCAGA,1
GTTTACCCACAAAACA,1
GTTTACCTATTATCGC,1
GTTTAGTATTTCCATC,1
GTTTATAACAGTAATA,1
GTTTATATCGTGCAGC,1
GTTTATCTGATCCCGT,1
GTTTCAAGCACATCTC,1
GTTTCACAGGTCAGCG,1
GTTTCAGCTATTAACT,1
GTTTCCGAACACTAGC,1
GTTTCCGCGATTGATA,1
GTTTGACAACACGGAA,1
GTTTGACTACCAATTA,1
GTTTGAGAACTTCGAT,1
GTTTGCCTTTAACTCG,1
GTTTGTTTCAAAACTT,1
GTTTTGAAGACAAATG,1
GTTTTGAAGGTAACAA,1
GTTTTGCGTATGGAGC,1
TAAAAAAAATCCAATT,1
TAAAAAAGTGCCACCC,1
TAAAAACGAGTATTCC,1
TAAAAAGATACCCCGG,1
TAAAAATATATAACAC,1
TAAAACAACAACATCG,1
TAAAACAACTTACACA,1
TAAAACAATCCTCTCA,1
TAAAACAGTTCGAACC,1
TAAAACTAAGCAACAC,1
TAAAAGAATAACCATG,1
TAAAAGACGGAATAAT,1
TAAAAGGCAATGACGC,1
TAAAAGTATCGAAACA,1
TAAAAGTCTTACCCGC,1
TAAAATACAATCAAGC,1
TAAAATACAATTATAT,1
TAAAATAGACGAAAAG,1
TAAAATATGCCTGTGA,1
TAAAATCCAGGGGAGT,1
TAAAATCCCGTGCCAT,1
TAAAATCGCAGTGGAC,1
TAAAATCGTTAAGAAA,1
TAAAATTAAGGACGAC,1
TAAACAAAAATACGCC,1
TAAACAAAAGAACACA,1
TAAACAAGAAAAAGTA,1
TAAACAAGTCAGATTA,1
TAAACAGATGAACAAA,1
TAAACATATGCAGGCC,1
TAAACATCAAGAACTT,1
TAAACCCATTAATAGT,1
TAAACCGAAAAATAAC,1
TAAACCGTTTGAATAT,1
TAAACCTAAGACCACC,1
TAAACCTACAGAAAAT,1
TAAACCTGCTGGACCA,1
TAAACGAAAAATAAAA,1
TAAAGAAACCCAAGGA,1
TAAAGAGATCATGGAC,1
TAAAGAGTTGAACGGT,1
TAAAGCAAATTACCCA,1
TAAAGCGGAGGGCGTT,1
TAAAGGACAGGCCTTA,1
TAAAGGCTCGTAGCGA,1
TAAAGTAAAATGTCTA,1
TAAAGTACTTTTACCA,1
TAAATAACACCTATAC,1
TAAATAATCCCTGAGC,1
TAAATACAAGGTGACA,1
TAAATAGGAAGACCAA,1
TAAATATGAGAACTCT,1
TAAATCAACACCGAAA,1
TAAATCAGGTTTATCA,1
TAAATCTATCTGAGGT,1
TAAATGAAAGAGTTGT,1
TAAATGAGTAACATCT,1
TAAATGATGTAAAGTG,1
TAAATGGAGAACTTCT,1
TAAATGGGAGGCTTTT,1
TAAATGTAACACCATT,1
TAAATTAAAGCGTGAG,1
TAAATTAATATCGTTC,1
TAAATTAATCATTTTG,1
TAAATTATATGAACGA,1
TAAATTCGGATACACC,1
TAAATTCTCTTTACAG,1
TAACAAAGTTTTCAAA,1
TAACAACAACAAGAAT,1
TAACAACAACGTGAAA,1
TAACAATATTTAACCG,1
TAACACATCATATACT,1
TAACACCCCCTAACCG,1
TAACACTCATATATGA,1
TAACAGAAAATTGTCG,1
TAACAGCATACAATAA,1
TAACAGCTTGTATGGA,1
TAACAGGGCACGCCGA,1
TAACATAAGTTTCGTT,1
TAACATCCTTAGCGGA,1
TAACATCTTCCAGAGA,1
TAACATGAAACAGACA,1
TAACATGATGAAGAAC,1
TAACATGGGGGATAGC,1
TAACCACATTAATCAG,1
TAACCACTGAGATTGG,1
TAACCAGTATTATAGA,1
TAACCATACAACGAAA,1
TAACCCAATATCGAAA,1
TAACCCATGGCCTGCG,1
TAACCCGTTGCAAATC,1
TAACCCTCCGCTTCGA,1
TAACCGAAGTCCGTAT,1
TAACCGATCGCCATAT,1
TAACCGATTGAGATCC,1
TAACCGGCACTACAAT,1
TAACCTGCACATCCAG,1
TAACCTTATCAACAAG,1
TAACGAAGGCAGATAT,1
TAACGAATTAGGACAA,1
TAACGAGGCGAAGCAC,1
TAACGGGACACATGTG,1
TAACGTGATGTGAACC,1
TAACTACAGATACCAT,1
TAACTACCGGAGCTTC,1
TAACTCATGTGAATCT,1
TAACTCCAAAAAACCG,1
TAACTCCGGACGATAG,1
TAACTGCTCCCAATGC,1
TAACTGGTCTAATTAA,1
TAACTGTGCCATGGAG,1
TAACTTCGGAGACACT,1
TAACTTTCTTTCTAAC,1
TAAGAAACTCACCACT,1
TAAGAACTTACCTTCT,1
TAAGAATAAACCAGCA,1
TAAGAATTCAGCCACT,1
TAAGACAAGCATAATA,1
TAAGACAGAAATCGAG,1
TAAGACAGGCGCAGCA,1
TAAGACCTAGCTTTGA,1
TAAGACTAGTGGCAGA,1
TAAGAGACGAGGATTC,1
TAAGATTCTCAGACCC,1
TAAGCAAAGAAGTGTC,1
TAAGCAACAAGCTTCG,1
TAAGCCACTACCTTAG,1
TAAGCCCCAGGGAATC,1
TAAGCCGGCTTAATCA,1
TAAGCCTGAATCTACT,1
TAAGGATACTGTGAGT,1
TAAGGATGAAACATGC,1
TAAGGCCCATGAAACA,1
TAAGGCGTAGCCAGTT,1
TAAGGGTAACGAAACT,1
TAAGGTGAAATCGATG,1
TAAGTAAAACAACACT,1
TAAGTGTCCAGTACGG,1
TAAGTGTTCATTTACG,1
TAATAAACCCAACCAA,1
TAATAAAGACTCCCAA,1
TAATAACCGAAGGTAT,1
TAATAACCGATAATTA,1
TAATACAAAAAGCGCA,1
TAATACCACACGCCAA,1
TAATACTATACAAGAA,1
TAATACTATAGTATTC,1
TAATAGACTTATATAT,1
TAATATCAAAATACCA,1
TAATATCACAACGACT,1
TAATATCCAATTACAC,1
TAATATCTACGCCCAA,1
TAATATGGGAAAGTAA,1
TAATCAAAAGGTATTT,1
TAATCAAAGTAAAATT,1
TAATCGTACAATTTAA,1
TAATCTACTTAAGTCT,1
TAATCTAGGAAAAAGG,1
TAATCTAGTGTTGGAT,1
TAATCTATTCTAAGCG,1
TAATCTCAACGGGCCG,1
TAATGCAACATCAGAG,1
TAATGCCCAGATTTAA,1
TAATGCCTTTGCCCAC,1
TAATGCTGAAAAAAGC,1
TAATGCTGAAATAATC,1
TAATGGCCGAGCAATC,1
TAATGGGGTTTGTACA,1
TAATGTCCACGATGTC,1
TAATGTTAATGAGTAA,1
TAATGTTACATGATCT,1
TAATTAAATTATAACC,1
TAATTAACTGGAAGAA,1
TAATTAATAAATCATG,1
TAATTACATGAGAATC,1
TAATTAGGCTGACTAC,1
TAATTCTTCGTGAAAA,1
TAATTGCTTAGTTAGG,1
TAATTGGCAGAGACGT,1
TAATTTTAAGCGCGAT,1
TACAAACGACGAGCTA,1
TACAAAGCAGGACAAA,1
TACAAAGGTAGAAATA,1
TACAAATATCAATTAA,1
TACAAGTTTATAACCC,1
TACAATAGCTGAAGTA,1
TACAATATGCGACTAG,1
TACAATGTTTAGGGGT,1
TACACAACGGAAAAAG,1
TACACAATGGAGCCAA,1
TACACAATTTTGTTCG,1
TACACACAAAAAATAC,1
TACACACCAGACTGCA,1
TACACCAGAGGTGTAG,1
TACACCCAGAGATCTA,1
TACACCTACCTATGAT,1
TACACGATCCGATCAG,1
TACACTGAATGAGACC,1
TACAGAAATCCACTAC,1
TACAGAAGGCTTGAGC,1
TACAGAATCGTGAACT,1
TACAGACAGTAACCCG,1
TACAGCCGGAAGATAC,1
TACAGCTCAACATAGT,1
TACAGGAAAAATTGAC,1
TACAGGAAAATTTTAA,1
TACAGGATGATAGTAA,1
TACAGTTGTCAACTTT,1
TACATAAGCCACTAGC,1
TACATGAAAAAGCATC,1
TACATGAGGAATTCCA,1
TACATGCCACGATATC,1
TACATGCGTCCAAGAG,1
TACATTAAAGTAACGT,1
TACATTATATATTGGA,1
TACCAAAGCACTGGGC,1
TACCAACCATCAATAC,1
TACCAAGAATCCATTA,1
TACCACAACAGGCCTT,1
TACCACCGACCATCTA,1
TACCACTACCAAACAG,1
TACCAGAAAATTTGGT,1
TACCAGCCAATTACGA,1
TACCATGTCATTGCGA,1
TACCCGCGGATCTCAT,1
TACCCGCGGCTGCGGA,1
TACCCGGAACAAATAC,1
TACCGCCATAAGCGCC,1
TACCGTAAAAGTCTAA,1
TACCGTGACAATACGC,1
TACCTACAGTCTTATC,1
TACCTACCAGGATCTA,1
TACCTACGACTCTCAC,1
TACCTACTACATTAAA,1
TACCTAGTACGCAAGC,1
TACCTCAGACCAACAT,1
TACCTCCCAACATTTC,1
TACCTTCTTGCCAGAT,1
TACGAAACCTAGCGAT,1
TACGAGACTGTAGTCC,1
TACGAGTTTGACATTA,1
TACGCAAACTCACACT,1
TACGCATAAAATTATA,1
TACGCCTACAGGCAAA,1
TACGCTGCTAATGATC,1
TACGGAATTGGTCAAA,1
TACGGACCTCGCAATT,1
TACGGAGTTGAAATTC,1
TACGGATCGCCCGGGA,1
TACGGCAAACATTGCT,1
TACGGCATCAAATCCT,1
TACGGGTCTCAAAAAT,1
TACGGTGACCTTCGAA,1
TACGTGAAAAAGCGGA,1
TACGTGAATACCAGCC,1
TACGTTAATTTCATCA,1
TACGTTTACAAAATCC,1
TACTAAATATATTGAA,1
TACTAAATCAGTCCAT,1
TACTAACGAATTATGC,1
TACTACAAATAAACCC,1
TACTACGCACGCAGCT,1
TACTACTATATCTACG,1
TACTAGCAAAGAGAAG,1
TACTATAGCTCCTACC,1
TACTATAGGCTGATTC,1
TACTATATAATATTCA,1
TACTATTCCTGGCTGG,1
TACTCACCTGAATGCC,1
TACTCATATCGGCCAA,1
TACTCTCGATACCCAT,1
TACTCTTTATGTTTAC,1
TACTGACCCACAACAA,1
TACTGAGTTTTCCACG,1
TACTGGTCGAAGAAAG,1
TACTGTCGTTCACAAA,1
TACTGTTCAGAATGTT,1
TACTTCACAACCAATC,1
TACTTGATCGGCCAGT,1
TACTTGGAAACTGCAT,1
TACTTGTCAGACACTA,1
TACTTTAATATCTCGA,1
TACTTTATATCCAGCA,1
TACTTTCAACTGTAAC,1
TACTTTCTAAAAGCTG,1
TAGAAAACACAAAATT,1
TAGAAAACATGCTTTG,1
TAGAAAACTACTCCAG,1
TAGAAACAAGAGTCAC,1
TAGAAACACGAACTAA,1
TAGAAAGAGATAATCT,1
TAGAAATGGGCAAGTG,1
TAGAAATTACCTATGC,1
TAGAACTGAATCAGTC,1
TAGAAGACACCCGGGG,1
TAGAAGCTATAGACCC,1
TAGAAGTATAGCATAC,1
TAGAATACTACTTACT,1
TAGAATAGAGTAAGAC,1
TAGAATATAACTCGAC,1
TAGAATGATGAAGCAC,1
TAGACACAACAAATAC,1
TAGACCCACTGAAGAC,1
TAGACCTAGCACGCCT,1
TAGACGAAAAAAATCT,1
TAGACGTCGCTAGCAG,1
TAGACTACTTGGACTT,1
TAGAGAACATATAAAC,1
TAGAGACGGGACTCGA,1
TAGAGCGCATAAGCAT,1
TAGAGCGCTCATCCGC,1
TAGATACACATTTTCT,1
TAGATAGCTTCCACAG,1
TAGATATGTGAAGCTA,1
TAGATATTTACAGCAA,1
TAGATTCGTTTAACCC,1
TAGATTGCCGATTTAA,1
TAGATTTAAACGTTCC,1
TAGATTTCCTATGAAT,1
TAGCACTATACATAAA,1
TAGCAGCGACCAGTAC,1
TAGCATACAGATCGAT,1
TAGCATTTGCCTGCCG,1
TAGCCAAGAATAAAAA,1
TAGCCAAGTTTATTAA,1
TAGCCACGTATGTGAG,1
TAGCCCTTGGGACATG,1
TAGCCGCAGTCAATGA,1
TAGCCGTCAAGACTGA,1
TAGCCTGCTTCGTTAA,1
TAGCCTGTGACAGTAT,1
TAGCGCCGCCGCCAAA,1
TAGCGGCCCGCATGTA,1
TAGCGTATTATATTTA,1
TAGCTAGTTATCTGCA,1
TAGCTGAGACTAGCGA,1
TAGGACTAATAGTAAA,1
TAGGCAAAAAAACCTC,1
TAGGCACACAAAACTC,1
TAGGTAAACTCAGTCT,1
TAGGTAAGGTCCCCTT,1
TAGGTCCACAATCTCC,1
TAGGTGTCAGGGGATG,1
TAGGTTATACCCGGAC,1
TAGTAAATAGGTTATC,1
TAGTAAATTGTTGCAG,1
TAGTAACACCATATAA,1
TAGTACCGGTTAAGTG,1
TAGTACTCCGATGGCG,1
TAGTAGATTTTATAGG,1
TAGTAGCCACAACCCC,1
TAGTAGCCCAAGGGAA,1
TAGTCAAAGAAACATG,1
TAGTCAACGAAAAATA,1
TAGTCACTTAACGAAG,1
TAGTCTATTCTTAGGA,1
TAGTGAACTAGGCTTT,1
TAGTGACCGCAGTCTT,1
TAGTGACTGTAAAAAT,1
TAGTGCCGTTTCAAAT,1
TAGTGGATATGAACCG,1
TAGTGTATAATAAACA,1
TAGTTACGGACTCTAC,1
TAGTTAGAAAAAGTAA,1
TAGTTGTCGGAAGAGA,1
TATAAAAGTGGAGATT,1
TATAAACATGAGAGGC,1
TATAAATATTACTAAT,1
TATAAATTTCGCAACC,1
TATAACATATTACCAC,1
TATAACATGCACCTGA,1
TATAACGCTACCATTT,1
TATAACTAACCCATCA,1
TATAAGGAACTAAGAC,1
TATAATAAGCAATGCC,1
TATAATCCCTGGTGAC,1
TATAATCTCACCATTA,1
TATAATCTCTTGTCAT,1
TATAATGTAGCCAGAA,1
TATACAATAAACTATA,1
TATACATGCACGGCCT,1
TATACCACCTGATGAA,1
TATACCATCAAGGGCA,1
TATACCCAATCGTTTG,1
TATACCCTGAATAGCT,1
TATACGTGAGGGCGTA,1
TATAGCTAGAAGTACA,1
TATAGGCAAAGAATTC,1
TATAGGCAATGGAAAA,1
TATAGGCGTTGCGTTC,1
TATAGGCTATATATGC,1
TATAGGCTGTTGTCAT,1
TATAGTACAGCACCTT,1
TATAGTATATTGCCAG,1
TATATAATATGGGTAC,1
TATATACATACTAATG,1
TATATAGATTGTACCG,1
TATATCAAGATTTAAC,1
TATATGATGATAAACG,1
TATATTAACCTAAGCC,1
TATATTGTACATGTAT,1
TATCAACTCCCCTGAT,1
TATCAAGTTAACAAAA,1
TATCAATAATAAAATT,1
TATCAATCACAAATTA,1
TATCACTTAACTCGTT,1
TATCATATCTAGATCG,1
TATCCACTCGAAAGTC,1
TATCCATCATGTACCC,1
TATCCATCTGGAGTCT,1
TATCCTATTTAAGAAC,1
TATCGAATCGAACAAG,1
TATCGACAGGTTTGGG,1
TATCGAGGAACATTGA,1
TATCGAGGTTATAAAA,1
TATCGCAATGATCAAT,1
TATCGGAGCAGTGTAC,1
TATCGGTATTGCATAA,1
TATCGTATGTAGGCAA,1
TATCGTGGGTAGACAT,1
TATCGTTCAAAACATA,1
TATCTAAAAAGACCAC,1
TATCTAAAGCCTAAGA,1
TATCTAATGATGTCTT,1
TATCTATATCCGATCG,1
TATCTCCGCTTCCAAT,1
TATCTGATGGAATCGA,1
TATCTGCCCCCAGAAA,1
TATCTGCTGCTTCTAA,1
TATCTTGAGAAGAATA,1
TATGAACAAAGATAAA,1
TATGAAGACTGTACGA,1
TATGACACTTACACAC,1
TATGACCAATAGATAA,1
TATGAGCGAAATAATA,1
TATGATAGGTGTTCAT,1
TATGATATCAAGAAAC,1
TATGCAACAAAGACTC,1
TATGCACCTATGCTTC,1
TATGCCCTTCACCCCA,1
TATGCGATGCTATATA,1
TATGCTCTTGGCTTAC,1
TATGGACCAAACAGCA,1
TATGGTCCATCACAGA,1
TATGTAGCGAGATACA,1
TATGTGGTCGACCGAA,1
TATGTTCAGAAGTATA,1
TATGTTTTCCGCTGCG,1
TATTAAAAGATGATAC,1
TATTAAACTGAATAAA,1
TATTAATGCCTTACGA,1
TATTACAAAGAGATAT,1
TATTACAGACACATTG,1
TATTACCACATCTACC,1
TATTAGAGTATGTACT,1
TATTATACACCGGGCC,1
TATTATCTGAAACCTG,1
TATTCACGGCCGGGTA,1
TATTCATTACAATCGA,1
TATTCTGACCGCGTAG,1
TATTCTTTAGAAAGAA,1
TATTGAAAGTTCCGAT,1
TATTGAAGCCGAAACC,1
TATTGAGGACGGGCCA,1
TATTGCATAACAAGCC,1
TATTGCGGACTTAAAT,1
TATTGGTTGTCTACCA,1
TATTGTTCTTTGATAT,1
TATTTAAGACACGACA,1
TATTTAAGTCTGACTA,1
TATTTAATATCTCAAA,1
TATTTCAATCGGTTGA,1
TATTTGATCAAATATG,1
TATTTGTGTTGATAAG,1
TATTTTCCCAACATCC,1
TATTTTCTAGTGCTAA,1
TCAAAAAGTAATCACA,1
TCAAAAATAACTCAGC,1
TCAAAAATAAGAAACT,1
TCAAAACAAGGGAAAT,1
TCAAAACAATGCTGAA,1
TCAAAACGACAAAACG,1
TCAAAAGTGCTACTAA,1
TCAAAAGTTCGGTTCG,1
TCAAAGTTACCCTAAC,1
TCAAATTACTATTGAC,1
TCAAATTCCCATATAA,1
TCAACACAAGCAAATG,1
TCAACACTTGTGGATA,1
TCAACAGAAGATTACA,1
TCAACATATAGTAGAA,1
TCAACATGATAACATG,1
TCAACTTACATACCTG,1
TCAAGCAGATTAGCCC,1
TCAAGCCAGCAATTCT,1
TCAAGCCTAGAATAGG,1
TCAAGGGTTTAGCCAA,1
TCAAGTTTTTACCAAG,1
TCAATAAACTCAAAAG,1
TCAATAACAGATACCA,1
TCAATAAGAACCACTC,1
TCAATACAGTGTATTA,1
TCAATACGAGCAAGGT,1
TCAATACTTCTCACAT,1
TCAATATATCACGAGT,1
TCAATCTAGATCACAA,1
TCAATGATACCTAAAG,1
TCAATGCTAATTACAA,1
TCAATGTAATTAAAGA,1
TCAATGTCATCAGACA,1
TCAATTACACAGTATT,1
TCAATTACGAGATAAA,1
TCAATTATCCTGCATG,1
TCACAAGTAGAAAACC,1
TCACAATACTTTACTG,1
TCACAATTTGGCAACT,1
TCACACATACAACAAC,1
TCACATAATGTATTAT,1
TCACATGTGGTTTAAA,1
TCACATTGAAACAGGG,1
TCACCAGGGATAGTCA,1
TCACCGACCTGCTATA,1
TCACCGCCTGACGGCC,1
TCACCGCGAAACTACA,1
TCACCTCCCTCTACGC,1
TCACCTCGGATATTTT,1
TCACCTTAGTCTAAAG,1
TCACGACGACTCTTCT,1
TCACGGCCACGAACAC,1
TCACGGGGTAAAACAT,1
TCACGGTCTTCCACCT,1
TCACGTCAAAAATCGT,1
TCACGTTAATCCCGGC,1
TCACGTTATCGTCAAC,1
TCACGTTTTACCTCTC,1
TCACTAACCAACTATC,1
TCACTACGAACTACAA,1
TCACTATCACGCGGCC,1
TCACTATCAGTGAACA,1
TCACTCGTCTCAATAC,1
TCAGAACAGTACTTTA,1
TCAGAAGCTCGTATCA,1
TCAGAAGGTTCTCGGA,1
TCAGAAGTAAAAACCT,1
TCAGAATGAAAATATA,1
TCAGACGGGTGACAGA,1
TCAGAGAGACCCAAGT,1
TCAGAGTAACTGGTCA,1
TCAGATTTCGTTACGA,1
TCAGCCCGACTAACCA,1
TCAGCTATAGAATATC,1
TCAGGCGATGCTGTGA,1
TCAGTACCGCGAAAGC,1
TCAGTGGCGTTAAAAA,1
TCATAAAAACTCCGTA,1
TCATAAAGTACCCTAG,1
TCATAAGAGGGGGGTA,1
TCATAAGGCAGCTAAC,1
TCATAATGTCACCAAA,1
TCATACGCATATACAG,1
TCATACTGACAACGGA,1
TCATAGAAAATGCCGT,1
TCATAGGAATAATGCA,1
TCATAGTCAAAATTCT,1
TCATATATGTGGAGCT,1
TCATATCCTCTGGGGG,1
TCATCAATAATGGTTA,1
TCATCACGCTATCATT,1
TCATCCTGTACTAACT,1
TCATCTAACAGCCATA,1
TCATCTAAGGTCTTTA,1
TCATCTGATCTAGGTA,1
TCATCTTACCTCAATA,1
TCATGAAGAGCCAGGC,1
TCATGAATTATACGAA,1
TCATGAGATAAAGTCC,1
TCATGAGTACCAGTAC,1
TCATGGCATCAGCGTA,1
TCATGGTAAATCCTCA,1
TCATTAATTAACCCCT,1
TCATTACGCAACCAGG,1
TCATTACGGACTGGGC,1
TCATTAGATATTAACA,1
TCATTAGGGACTTAAA,1
TCATTCTAAGACCACA,1
TCATTGCCTCCTCCAT,1
TCATTGTCAATTTTTA,1
TCATTTACGACCTAGT,1
TCATTTATTCGCGGTT,1
TCATTTCCCAACATGT,1
TCCAAAAGCTTACATT,1
TCCAAAAGTCTTATTT,1
TCCAAAGGTAGCAAGC,1
TCCAACAACAATAAAA,1
TCCAACAAGTCCCTCT,1
TCCAACTAATGCACCC,1
TCCAAGAACCTACAAA,1
TCCAATAAGCCCGGTA,1
TCCAATGTAAAAAGGT,1
TCCACACTTGTAATCT,1
TCCACATAGACCTCAA,1
TCCACCTACCTACAGC,1
TCCACTCTATGTAATA,1
TCCACTTCAAGGAAGA,1
TCCAGCCATTCTAGCT,1
TCCAGCCCATAGCAAG,1
TCCAGCTCAACGCAAA,1
TCCATAAAAGAGACAA,1
TCCATACATTTACAAA,1
TCCATATACCGATTTA,1
TCCATATGTTCTTAGA,1
TCCATCTCTTATCAAA,1
TCCATGATTATAAACG,1
TCCATTAAAAAGGTTA,1
TCCATTAAACTATGCA,1
TCCATTATGCAACACA,1
TCCATTCGTAATATGC,1
TCCATTGTCCTAACAA,1
TCCATTTGCCCCCTGG,1
TCCCAAACCGAGGGTA,1
TCCCAATCCAAAGGTC,1
TCCCACAGCCATAAAT,1
TCCCATACTTGCTCCG,1
TCCCCTGCGTAGACTA,1
TCCCGACTCTGCCGGG,1
TCCCGCTTTGGAAGCT,1
TCCCTCATGAGACACC,1
TCCCTCCACTATCTCT,1
TCCGAACCCCACGCGC,1
TCCGACCATAAATCTT,1
TCCGATATACGCATCG,1
TCCGCTGTACTGGGTA,1
TCCGTCAGCCCGGCCC,1
TCCGTGACTCTTTATA,1
TCCGTTAAACTATGAA,1
TCCGTTAAATCAGAAT,1
TCCTACCTACTGTATA,1
TCCTACGAAAAAACCT,1
TCCTATCCGAAAAAGT,1
TCCTATTCGGAAAACA,1
TCCTCAGTACGAAAAG,1
TCCTGCCAATTAAATT,1
TCCTGTGAGTTCGGTT,1
TCCTTAAAACATCCAG,1
TCCTTAAAAGGGCGAA,1
TCCTTAACTGGTAGCA,1
TCCTTACCCTATCAAT,1
TCCTTATATTCACCTG,1
TCCTTGATCCAGATGC,1
TCCTTGATTAGCCGCA,1
TCCTTGCAAATGGAAA,1
TCGAAGACTGACTCAT,1
TCGAATCACATGAGTC,1
TCGAATCGAATAGGTA,1
TCGAATGTTCTTCAAT,1
TCGACAAGGTTTAAAC,1
TCGACACTCACAAAAA,1
TCGACATACAAAACAG,1
TCGACCACCGGAAGAA,1
TCGACCGGACAAGGAA,1
TCGACTTTTGAATGCG,1
TCGAGAAGGACTTTAC,1
TCGAGCGAGGATCAGC,1
TCGAGGCAAGTCCCAG,1
TCGAGTCAACGTGCTT,1
TCGATAATTTGCTATG,1
TCGATAGATAAGCAGA,1
TCGATCTTGGTCTTCA,1
TCGATTAAAAAAAAGA,1
TCGATTAAGTCATCCC,1
TCGATTCAGTTGCACA,1
TCGATTTAATCGGTTT,1
TCGCAATTTTACCGAC,1
TCGCATCCAATTAGTG,1
TCGCCACAAAAATAGG,1
TCGCCACGTATTAAAT,1
TCGCCCAACGCGTATA,1
TCGCCCATAAAAGAGT,1
TCGCCTTCTGAAACTT,1
TCGCGGGACACCTAAC,1
TCGCGTGTTGGACAAA,1
TCGCTGTTTTTCCGGC,1
TCGGATAATAGAACTT,1
TCGGCAAAACAAATTT,1
TCGGCATAGGGTGTAC,1
TCGGCTACTAGTCCTT,1
TCGGCTCACCTAATTA,1
TCGGCTCTGCTGAAGT,1
TCGGCTGCGATCGGCT,1
TCGGCTGGTAGTTCTC,1
TCGGGACACCGAGTGT,1
TCGGGCCAGAGCATTA,1
TCGGGGCGAAACAAAA,1
TCGGTAGTGCGCATAA,1
TCGGTTAAAACGGAGG,1
TCGTAACACGAAAAGA,1
TCGTAACCAACTGTAC,1
TCGTAATGATTCCGAC,1
TCGTAATTGCATTACA,1
TCGTACAAGCTGGAAT,1
TCGTAGTGTTAATGGA,1
TCGTATTTAAATAAGG,1
TCGTCATAGGTAATGG,1
TCGTCGGACCGCTGGT,1
TCGTGGCTCAACGACG,1
TCGTTAGAACTAGTAC,1
TCGTTATAATGACAGT,1
TCGTTCGACGTTGGGG,1
TCGTTGGATACCGCAC,1
TCTAAAACAATAGATG,1
TCTAAACCTTAACTGT,1
TCTAAACGGAAAAGCG,1
TCTAATTAACTAATGC,1
TCTAATTTTGGAAACA,1
TCTACACACTCGCAGG,1
TCTACATCGGGTGCCC,1
TCTACCGTAATCGTGG,1
TCTACGAATAAACTAA,1
TCTACTCAGCAGACTT,1
TCTAGATGAGAACATT,1
TCTAGGTACTCCATCC,1
TCTAGTCGAGAATGTT,1
TCTATATATACCATGT,1
TCTATATTATACCATT,1
TCTATCAAAAGATTAC,1
TCTATGACATCAAACT,1
TCTATGGGGGGGAATC,1
TCTATTAACAGCAATA,1
TCTATTCTACTTCTAT,1
TCTATTGTGATTTTTA,1
TCTATTTGCAGGATGG,1
TCTCAAACCGCTGTAG,1
TCTCAAACCTCTCTCG,1
TCTCAAAGGCCCAGAG,1
TCTCACATGGTGACTC,1
TCTCAGGACACAAAAA,1
TCTCATCATTCTTCTG,1
TCTCCCGCCCTTATCA,1
TCTCCGATAGTAAAAC,1
TCTCCGCTCAACGCTA,1
TCTCCTAATTAAAATC,1
TCTCCTCTCAAACCAT,1
TCTCGTTCACCAAGGT,1
TCTCTTACTAAAAACC,1
TCTGAAAACTAGCCCA,1
TCTGACCCGAACTGAA,1
TCTGACCTTGCCCGTA,1
TCTGAGCTAAGACCTC,1
TCTGCATAACAACGTA,1
TCTGCATCCATTGAAG,1
TCTGCCATTTACTGAC,1
TCTGGCAGGAAATGGA,1
TCTGGTAACAAAAGAA,1
TCTGTCACCTAACCAA,1
TCTGTCATAAAATCAT,1
TCTTAAGACATACCTT,1
TCTTAATGCCAGTATT,1
TCTTAATGGGACTAAG,1
TCTTATAAACATAACG,1
TCTTCACCAAACTGTG,1
TCTTCATAAATATTAA,1
TCTTCCATATCTCTTC,1
TCTTCCTCATTTTTCC,1
TCTTGAATAGAGATAG,1
TCTTGACACTTCTACT,1
TCTTGTCTAAGCACCA,1
TCTTTAGTGGAAGAAA,1
TCTTTTATTCTAGTAC,1
TGAAAACCAGTTGAAT,1
TGAAAACCCAATTCAT,1
TGAAAATACTTACGCC,1
TGAAAGATGGTACAAT,1
TGAAAGTCATCTCCCA,1
TGAAAGTCCATATCCC,1
TGAAAGTCTTTACCTT,1
TGAAAGTGCCAATACG,1
TGAAATCTAATTCGGG,1
TGAACAATAACATCAT,1
TGAACACTCAAGTGGA,1
TGAACATCACAACCAA,1
TGAACCCTAACTGTAT,1
TGAACTCTATAAAGAG,1
TGAAGAATATACTTGA,1
TGAAGAATCGCGGAAA,1
TGAAGAGGATATTTAA,1
TGAAGATATACTTTTT,1
TGAAGGAATTTCAGTT,1
TGAATAAAGGCACGGA,1
TGAATAAGATTTAAAG,1
TGAATACAAGAGTTAT,1
TGAATCAAAAATGTGA,1
TGAATCGAAGCTGGAC,1
TGAATTATGAGTTAGC,1
TGAATTTCTTCTTATC,1
TGACAACAAAACAGGG,1
TGACAATATGACCAAT,1
TGACAATGGATCAAAT,1
TGACACACGGAAGTAC,1
TGACACACTAATTAGC,1
TGACAGCTGCTTCTAT,1
TGACATCGGCTGTGGC,1
TGACCAAAACACAATG,1
TGACCGATTAATCATT,1
TGACCTAAATACAATT,1
TGACCTAATATTTTGT,1
TGACGATAACGATCGA,1
TGACGTAGGGTGGATC,1
TGACGTTTAGATCATG,1
TGACTAACGACTTGAA,1
TGACTAAGCCGTATCA,1
TGACTACTTTCACTCA,1
TGACTAGATTCCTACT,1
TGACTCAAGGGAAAAA,1
TGACTGTACCGTAACG,1
TGACTTGTTACGAATC,1
TGAGAAAAACCCAGGT,1
TGAGAATAACAACGAA,1
TGAGACCATTAAACAT,1
TGAGATAAGCACGAAG,1
TGAGATCAGGCTAGTA,1
TGAGATGGAACTATCC,1
TGAGCTACCCACAGAG,1
TGAGGAACTTATCACA,1
TGAGGACATCTCACTA,1
TGAGTATATGTGGACC,1
TGAGTATGATTGTGCT,1
TGAGTCAGATACATCG,1
TGAGTGCCCATAAATC,1
TGATAACATGGCATGC,1
TGATAACTCGCCTGTC,1
TGATACAGCTAAAATT,1
TGATAGTGAAGCTAAA,1
TGATATAGCGGAAATA,1
TGATCAATCATCTAGA,1
TGATCACCAGCTGAAC,1
TGATCCGAAAACAAAG,1
TGATGATTATACAAGA,1
TGATGGCATCCAAAAC,1
TGATGTAGTTCCTGAT,1
TGATGTTAACGCGGAC,1
TGATTAGCTACGCGAT,1
TGATTATGGATTCAAA,1
TGATTATGGCCATATC,1
TGATTATTATGACCTG,1
TGATTCAATTCGCACC,1
TGATTGTTCGGTACCG,1
TGATTTAACCAGGTGT,1
TGATTTAAGCGTAAAA,1
TGATTTATACTCGAAA,1
TGATTTCGAAATCAAA,1
TGATTTGCCCTTCATT,1
TGCAAATCTGTACAAT,1
TGCAAGGCGGCGTACG,1
TGCAATATATTAAACA,1
TGCAATGAATGTTGAG,1
TGCAATTTTTGGCAGT,1
TGCACACCGCCCGTAA,1
TGCACATTAGAACTTT,1
TGCACATTCGACACAT,1
TGCACCCTCGAATCGT,1
TGCACTTTAATACTTC,1
TGCAGACTTACACTTA,1
TGCAGATGGGCTTAAG,1
TGCATAATATCCATAA,1
TGCATCGCCTGCTATG,1
TGCATGACTAATATTC,1
TGCATGCTATAACAAG,1
TGCATTAGCAAACCAC,1
TGCATTGAACAACCTG,1
TGCATTGATAACTTAG,1
TGCATTGTAACCAACT,1
TGCCAGACCTAAGTGC,1
TGCCAGGCCAGTAACC,1
TGCCATACACTGAGCA,1
TGCCATCATGAATACA,1
TGCCATGAACTACAAT,1
TGCCATTGACCGTGCT,1
TGCGAAGCTTTTTTAA,1
TGCGAATTCGCCAACT,1
TGCGACCATGAATAAA,1
TGCGATAACTTTCCTG,1
TGCGCAAGGCACTCAG,1
TGCGCATAGGCGACAT,1
TGCGCCAAAATGTCAA,1
TGCGCCAATATAACAT,1
TGCGCCTGAGTTTACA,1
TGCGCGCAATGAACCA,1
TGCGCGGGTCACTAAC,1
TGCGCTTGCGGGACCG,1
TGCGGAACGCATTGCG,1
TGCGGGCTTCTAAGAT,1
TGCGTAACCTAGATAG,1
TGCGTATCGCGAATGA,1
TGCGTGAGCCGTAATG,1
TGCGTGGCATTGCAGA,1
TGCGTTAAAGAGCCGT,1
TGCGTTACTCGATGGG,1
TGCGTTAGACAACGCA,1
TGCGTTATCGAAATGA,1
TGCTAATAATCAAGTC,1
TGCTAGCACCGGCCAC,1
TGCTAGTCACCCATAC,1
TGCTATCAAGAGTGAA,1
TGCTATCATATATCAT,1
TGCTCACAGTGCCGCG,1
TGCTCCATGAACCACG,1
TGCTCCTGTTTTTCAA,1
TGCTGGACCATAGCCC,1
TGCTTAGCCTGAGACT,1
TGCTTATTAAATCTTA,1
TGCTTGTCAATAGCCA,1
TGGAAAATATTGGACT,1
TGGAACGACATGAATC,1
TGGAAGATCTACTGAC,1
TGGAAGCACGGTTCTA,1
TGGAATAATGCGTTGT,1
TGGAATAGTACTAATA,1
TGGAATTAGATACAGA,1
TGGACAACGGATTACG,1
TGGACAAGGGGGAGGC,1
TGGACCGTACCCAACC,1
TGGACGGCGTCGTTAT,1
TGGAGAAACGGAACTT,1
TGGAGACATTTTAACG,1
TGGATAAAGAAAAACA,1
TGGATACAAAGGGAAG,1
TGGATATCATTTTATC,1
TGGATGTAGTCCAACA,1
TGGATTACCACGCGAC,1
TGGATTACCGCAATGG,1
TGGATTCATTCTGTAA,1
TGGCAATACAACACTG,1
TGGCACGACCCATATG,1
TGGCAGACTTTACATA,1
TGGCAGTATCCCTTAA,1
TGGCATTACTCCTTAG,1
TGGCATTTCCGCTTGA,1
TGGCCAATAAGGTCCA,1
TGGCCACAATTGTAAC,1
TGGCCGAATTGCATTT,1
TGGCCTCCCAAGATAA,1
TGGCGATGAAAACTGG,1
TGGCGCTTAACCACCA,1
TGGCGTACGTCTCCTA,1
TGGCTCATACGACGCG,1
TGGCTGATACAAGAAC,1
TGGCTGGGACCTAATA,1
TGGCTTTCCTTTAGAC,1
TGGGAAAATAGGCATA,1
TGGGACCCCCACAACT,1
TGGGAGCCGGGCCAAC,1
TGGGAGTACAAAAAAT,1
TGGGATAATGAAGATG,1
TGGGATTCGTACATTA,1
TGGGATTGATGAATCA,1
TGGGCCCCACGTCCTA,1
TGGGCCGTAGGATACT,1
TGGGCTATTCGCTGAA,1
TGGGGATTTGAGAACG,1
TGGGTGAAAACGCAAA,1
TGGGTTAACTCCTCCG,1
TGGTAAGTAACATGTA,1
TGGTAATGACGGAGAA,1
TGGTACCTTAGTTCAT,1
TGGTAGACTATGTACT,1
TGGTCAAATTACACTC,1
TGGTCCCCATGTCCCT,1
TGGTCCTTGGGAGGAC,1
TGGTCTCAGAACCCCG,1
TGGTGAATTTTATTAA,1
TGGTGCTACCGACGGT,1
TGGTGGTAACATAACA,1
TGGTGTACGTACTCAC,1
TGGTTACACTACATAA,1
TGGTTATAAGCGTTAC,1
TGGTTCCATACGAACA,1
TGGTTCGAAAAAATGT,1
TGGTTGCTAGAATAAG,1
TGGTTTAAATTGAAAA,1
TGGTTTAGAAGCAAAA,1
TGGTTTTCTAAAAACA,1
TGTAAAACTGACTAAA,1
TGTAACAACATTTCAT,1
TGTAACAGAAGAACAT,1
TGTAACCCTACAGGCC,1
TGTAACCGCGTAATGT,1
TGTAACGAGAATAGAA,1
TGTACACTAAGAACGT,1
TGTACAGTAAATACCG,1
TGTACATCAAGTGGGA,1
TGTACCACGGGTTTAT,1
TGTACCCCTTAACCCA,1
TGTACGAACTTAACTC,1
TGTACGGTCTTTACCG,1
TGTACTCTCGTGAACA,1
TGTAGACCTATGATAG,1
TGTAGAGAAACGTGCA,1
TGTAGCGCTAATGCAT,1
TGTAGCTCAAGCTGAC,1
TGTAGTCTTGGCGATC,1
TGTAGTTAGGGGCTAT,1
TGTATAAAAATTCAAC,1
TGTATAACAAACCCCC,1
TGTATAGAATCTACAA,1
TGTATTTTTTTGCAAA,1
TGTCAAGTCGCGTGAC,1
TGTCCAACCCGCTGCC,1
TGTCCCTAAAGTCCTG,1
TGTCCCTATCACGGGG,1
TGTCCGCAATGGTTTG,1
TGTCCGCTCTACCCAC,1
TGTCCGGATGCCCAAA,1
TGTCCTGCGCGGAACC,1
TGTCGAAATCGCTAAA,1
TGTCTCAACCTGTCAG,1
TGTCTCAGATAACGTA,1
TGTCTTGCCAAATACT,1
TGTGAAAATTGTAAAC,1
TGTGACGATCCCCTCA,1
TGTGAGGCTGAGTCTT,1
TGTGATCCAGCGATGA,1
TGTGCCAATTCGACGA,1
TGTGCGAAATAAGCAG,1
TGTGCGACAAAGTCGC,1
TGTGTATACCTGGCTT,1
TGTGTCTACTAAGCAA,1
TGTGTCTTAACCCAAA,1
TGTTAAGCTCTATATA,1
TGTTAGACCGTACGAA,1
TGTTATAAGGTTAAGA,1
TGTTATATTAAGGGTA,1
TGTTATCTTCCATACA,1
TGTTATTTTTTTTCCT,1
TGTTCAGAGTGAAAAT,1
TGTTCTAACATCGAAG,1
TGTTGCAAGACAAGCA,1
TGTTGCTCTAAGTTAA,1
TGTTTAACCTAAAAAA,1
TGTTTCGAGTAACTAT,1
TGTTTTTAAAATCCAA,1
TTAAAAAACAGGAGCG,1
TTAAAAAGAAGATCAG,1
TTAAAAAGTAACTCGG,1
TTAAAATAAATAACAA,1
TTAAAATACGGAGAAA,1
TTAAACATTAGAAATG,1
TTAAACATTGAAAAAA,1
TTAAACCGCTACCGAC,1
TTAAAGAACGGCTAAA,1
TTAAATCAAGCCATAG,1
TTAAATCGCACGTACA,1
TTAAATTCAGGGGACA,1
TTAAATTCTTAGTATT,1
TTAACAAAAAGATTTG,1
TTAACAACGAAGTATG,1
TTAACAGAAGGGAGAA,1
TTAACATGCATGTTAA,1
TTAACCAAAAACACAA,1
TTAACCCTCTCTCTAT,1
TTAACGGCATAGCTAA,1
TTAACTAAACCAGCGA,1
TTAACTAACCCCCTCC,1
TTAACTAATGAACGAA,1
TTAACTACCTATTTAC,1
TTAACTCAAGTAATAA,1
TTAACTGTATATTGAT,1
TTAAGAATACAGCGTT,1
TTAAGAGACTCTCCGA,1
TTAAGATAAAGGACAG,1
TTAAGCTGCGTTGTGC,1
TTAAGGTTTGTGTGCG,1
TTAAGTATTCTGAGTC,1
TTAAGTCTAGACTTTG,1
TTAAGTGCTCTCACAG,1
TTAATAACAAAGTCAA,1
TTAATACCTAGTATGT,1
TTAATCCCGGATCGGT,1
TTAATGACTTAGAGAT,1
TTAATGAGGCGCTAAT,1
TTAATGGACAAGCCCG,1
TTAATGGTATATAATA,1
TTAATGTTCAAAGTGG,1
TTAATTAAATCAAAAT,1
TTAATTAAGGATACAA,1
TTAATTGAAAGATATG,1
TTAATTTTTGGTAGCA,1
TTACAAACATACAAGC,1
TTACAACAAAACAAGT,1
TTACACAGATCACCGC,1
TTACACCAGTTCAGTT,1
TTACACCTTCTGCCGT,1
TTACAGAGTTCTAATC,1
TTACAGATATCTCCGA,1
TTACAGGAATCAATAA,1
TTACAGTGTACCGTTC,1
TTACCATATCAGCCAA,1
TTACCCCAAGGCGCTC,1
TTACCGCCCCGCAACC,1
TTACCTGGCGACGGAA,1
TTACGATCACGTCTAA,1
TTACGCAAAACTCACA,1
TTACGGCATCTCTGAC,1
TTACGTTTATAAAGAC,1
TTACTAAAGGACCCAT,1
TTACTATAAATCAAAT,1
TTACTATACGTGTGAA,1
TTACTCAACTTTTATC,1
TTACTCCAGCGCACAC,1
TTACTGAAAAACGAAA,1
TTACTGCAATAAGTAT,1
TTACTGCCGGGTATAA,1
TTACTTAGTTAACCAC,1
TTAGAAGCAATATATG,1
TTAGAAGTACTAAAAT,1
TTAGACACCTAAGACA,1
TTAGACATTACATGAT,1
TTAGACATTGCCAGCC,1
TTAGACCGAGAAATTA,1
TTAGAGTAGAAAATTA,1
TTAGCAATTAGAAGGC,1
TTAGCATCCCAAAAAA,1
TTAGCTGAACAAATAA,1
TTAGGAAAAATAATGG,1
TTAGGAGAAAAACGCA,1
TTAGGCTTAGTTTTAT,1
TTAGGTAATACTTCCA,1
TTAGTACAAATAATAG,1
TTAGTACTGACCAGTG,1
TTAGTGAGCGTGATAC,1
TTAGTGAGTTAAACAG,1
TTAGTGTCGAGTATTA,1
TTAGTTAACTTAAATC,1
TTATAAGCACGCACAA,1
TTATAATAATGAGCTG,1
TTATAATAGCGCAACT,1
TTATAATATTGGAAAA,1
TTATAATGCTACATGT,1
TTATACCACAAGATTA,1
TTATACTATCTATTCG,1
TTATAGCATCTCAATA,1
TTATAGGACTTATAAA,1
TTATATCGTTATACAA,1
TTATATGTTAAACTTA,1
TTATCAAAAGAATAAG,1
TTATCAAAGGGATAAA,1
TTATCAGACCTGTATA,1
TTATCATATTTTCCGC,1
TTATCATCTTCCATAA,1
TTATCCCTTGGCTAGT,1
TTATCGAAAAATACAT,1
TTATCGACCGCCATAA,1
TTATCTCAGGGGGAAG,1
TTATCTCCAGCCCCCG,1
TTATCTGCTGTGCCCA,1
TTATGAAATTTAGTTA,1
TTATGAACTTAATACT,1
TTATGCATATGTTCGA,1
TTATGCCAGAACCTAC,1
TTATGGCAAAACAAAA,1
TTATGTTACTTAACAC,1
TTATTATCCGAGCAAG,1
TTATTATTACAATCTC,1
TTATTCGCCAAGCGCA,1
TTATTCTAAGCAATAC,1
TTATTGACGCTGACTA,1
TTATTGCCACGCTGAA,1
TTCAAAAATATTTGTC,1
TTCAAAACATACTCCT,1
TTCAAACGTAGCATAT,1
TTCAAAGCCGATACCA,1
TTCAACCTGTAATAGT,1
TTCAAGAACAAATGCT,1
TTCAAGCTTTTAAGTT,1
TTCAATAAACAGTTAA,1
TTCAATCCTGATCGCA,1
TTCAATTAACGGGCTA,1
TTCAATTATAATTCCT,1
TTCACCATCATACAGA,1
TTCACCCAATATATGA,1
TTCACCTCTGAACCCC,1
TTCACGAAGTATACAC,1
TTCACGTATTATTAAG,1
TTCAGATAGCTTCTAG,1
TTCAGATAGGGTAGCA,1
TTCAGCAACTTTACCT,1
TTCAGCAGGTAGTTAA,1
TTCAGCCTACTTACCT,1
TTCAGGATACACCCCC,1
TTCAGTGTAGTTCAAG,1
TTCAGTTGGAAAGATA,1
TTCATAAAGCATTTTT,1
TTCATCAATCCAATAT,1
TTCATCAGATCCAGGC,1
TTCATCCCTAAAGATT,1
TTCATGAAGTCGGCGA,1
TTCATGATGAGCGTGA,1
TTCATGTCAAGTAAGA,1
TTCATTATAATCCGAC,1
TTCATTCCGATCCCCG,1
TTCATTCGGCGCGAGG,1
TTCCAAAACAGGGCCG,1
TTCCAAATTCAAAAGG,1
TTCCAACCAAAGCAAG,1
TTCCACCGGGATTTTG,1
TTCCAGATCTAGAGGC,1
TTCCAGCCACTGACAT,1
TTCCCCGTGAGAATCA,1
TTCCCGATGCTGACGA,1
TTCCCGTCTCAGACGC,1
TTCCGACCCAGACATT,1
TTCCGCCGACTTGACC,1
TTCCGCTAGACTGAGA,1
TTCCGTGATAACCTCA,1
TTCCGTGGCTTTGCTA,1
TTCCTAGATGAGGGAA,1
TTCCTTAGAAGCTACT,1
TTCGAGCGGTATTTTG,1
TTCGAGCTTTTACTTC,1
TTCGATTAGCTACATC,1
TTCGGAAACTCGAAAT,1
TTCGGAATCGAAGGTA,1
TTCGGAATGTGCAGTC,1
TTCGGCACAACAGGAT,1
TTCGGCTAACATAACA,1
TTCGGGAATACCATAC,1
TTCGGGTTAAAGAAAA,1
TTCGTAAGATATAACA,1
TTCGTAAGTCACATCT,1
TTCGTACTCCTGATTC,1
TTCGTATATAATGCAT,1
TTCGTTATAATTTAAC,1
TTCGTTTGTACAGAAG,1
TTCTAAACTATAGTAG,1
TTCTAACCAGAGACCA,1
TTCTACCCACGAGCTG,1
TTCTAGAGAAATAATG,1
TTCTAGTACAGGGTTT,1
TTCTATAAGGACAATA,1
TTCTATTAATCTAGAA,1
TTCTCAAAAGGGATGC,1
TTCTCAACCCGCAAAA,1
TTCTCACAATCAGGCT,1
TTCTCCTGATAACTGA,1
TTCTCGAATGTCAACG,1
TTCTCGATCCTCTAAT,1
TTCTCGGGACTGCATA,1
TTCTCTCAAACGAGTG,1
TTCTGCACTTAGCTAT,1
TTCTGCCAAAGCGTCC,1
TTCTGCTGTTAACCTA,1
TTCTGGCAGTTCATCT,1
TTCTGGGATAACTGAA,1
TTCTTAGGCACCGATA,1
TTCTTGAAAACAATGT,1
TTCTTTAAGAACTCTT,1
TTCTTTTCTCTAAGTA,1
TTGAAACCCCTATTCC,1
TTGAAAGACCTGGCAA,1
TTGAAAGACGTTATCA,1
TTGAACAAAGACAATA,1
TTGAAGAAGATCTGTT,1
TTGAAGCACCTCAATG,1
TTGAAGCTAAAGGCTA,1
TTGAAGGTACAACGGT,1
TTGAAGTAATGCTTGC,1
TTGAATATGTTTACAC,1
TTGAATTACAACAAAC,1
TTGACCATAGAACAGA,1
TTGACCGCCGAATTAA,1
TTGACCTAAGTTATAC,1
TTGACCTCCCATATTT,1
TTGAGAAACAGGGGCC,1
TTGAGACACGCCAGGG,1
TTGAGCGAGCTACCCT,1
TTGAGCTACCAGCAAG,1
TTGAGCTATCACCCAT,1
TTGAGCTCAGACGAGT,1
TTGAGTCCGCCACTCG,1
TTGATAACCACTCAGT,1
TTGATAATTAGGCCGT,1
TTGATCTATGAGGAAC,1
TTGATGTATTGGCAAT,1
TTGCAACAAAGAACTA,1
TTGCAACCCTCCAATA,1
TTGCAATCAATACAAA,1
TTGCAATTATGGGATA,1
TTGCAGTATGAAACAG,1
TTGCAGTGTTGACTTA,1
TTGCATACTCCAGGAA,1
TTGCCATTAAGCCACT,1
TTGCCGCAGGGCAAGC,1
TTGCCGTTGTTCACCG,1
TTGCCTAATCTCTAGC,1
TTGCCTGTCTAACCTT,1
TTGCGAAATACAATTA,1
TTGCGAGTGTTTGCCT,1
TTGCGTAACATCAGAT,1
TTGCTATGAAAATCAA,1
TTGCTCACTGAAAACG,1
TTGCTCCGGAGGAATA,1
TTGCTCGATCACTACG,1
TTGCTTCTGAAAAAAA,1
TTGGAGCAGTAACGCA,1
TTGGATCCAGGTGTAT,1
TTGGATGCCTCGAACC,1
TTGGCAAAAATTTAAT,1
TTGGCCCTGGCTGCCG,1
TTGGCGCCCCAGGAAC,1
TTGGGAGTGGTCGCAT,1
TTGGGATCTCTACAAA,1
TTGGGCAATATTGTTA,1
TTGGGGAAAATTGTGG,1
TTGGTTTAAACTTTAT,1
TTGGTTTTACTTAAAA,1
TTGTAACAAAAGTACA,1
TTGTAATAACATAAGA,1
TTGTAATGGTCTCATC,1
TTGTATAGTAATAAGA,1
TTGTCACGGAAGTTTA,1
TTGTCGGCTTGAAGAC,1
TTGTGACCTATAACCG,1
TTGTGAGCCCTACGAT,1
TTGTGCTATAATATAA,1
TTGTGCTTTAAACAGA,1
TTGTTCAAATCTTATT,1
TTTAAAAATACAGGGA,1
TTTAAACAAAAGAAAG,1
TTTAAACAGAGGTCTT,1
TTTAAACATTAAAAGA,1
TTTAAATCCCTATCGA,1
TTTAACCCCAAAGCCA,1
TTTAACTACTAAGAGC,1
TTTAAGAACACTCAAC,1
TTTAAGAACATATGGC,1
TTTAAGCCACCATCTC,1
TTTAAGTCTGAGGTAA,1
TTTAAGTGTGAGGATA,1
TTTAATAAACAACCAG,1
TTTAATAAATGAAACC,1
TTTAATCCAACAATTT,1
TTTAATGAACCAACTA,1
TTTACAATATTAAACA,1
TTTACCAACTAGCTAA,1
TTTACGAGACTTAGAA,1
TTTACGCAAGATTGCC,1
TTTACTCAGACGAAAA,1
TTTAGAGACTCGAAAA,1
TTTAGAGCTTATCACC,1
TTTAGATCTAAAACCT,1
TTTAGGTACTTACCGT,1
TTTATAGAAAGCGCCA,1
TTTATATCATCAATGT,1
TTTATGAATATTGAAT,1
TTTATGAATGGTGAAA,1
TTTATTATCCGCGAGC,1
TTTATTCTGCGGTGGG,1
TTTCAACCACCTGATT,1
TTTCAACCTCAATTTG,1
TTTCAACGGACTTCTA,1
TTTCAATAACAACTAC,1
TTTCACCTTACATCCG,1
TTTCCAATGTCCAAAT,1
TTTCCACAACAACCAA,1
TTTCCACAACGATGCC,1
TTTCCATAAAAAAAAA,1
TTTCCCATTACCCCGG,1
TTTCCTGCGGCCTTTG,1
TTTCGACAACACGAAT,1
TTTCGCTAAAAATTGG,1
TTTCGTTTATCGCTGG,1
TTTCTAAAATACCAAG,1
TTTCTAAACATTCCGA,1
TTTCTCAATCACTGTG,1
TTTCTCCAGATTCAGA,1
TTTCTGCCTGAAAATT,1
TTTCTTCCTTCGCACA,1
TTTGAAACAACCCCTA,1
TTTGAAAGTCCCAAAA,1
TTTGAACATCACAAAG,1
TTTGAACTTCAACACT,1
TTTGAAGCCGTCCCAT,1
TTTGACATGCGGACAA,1
TTTGATCAAGGTAGTC,1
TTTGATTACTTATATA,1
TTTGCCATCATTTCAC,1
TTTGCCCTAGAAAAAC,1
TTTGCTAAAACATTAG,1
TTTGGACAGGCGGTTT,1
TTTGGGATAGTTAGAA,1
TTTGTAAAATAACCCC,1
TTTGTAGACGTAAAGT,1
TTTGTCAAGGCTATGC,1
TTTGTGCCAATATGAT,1
TTTGTTATAAATTTGA,1
TTTGTTGCTGATACCA,1
TTTTACTGCTTACCAA,1
TTTTACTTACATGTGT,1
TTTTATAAAGCTCTAC,1
TTTTATAAGGAAGGTG,1
TTTTATGACGACTATA,1
TTTTATTTAATCAGAA,1
TTTTCAAGCTAAAGGC,1
TTTTCAGGCCTGTAAG,1
TTTTCATAATGAGCGA,1
TTTTCGGTCGTTCAAT,1
TTTTCGTTGCCCAGAT,1
TTTTCTCAACACATGT,1
TTTTGAAACTGAGAAA,1
TTTTGAAATTACGTCA,1
TTTTGAACGCGAAAGA,1
TTTTGATCCGGGAGAT,1
TTTTGCGACAATATTT,1
TTTTGCTATACCTGAA,1
TTTTGTAGTCCCGGTC,1
TTTTTAATTCAATAAA,1
TTTTTCAAGCCTTGTT,1
TTTTTGATTTTAAGAA,1
TTTTTGTACAACAGCC,1
TTTTTTCCTCACCGAG,1
AAAAAAAAAAGAAAAT,0
AAAAAAAAACACTTCA,0
AAAAAAAAACCACAAA,0
AAAAAAAACACCACTG,0
AAAAAAAACCTTCATG,0
AAAAAAAAGCGCACGA,0
AAAAAAAATTTTAGAT,0
AAAAAAACGATAGCCC,0
AAAAAAACTACACACG,0
AAAAAAAGAACAACAT,0
AAAAAAAGAATTCCTG,0
AAAAAAAGATAGGAAT,0
AAAAAAAGCATAACAA,0
AAAAAAAGTAACATGC,0
AAAAAAAGTCACTGTA,0
AAAAAAAGTGCAGTAT,0
AAAAAAATAATATCTG,0
AAAAAAATGTATACGA,0
AAAAAACAAAAATTTT,0
AAAAAACAAATAAATA,0
AAAAAACAAGCAACGA,0
AAAAAACACAGGATAT,0
AAAAAACATACATAAA,0
AAAAAACCAGACGCCT,0
AAAAAACCAGAGGTAC,0
AAAAAACCCACTTGAA,0
AAAAAACCTAATCAAG,0
AAAAAACGTCGGAGGG,0
AAAAAACTAACTGGAA,0
AAAAAACTACAGTAAC,0
AAAAAACTACCGGTGA,0
AAAAAACTCCGTGCAT,0
AAAAAACTCTTGACCA,0
AAAAAACTGATACTAT,0
AAAAAACTGGTGAAAC,0
AAAAAACTTACTAAGT,0
AAAAAAGAAACTATTG,0
AAAAAAGAGATTATCA,0
AAAAAAGCGAATCCCC,0
AAAAAAGCTAGAATTC,0
AAAAAAGCTGTTCTCT,0
AAAAAAGTCACTATCA,0
AAAAAATAACGTACGA,0
AAAAAATATAACCCAT,0
AAAAAATCGAATTGAA,0
AAAAAATCGTAACGGA,0
AAAAAATCGTAGAAAA,0
AAAAAATGATATAGAG,0
AAAAAATGCATGTGCG,0
AAAAAATTAACAGCCA,0
AAAAAATTCAACGAGC,0
AAAAAATTCTAGATTA,0
AAAAAATTGCAGTGTT,0
AAAAAATTTTACAGCT,0
AAAAACAAAGTAATAA,0
AAAAACAACCCTAGTG,0
AAAAACACAACTTATA,0
AAAAACACACCTCTAA,0
AAAAACACCATAGTAA,0
AAAAACACCCCTAATC,0
AAAAACACCGCAGTCC,0
AAAAACAGACTCCTAA,0
AAAAACAGCGTCCATT,0
AAAAACATATAGAAGG,0
AAAAACATGACGTAAA,0
AAAAACATTAGATAAA,0
AAAAACATTTGTATAC,0
AAAAACCAAATTGAAC,0
AAAAACCAACACCCGA,0
AAAAACCAATTAGCCA,0
AAAAACCATGAAATTA,0
AAAAACCCCAAAAATG,0
AAAAACCGACCCCTGC,0
AAAAACGATCCAGGAC,0
AAAAACGCTACTTACT,0
AAAAACGGCTGAGTTT,0
AAAAACGTTACCATAA,0
AAAAACTAATGCACTA,0
AAAAACTAGCAAATTC,0
AAAAACTCACTTCTTT,0
AAAAACTCGCCATCAA,0
AAAAACTCGTTACGGA,0
AAAAACTGAAACTATT,0
AAAAACTGTATAGCTC,0
AAAAACTGTATCTTAA,0
AAAAACTTCCACGAGA,0
AAAAACTTTATCACCC,0
AAAAAGAAAACTACAA,0
AAAAAGAACTTTGAGA,0
AAAAAGAAGAATTTAA,0
AAAAAGAATAATTAAA,0
AAAAAGACAATCATGC,0
AAAAAGAGTAAACAAT,0
AAAAAGAGTAACGATC,0
AAAAAGATCAAGCAAC,0
AAAAAGATCGATCAAT,0
AAAAAGCACCGCCAGT,0
AAAAAGCGACTCCTGT,0
AAAAAGGAAAGGGACC,0
AAAAAGGCTAGAAGTG,0
AAAAAGGGTAGGCACG,0
AAAAAGGTACAGTAAG,0
AAAAAGTATAGTTACC,0
AAAAAGTTTGTAAATA,0
AAAAATAAAGTACCAA,0
AAAAATAATATAGAAA,0
AAAAATAATCCTTACT,0
AAAAATACAAGGATGC,0
AAAAATACAATTACGT,0
AAAAATACTCGAGATG,0
AAAAATAGAACCGAGA,0
AAAAATATAATGTTGG,0
AAAAATATACTTATAT,0
AAAAATATAGAGGCTA,0
AAAAATATAGATTGCT,0
AAAAATATATCTAGAG,0
AAAAATATGCCGAAAG,0
AAAAATATGGACCGAG,0
AAAAATATTCAACCAA,0
AAAAATCACTAGTGAA,0
AAAAATCCATATTATA,0
AAAAATCCGTAACGGA,0
AAAAATCGTTTGAACA,0
AAAAATGAAAAAGTTG,0
AAAAATGATTATACAC,0
AAAAATGCAGAGCTTT,0
AAAAATGCTATCGGCA,0
AAAAATGGCCAAAACC,0
AAAAATGGTTACACCA,0
AAAAATGTAATTTTAA,0
AAAAATGTGGTTTCAC,0
AAAAATTAAAGTCACA,0
AAAAATTACAACTGTA,0
AAAAATTACATCTGAA,0
AAAAATTACCCATCAG,0
AAAAATTATATAAGTA,0
AAAAATTCATATTATG,0
AAAAATTCGGCGATAA,0
AAAAATTCTCTAGCAG,0
AAAAATTTAAGCTTCG,0
AAAAATTTCACCCCCG,0
AAAAATTTCGCAAAAT,0
AAAAATTTGTTTCCAT,0
AAAAATTTTCCGTCCA,0
AAAACAAAATACAATT,0
AAAACAAACGAGTAAG,0
AAAACAAATATTTATG,0
AAAACAACAATAAAAA,0
AAAACAAGCGCCCGTA,0
AAAACAAGGAACCAAT,0
AAAACAATAAGTAACT,0
AAAACAATCACAATCA,0
AAAACAATCACGCAAT,0
AAAACAATGACTACAA,0
AAAACACAGTAGGGAT,0
AAAACACATGCTATTG,0
AAAACACCGACAACTA,0
AAAACACCGGCCGAAA,0
AAAACACCTCTGACGC,0
AAAACACGATAAAACT,0
AAAACACGATAGTATA,0
AAAACACGCATTGTTA,0
AAAACACGCCAATCGT,0
AAAACACTCATTGTAT,0
AAAACAGAATCCGCAT,0
AAAACAGAATCTTACG,0
AAAACAGACTATGAGA,0
AAAACAGGGAGCAGCG,0
AAAACAGTCATACTAG,0
AAAACATACGGCCTTA,0
AAAACATACTCTGTAA,0
AAAACATAGTAAACGG,0
AAAACATATAAGTGGC,0
AAAACATATGAACGTA,0
AAAACATATGCCCATT,0
AAAACATCAAAACTAC,0
AAAACATCAGTAACTC,0
AAAACCAAATCTATCT,0
AAAACCACCATACCAT,0
AAAACCACGCCAGAGG,0
AAAACCAGACGAAACC,0
AAAACCAGATCTAGCA,0
AAAACCAGCTGTACAT,0
AAAACCCCAACCTTGA,0
AAAACCCGCTAGTCTA,0
AAAACCCGTTGGATCA,0
AAAACCCTACATTCCC,0
AAAACCCTATACTTTG,0
AAAACCGACTTTGGAT,0
AAAACCGGTTAAATAT,0
AAAACCGTTAATAGGT,0
AAAACGAACATCGATC,0
AAAACGAACGTACTAC,0
AAAACGAATATTATAG,0
AAAACGAATTCGTTAA,0
AAAACGACGTCCCACA,0
AAAACGATTGTATCAA,0
AAAACGCACACCCGTG,0
AAAACGCTGCAATCCG,0
AAAACGGAACTGCCTT,0
AAAACGGCAGAGTTAA,0
AAAACGGGGTTCAAGT,0
AAAACGTAAATGGAAT,0
AAAACGTATCATATAC,0
AAAACGTGAGTCGGGA,0
AAAACTAAAAGGACGT,0
AAAACTAACACTTTTT,0
AAAACTATGGTGACAA,0
AAAACTCATACCTACA,0
AAAACTCCGATCAATA,0
AAAACTGAAAACTAAG,0
AAAACTGAGAAGAACG,0
AAAACTGATACGATGG,0
AAAACTGATTAAGAAA,0
AAAACTTAAACTCAGG,0
AAAACTTACGCCAGGG,0
AAAACTTACTCCACAA,0
AAAAGAAAATTCTATA,0
AAAAGAAACGACAACT,0
AAAAGAAATCCATATC,0
AAAAGAAATGACACTC,0
AAAAGAACTCCTACAG,0
AAAAGAAGGTAATCAA,0
AAAAGAAGTGGCAAAC,0
AAAAGAATCACCAATT,0
AAAAGACAAATGCAGA,0
AAAAGACCATGGGCGA,0
AAAAGACCGCTTAATG,0
AAAAGACCTACAGGCG,0
AAAAGACTTGCCCCAG,0
AAAAGAGCATAATGAT,0
AAAAGAGCCTTGTATA,0
AAAAGAGTATGCACGG,0
AAAAGATAGCTAAGTC,0
AAAAGATATAGACAAA,0
AAAAGATCATAACGTA,0
AAAAGATCCCAAACTA,0
AAAAGCAACAACCAGA,0
AAAAGCAACTTAAAAA,0
AAAAGCAATCAAAAAT,0
AAAAGCACGCATGCAG,0
AAAAGCAGACAGATAT,0
AAAAGCCATTACACAA,0
AAAAGCCCAACTTACC,0
AAAAGCCGGGACAGAT,0
AAAAGCGAACTCATTA,0
AAAAGCGCATTATCAA,0
AAAAGCGCCCTCTAAA,0
AAAAGCTGAGGAGCTA,0
AAAAGGAAACATCCCG,0
AAAAGGAACGGCAATG,0
AAAAGGACAGTGAATC,0
AAAAGGAGAATGAACC,0
AAAAGGATATCAATGT,0
AAAAGGCAGAATCGGC,0
AAAAGGCCATGTAGAT,0
AAAAGGCGAATTATTA,0
AAAAGGGGTGATGGGA,0
AAAAGGGTATCTGACG,0
AAAAGGTACCCGATAG,0
AAAAGGTATAAAAAAA,0
AAAAGGTGAAACAACT,0
AAAAGGTGCCGGTGGA,0
AAAAGTAAAACAAAAG,0
AAAAGTACATACTGTT,0
AAAAGTACATTAAATA,0
AAAAGTACCGGGCAGC,0
AAAAGTACTAACAGAA,0
AAAAGTAGAAGAACAC,0
AAAAGTAGATCAATGT,0
AAAAGTATATTAAGCC,0
AAAAGTATTAATAGAT,0
AAAAGTCAAGCAAAAA,0
AAAAGTCACACCCTAG,0
AAAAGTCAGGCAATCC,0
AAAAGTCTCCATACTC,0
AAAAGTGAGAAAGGAG,0
AAAAGTGTGATTTAAT,0
AAAAGTTGTCCTATGA,0
AAAAGTTTATGAAAGA,0
AAAATAAAAACAACAA,0
AAAATAAAAATTATCA,0
AAAATAAAACGACCGG,0
AAAATAAAATTATATA,0
AAAATAAACACATGTC,0
AAAATAAATTCAACTG,0
AAAATAACAATTTTAT,0
AAAATAACACAAACAC,0
AAAATAACCGCGTTAA,0
AAAATAACGAAGCTGG,0
AAAATAAGCCAACACC,0
AAAATAAGCTAAAACA,0
AAAATAAGGAAATGCA,0
AAAATAAGGAGACGGA,0
AAAATAATCTAAACTC,0
AAAATAATTCAACCAC,0
AAAATACATAAAACAA,0
AAAATACATGAAGGTT,0
AAAATACATGCTAGAA,0
AAAATACCAAGGTACG,0
AAAATACCAGTATACC,0
AAAATACGATGGCTAA,0
AAAATACGTAATACCT,0
AAAATACTAATCAAAT,0
AAAATACTCAATAAGA,0
AAAATACTCAGCATGA,0
AAAATACTTACAATTT,0
AAAATAGAAATCACTC,0
AAAATAGACCCTTCCG,0
AAAATAGAGTGAATGC,0
AAAATAGATCCAAAAC,0
AAAATAGATTAATTTA,0
AAAATAGCTCCAAGCT,0
AAAATAGGTCCTTACG,0
AAAATAGTAAGACAGA,0
AAAATAGTAGAAATCG,0
AAAATATAACATTAAA,0
AAAATATAATGAGATA,0
AAAATATCCACAGAGT,0
AAAATATCTTTCACCA,0
AAAATATGCTTAAAAA,0
AAAATATGGGTATACA,0
AAAATATTGACATTAA,0
AAAATATTTTACGAAG,0
AAAATCAAAACCCGAC,0
AAAATCAATACCGGGT,0
AAAATCAATCAACTCC,0
AAAATCACCGGCCCAA,0
AAAATCAGTTAATGAA,0
AAAATCATCAAATTAC,0
AAAATCATGCTATATG,0
AAAATCCCTTCATCAT,0
AAAATCGAGGCAGTAA,0
AAAATCGCACTGGCTG,0
AAAATCGCATTAAGAA,0
AAAATCGGATATATGT,0
AAAATCTAAGCGCATA,0
AAAATCTAATTCAGTA,0
AAAATCTACAAACTGA,0
AAAATCTAGAGGAAAA,0
AAAATCTATTAAAGTG,0
AAAATCTCAAGAAATA,0
AAAATCTGACTACTTC,0
AAAATCTGATAAATAG,0
AAAATGAAAAGTAGCT,0
AAAATGAAACAAAGAA,0
AAAATGAAATTATAAG,0
AAAATGAACAGGATTA,0
AAAATGACTTCCACAT,0
AAAATGATAAACAGAA,0
AAAATGATCTGACGTA,0
AAAATGCCAAATCTGC,0
AAAATGCGTCAAAGGT,0
AAAATGCTAAATCATT,0
AAAATGGACCCCTTAT,0
AAAATGGAGTCGCAAC,0
AAAATGTACCGACTAA,0
AAAATGTATATAATCT,0
AAAATGTCTAAATTAA,0
AAAATGTGTACTGACG,0
AAAATGTTCTGGCCAA,0
AAAATTAAAAAACTTC,0
AAAATTAAATAACACT,0
AAAATTAAGATGGAAC,0
AAAATTAAGTTAGGAT,0
AAAATTAATTCAATTT,0
AAAATTAGCTACTAAC,0
AAAATTCAATTGCCAA,0
AAAATTCCAGCGCAGA,0
AAAATTCTAATGGTTT,0
AAAATTGAAGAGTGAC,0
AAAATTGAAGGGATAC,0
AAAATTGAAGTAACGA,0
AAAATTGCAGGTAGAC,0
AAAATTGCTTAGTCAA,0
AAAATTTACGAGGGAG,0
AAAATTTATTGAGACA,0
AAAATTTGCCCAAAAG,0
AAACAAAAAATCAAAC,0
AAACAAAAACAGTTTT,0
AAACAAAATAAGGATA,0
AAACAAAATACTTAAA,0
AAACAAAATAGACATC,0
AAACAAAATGACTTAT,0
AAACAAAATGCCAGCT,0
AAACAAACGCGAGAGA,0
AAACAAACTAACACAG,0
AAACAAAGAATAGGAT,0
AAACAAAGAGTCACAC,0
AAACAAATATGCCTTT,0
AAACAAATGAAGATTC,0
AAACAACAAACATGCT,0
AAACAACATATTCACT,0
AAACAACATCAGAGGT,0
AAACAACATGTCACAA,0
AAACAACCAAGTTAAT,0
AAACAACCCAAACATA,0
AAACAACCTCAAATAT,0
AAACAACCTTAATGAA,0
AAACAACTTGAAATCC,0
AAACAAGATTGTATCT,0
AAACAAGCGTTTAAAA,0
AAACAAGCTTGAAAGA,0
AAACAAGGGTAGGCCT,0
AAACAAGTTATACCCG,0
AAACAAGTTTTGTATC,0
AAACAATAAAAATCCG,0
AAACAATAAGCGACAT,0
AAACAATATTATCGTA,0
AAACAATCGTACATTC,0
AAACAATTAAACGGCT,0
AAACAATTCTGGGTAG,0
AAACACACTTTACCGA,0
AAACACAGAATATCTC,0
AAACACATAAAATAAA,0
AAACACATCGGATCCG,0
AAACACCATCACTGTC,0
AAACACCCTGGTCACC,0
AAACACCTATGAACAG,0
AAACACGAATCGCGAG,0
AAACACGGCTTGTTCA,0
AAACACGTAATGATAG,0
AAACACGTTTTAGGCT,0
AAACACTAAAGCCCAT,0
AAACACTAACACAGAA,0
AAACACTAGTTGGACA,0
AAACACTGATATCACA,0
AAACAGACAAACTATA,0
AAACAGACTTACAGAG,0
AAACAGAGTCACCTTA,0
AAACAGATTCGGCCTG,0
AAACAGCACGACCATA,0
AAACAGCGAAATACAA,0
AAACAGGGAATAAGAT,0
AAACAGTAAGGGGCAG,0
AAACAGTCCGGACAGT,0
AAACAGTGACCAAAAT,0
AAACATAAATATATCT,0
AAACATAAATCGGGGA,0
AAACATAATCTACTAA,0
AAACATAATTGAAGCA,0
AAACATACAATAATAA,0
AAACATACAATCTAAA,0
AAACATACACATATAA,0
AAACATACGTCTAAAA,0
AAACATATTCGGGAGA,0
AAACATCAATTAAGCC,0
AAACATCGCCGATTTT,0
AAACATGACATGATTC,0
AAACATGCCGGCCTGA,0
AAACATGTATACCGAA,0
AAACATGTATCTCCGA,0
AAACATTAATACAAGA,0
AAACATTAGGCCAAGC,0
AAACATTTTTAAATTC,0
AAACCAAAACTTAACA,0
AAACCAAAATCGTCGC,0
AAACCAAAGAACACCA,0
AAACCAACCATTTTCT,0
AAACCAAGAGCGAAAT,0
AAACCAAGGAATATCC,0
AAACCAATACTGTAAA,0
AAACCAATGACAGAGG,0
AAACCACAAGACAAGC,0
AAACCACAAGTTCGAA,0
AAACCACATTATGTCT,0
AAACCACTAACCCAAT,0
AAACCACTGGTTCCAT,0
AAACCAGAGAGCAATG,0
AAACCATACTGCTAAA,0
AAACCATATATCGCCA,0
AAACCATATGTGCTCA,0
AAACCATCATAAACCA,0
AAACCATCCCTAACTG,0
AAACCCAAAGAGGCCA,0
AAACCCAAATCCCATT,0
AAACCCAGAGAAAATA,0
AAACCCATCAACGATA,0
AAACCCCACCAAGTTA,0
AAACCCGTAAATTTGT,0
AAACCCTGATCAGAGA,0
AAACCCTTAGTGAAGA,0
AAACCGAAAGTGACCT,0
AAACCGAATCTTTTCT,0
AAACCGCAATAGGCAT,0
AAACCGCAGAATGTTG,0
AAACCGCCACCAACGG,0
AAACCGGAATATTGAA,0
AAACCGGATAAGAACG,0
AAACCGGATATAGGAG,0
AAACCGTCAACTTAGT,0
AAACCGTCATTCAAAA,0
AAACCGTCTAGAATAC,0
AAACCGTGAAATCAAC,0
AAACCTACTGTCCCAA,0
AAACCTACTTCCTCAT,0
AAACCTACTTTGAAAA,0
AAACCTAGCGCAGGGC,0
AAACCTATTAAGCAGC,0
AAACCTCCCATGGTAA,0
AAACCTCGACATGGCT,0
AAACCTGATAGCGATT,0
AAACCTGCCCTGCCAC,0
AAACCTGGGTAGACTT,0
AAACCTGTACACCCCG,0
AAACCTGTACAGAGAG,0
AAACCTGTAGAAAGTT,0
AAACCTGTATTTCGCA,0
AAACCTTAAACTTAGC,0
AAACCTTCTAGGTTAT,0
AAACCTTGAGTCCATT,0
AAACCTTGCATAAAAG,0
AAACCTTTGAGGATGA,0
AAACCTTTGGACCCAG,0
AAACGAAAAAACAACC,0
AAACGAAACCCCGTTT,0
AAACGAACAATCTATG,0
AAACGAACATATGTTG,0
AAACGAACTTTATACA,0
AAACGAATACACATGT,0
AAACGAATTAGAATGG,0
AAACGACACCTAGCTC,0
AAACGACCAAGATGAC,0
AAACGACGGAAAAATC,0
AAACGACTCTACTCAT,0
AAACGAGAACCTAGTG,0
AAACGAGACTAAACGG,0
AAACGAGAGACTCTTC,0
AAACGAGTTACGGTAC,0
AAACGAGTTAGGTCGA,0
AAACGATAAAATTTAC,0
AAACGATGCAGACACG,0
AAACGATTGTCAAAAA,0
AAACGCAACCGAGGCG,0
AAACGCAAGTAACAAG,0
AAACGCAGGATCCAAA,0
AAACGCCCGAATCGAC,0
AAACGCCTGAAAAGAC,0
AAACGCTCATTATGCC,0
AAACGCTGAATTCGAC,0
AAACGCTTAAAAATAC,0
AAACGCTTGCTGAAGC,0
AAACGGAAAAAATGAA,0
AAACGGAAGTAGAGAT,0
AAACGGACTAAAGAGT,0
AAACGGAGTTGGTGAC,0
AAACGGATAACAGGCC,0
AAACGGCACCATAGTG,0
AAACGGCCTACATGAC,0
AAACGGGATGCTGCTC,0
AAACGGGCTGAGGAAC,0
AAACGGTAAAGCTTCT,0
AAACGGTATACTAGTA,0
AAACGGTCATCCACTT,0
AAACGTAAACTATAAA,0
AAACGTAACCCAAGCC,0
AAACGTATTATACTAT,0
AAACGTCAATGGCTGC,0
AAACGTGATACCATAG,0
AAACGTTTGTTTATTA,0
AAACGTTTTTATAATA,0
AAACTAAAATGACCAT,0
AAACTAAAGCGAACTG,0
AAACTAAATGACGAAT,0
AAACTAACAATATCTT,0
AAACTAACTCAGGGAC,0
AAACTAATAGTCGAAA,0
AAACTAATATCACCTT,0
AAACTAATCCACGGCA,0
AAACTAATCCGGTGGC,0
AAACTAATCTCGCGAG,0
AAACTAATTAGATCTC,0
AAACTAATTCATCGCT,0
AAACTAATTGACAAGC,0
AAACTACAAATCAGTC,0
AAACTACAGTCACCTG,0
AAACTACAGTTAGACA,0
AAACTACATAAAGACC,0
AAACTACATCTCAGTA,0
AAACTACCCAGACAAT,0
AAACTACCTTACATAA,0
AAACTACGATCAAAGC,0
AAACTAGCAACAATCA,0
AAACTAGCAGAAGCAT,0
AAACTAGCAGGAGTCA,0
AAACTAGCTCGCCGCA,0
AAACTATAAAGAGTGC,0
AAACTATACTGGCGCT,0
AAACTATCCCCATCGG,0
AAACTATCGAGTGAAA,0
AAACTATCTTTAAATA,0
AAACTATGGCAAATTG,0
AAACTATGTCACCCCT,0
AAACTATTAATGACAG,0
AAACTATTATTTAGAT,0
AAACTCAACTCCTATA,0
AAACTCAAGGATTAAT,0
AAACTCACAATTCGGA,0
AAACTCAGTTTTAAAA,0
AAACTCCCGAACATTG,0
AAACTCGAACCTTATC,0
AAACTCGAGTAGTTTG,0
AAACTCGATGTCCCAC,0
AAACTCGCTTGCGCAC,0
AAACTCGTCGGAGGCT,0
AAACTCTACATGCAAA,0
AAACTCTACGAACGTG,0
AAACTCTTCCTCTGGG,0
AAACTGCAGTAAACGT,0
AAACTGCGAACTGATG,0
AAACTGGATGGACTTT,0
AAACTGGCAACAAACA,0
AAACTGGCTCTATTCC,0
AAACTGGGAGGGTTTT,0
AAACTGGGATTATAAT,0
AAACTGGTTATTACGA,0
AAACTGTATCTATAAA,0
AAACTGTCTTTTTATG,0
AAACTGTTCGCCGAAA,0
AAACTTAAATCGCATT,0
AAACTTAAATGCCGTA,0
AAACTTAACAATAGCG,0
AAACTTAGAATACAGC,0
AAACTTAGTATTAATT,0
AAACTTCGAGATTTTA,0
AAACTTCTGCGGAGAT,0
AAACTTCTTGAACGAG,0
AAACTTGAAAAAAACA,0
AAACTTGCAGAGTAAC,0
AAACTTGTTCTTACAG,0
AAACTTTAAAACCTAG,0
AAACTTTAAATCCGTG,0
AAACTTTACGAGTTGT,0
AAACTTTCAATTATTA,0
AAAGAAAAACACAGTA,0
AAAGAAAACAACAGGA,0
AAAGAAAAGAGATCAA,0
AAAGAAAATACAATTG,0
AAAGAAAATCTGACCC,0
AAAGAAACCGAAGCGC,0
AAAGAAAGCGTATGCA,0
AAAGAAATCCCCATGT,0
AAAGAAATGAAAGATG,0
AAAGAACAAAGTACAA,0
AAAGAACAAATCTCGA,0
AAAGAACAAGACACGA,0
AAAGAACAAGAGAAAT,0
AAAGAACCCATAGCAG,0
AAAGAACGGATTTCCC,0
AAAGAACTACTGATCG,0
AAAGAACTAGTGGCCA,0
AAAGAACTCCTGTCTA,0
AAAGAAGATGAAATCA,0
AAAGAAGCAAATACAA,0
AAAGAAGTGCAAAAAC,0
AAAGAATACATACGAT,0
AAAGAATATCCCGGCT,0
AAAGAATCAACCGGAT,0
AAAGAATCAGAAACAG,0
AAAGAATCATTAACTG,0
AAAGAATGTTTACTTC,0
AAAGAATTCCATAACA,0
AAAGAATTGTACAAAA,0
AAAGACAACAAGTGGA,0
AAAGACAACCTTTAAA,0
AAAGACACGAAACCGC,0
AAAGACACTCCGCGTG,0
AAAGACAGATCAAATA,0
AAAGACCATCCCAAAA,0
AAAGACCGTACTGATG,0
AAAGACCTCTATATCA,0
AAAGACGTAATCGAAA,0
AAAGACTAAACTAGTA,0
AAAGACTATGAATAGT,0
AAAGACTGATACCCGC,0
AAAGACTGTGTGACGC,0
AAAGACTTTAATAGGT,0
AAAGAGAAGTACGTGA,0
AAAGAGAATACGTCAA,0
AAAGAGACAAACTCCC,0
AAAGAGAGAAATAAAA,0
AAAGAGAGACTGACGT,0
AAAGAGATAAAGCGCA,0
AAAGAGATAACCAATT,0
AAAGAGATTAAGCAAA,0
AAAGAGCAACGCACAT,0
AAAGAGCATAAAGATC,0
AAAGAGCCTTCATAAT,0
AAAGAGCGCAACCACT,0
AAAGAGCGTAATCAAG,0
AAAGAGCTGTGTTAAA,0
AAAGAGGAGCCGTACC,0
AAAGAGGCCCGCTGCG,0
AAAGAGGCTGAAACAA,0
AAAGAGGGCCTCAAAA,0
AAAGAGTAAAATCGCT,0
AAAGATAAGGGCTAAA,0
AAAGATAATCATAAAT,0
AAAGATAATTTTCTCT,0
AAAGATACTACCGAAC,0
AAAGATAGTAATCTTA,0
AAAGATCAGGGACTCT,0
AAAGATCATGGAACCG,0
AAAGATCCACTCAATC,0
AAAGATCGAAAGAAAA,0
AAAGATCTGGGAACCA,0
AAAGATCTGTCTCGTA,0
AAAGATGAAATTAGGG,0
AAAGATGAATGACATT,0
AAAGATGACTTATCGA,0
AAAGATTAAAAGTTTC,0
AAAGATTCCCTAAGCA,0
AAAGATTGATAAAAAA,0
AAAGATTGGCCCAAAG,0
AAAGATTGGGAGCATC,0
AAAGCAAAAGAGATTC,0
AAAGCAAATTTCCGAT,0
AAAGCAACAAGTCTAG,0
AAAGCAAGAATAAATC,0
AAAGCAAGAGGATATT,0
AAAGCAAGAGTACTCT,0
AAAGCAATACGCTGCC,0
AAAGCAATTGCCAAAT,0
AAAGCACAAAAGTTAA,0
AAAGCACAGCATTCCA,0
AAAGCACCAGCCTTTA,0
AAAGCAGACTCTGAGA,0
AAAGCAGCGAAGAGTC,0
AAAGCAGTTTAAAAAT,0
AAAGCATATTGATGCT,0
AAAGCCAATCAGCCAA,0
AAAGCCAGAATGAAGA,0
AAAGCCAGACCCACCA,0
AAAGCCCAACTCTGAC,0
AAAGCCCACGACTATT,0
AAAGCCGACGGAGACG,0
AAAGCCTAACCGTATG,0
AAAGCCTGACATCACT,0
AAAGCGAATGCTAAGG,0
AAAGCGGAGAAGCCGT,0
AAAGCGGGTGCAATAA,0
AAAGCGTAACTATATT,0
AAAGCGTACGACTAAG,0
AAAGCTATGAAATAGA,0
AAAGCTCGTAGGACAA,0
AAAGCTGACTTATAGA,0
AAAGCTGGCAACTGCC,0
AAAGCTTCGAGGCTAT,0
AAAGGAACGATCAACT,0
AAAGGAAGCGAAGTAC,0
AAAGGACATCAAATTG,0
AAAGGACGAGTGCCAA,0
AAAGGAGAACAAGCTG,0
AAAGGAGAGCACAAAG,0
AAAGGAGTTATTTTTG,0
AAAGGATAATTAGATG,0
AAAGGATCTCATCAGC,0
AAAGGATTAAGTAAAT,0
AAAGGCACACCCAAAG,0
AAAGGCATTGAAAAAC,0
AAAGGCGATAGAGACA,0
AAAGGCGCAACTAAGA,0
AAAGGCTAGCCTGAAT,0
AAAGGCTATTACTTAG,0
AAAGGCTTTAAATAAG,0
AAAGGGAAAAGATGCA,0
AAAGGGAAACATGGGA,0
AAAGGGAATATTTCTA,0
AAAGGGAGAACCTCAA,0
AAAGGGCGACTGGCTT,0
AAAGGGGCTACCCAAC,0
AAAGGGTAAAAGTAAA,0
AAAGGTATAATTACTT,0
AAAGGTATACTACGAC,0
AAAGGTCCCTGTAAGG,0
AAAGGTCGTGTTCTCA,0
AAAGGTCTGACAAGAA,0
AAAGGTGCCAAACTTT,0
AAAGGTGGAAAGGATG,0
AAAGGTGGTTTAAGGA,0
AAAGGTGTCTAAACGT,0
AAAGGTGTCTCAATTA,0
AAAGGTTAGGGTTGCG,0
AAAGGTTGCAACATGT,0
AAAGTAACTGGATGCA,0
AAAGTAAGCAGTAAGC,0
AAAGTAAGGAGGTCAT,0
AAAGTAAGTTATAACG,0
AAAGTAATTAAACTCG,0
AAAGTACTAGCTAACG,0
AAAGTACTCTCGGTTC,0
AAAGTACTTATCCTAC,0
AAAGTATACGTGACAT,0
AAAGTATAGCTGCACA,0
AAAGTATATAAAAGAA,0
AAAGTATATACAAGGC,0
AAAGTATCCTAGACGC,0
AAAGTATTCGAACACG,0
AAAGTCAAAATGCATC,0
AAAGTCAACATTTTAG,0
AAAGTCACCCCATAAC,0
AAAGTCAGAGAGAAAA,0
AAAGTCAGGAGACATT,0
AAAGTCCAAAGATTCA,0
AAAGTCCCAAGACAGG,0
AAAGTCCCCAATAATG,0
AAAGTCCGGTTTACCT,0
AAAGTCGAGCCCAATA,0
AAAGTCTACTATTGGA,0
AAAGTCTCGTAGGACC,0
AAAGTGAAAACATAAG,0
AAAGTGAAACCTTAAA,0
AAAGTGAGGATTGCAC,0
AAAGTGATAGGTTAGA,0
AAAGTGCAATAGCTAA,0
AAAGTGCGAAGCTCTA,0
AAAGTGGACGGCGCAA,0
AAAGTGGTCCATAGGC,0
AAAGTGTGTACCAAGC,0
AAAGTGTTGTACTAAG,0
AAAGTTAAAAACTTGG,0
AAAGTTAAATGGAAAC,0
AAAGTTACAGATTCAT,0
AAAGTTACTCCAGGCA,0
AAAGTTCAACATAACA,0
AAAGTTGCAACGTACA,0
AAAGTTGTACGATAGG,0
AAAGTTGTGCCAGGAA,0
AAAGTTTAGAATATAA,0
AAAGTTTATGATTCAA,0
AAAGTTTCACTAACTA,0
AAAGTTTCCTTTAAAA,0
AAAGTTTTGATACTTA,0
AAAGTTTTGGCAATAA,0
AAATAAAAATATGCTA,0
AAATAAAACCAAGCCG,0
AAATAAAAGCTTTCTG,0
AAATAAAATGAAAGCC,0
AAATAAACATGGGCGG,0
AAATAAACTAAGGTTT,0
AAATAAAGACCTTCGA,0
AAATAAAGCACAGAAA,0
AAATAAAGGTACAGAA,0
AAATAAAGTTACCTTT,0
AAATAAATCAACACCA,0
AAATAACAAAATCTAT,0
AAATAACAAACCTACA,0
AAATAACAACGTAAAA,0
AAATAACAAGCCAATA,0
AAATAACATTTAACCA,0
AAATAACCCGCCAGAC,0
AAATAACCGGAACTAT,0
AAATAAGAGCTAAGAA,0
AAATAAGATGCGGGCC,0
AAATAAGCTCATCCGT,0
AAATAAGGAATTGGTT,0
AAATAAGGGATACGCA,0
AAATAAGTTTCGGAAC,0
AAATAATAAAGCCTTC,0
AAATAATACCCATCAA,0
AAATAATAGATGACCA,0
AAATAATAGGTTCCGT,0
AAATAATCACAACGTA,0
AAATAATCTCAAAAGG,0
AAATACAAGTACCCTG,0
AAATACACAGTACTAG,0
AAATACACGATTGGTG,0
AAATACACTGAACGCA,0
AAATACATATCAAAAT,0
AAATACATGAATACAG,0
AAATACCCACATGGAT,0
AAATACCCATACATCT,0
AAATACCCCCACTCTC,0
AAATACCGTAAGAAAT,0
AAATACGATCATTATG,0
AAATACGATTGAATTG,0
AAATACGCAGGTAACC,0
AAATACGCATAAGAAG,0
AAATACGGAGTCTAAC,0
AAATACTAGCCAAGGA,0
AAATACTCAACTATTG,0
AAATACTGCTGGCGAG,0
AAATACTTCGATAACG,0
AAATACTTGAGCAGAT,0
AAATACTTTCATGAGT,0
AAATAGAACATATAAT,0
AAATAGAATATTCATG,0
AAATAGAGCCGGCACG,0
AAATAGATGAACAGCT,0
AAATAGCAATACATAG,0
AAATAGCAGATGACAT,0
AAATAGCTAGGGACCG,0
AAATAGCTCTGAGACA,0
AAATAGTCAAAAATCC,0
AAATAGTGAACCCCTC,0
AAATAGTGTCGTCTGC,0
AAATAGTTTTATTTCC,0
AAATATAAAACTGCCA,0
AAATATAATGTCAGCA,0
AAATATACAAAGAAAC,0
AAATATACAATAATTC,0
AAATATACACCCTAAA,0
AAATATAGAAATACGT,0
AAATATAGTCACGTAA,0
AAATATATCTTCAGCG,0
AAATATATTGACACAA,0
AAATATCAAAATCGAT,0
AAATATCAAATATAAG,0
AAATATCAAGACAAAA,0
AAATATCAGTATAATT,0
AAATATCATAGCAAAA,0
AAATATCATTGGCTCC,0
AAATATCCCGAATTGT,0
AAATATCGAGAAGTCC,0
AAATATCTAGTAAAAG,0
AAATATCTGCATTGAA,0
AAATATGAGGAAAGCC,0
AAATATGATGAAATCA,0
AAATATGCCTGAATAG,0
AAATATGGTTCGACCA,0
AAATATGTCAAAAATC,0
AAATATGTTGAACGAA,0
AAATATTAAAGAGTGT,0
AAATATTCCATAAATG,0
AAATATTCTAACACAG,0
AAATCAAACCTAGAAA,0
AAATCAACTATGAATA,0
AAATCAAGCCATTCAA,0
AAATCAAGGAAAATTA,0
AAATCAATAGGTGTTT,0
AAATCAATCAAGCAGA,0
AAATCAATTCCTGCAA,0
AAATCAATTTAAGCGA,0
AAATCACAACGATACA,0
AAATCACAATAGAAGT,0
AAATCACATAATGTTT,0
AAATCACCCGACTCTG,0
AAATCACCCTTTGTGG,0
AAATCACGCCCGCGTC,0
AAATCACTCACAACTT,0
AAATCAGAATGTATCC,0
AAATCAGGACTGACAA,0
AAATCATAACGCATTT,0
AAATCATAGAAAAACT,0
AAATCATCGCAAAACG,0
AAATCATTCTACTGGT,0
AAATCCAACCGATGTC,0
AAATCCAAGCAAAAGA,0
AAATCCATTGCATAGA,0
AAATCCCAACTTGGTG,0
AAATCCCACAACACAA,0
AAATCCCACATATCCA,0
AAATCCCCAAAACCAA,0
AAATCCCCAAGACTTT,0
AAATCCCCCAGATCGA,0
AAATCCGACCCATAGA,0
AAATCCGAGCGCCCAG,0
AAATCCTGAGAACGAT,0
AAATCCTTTATCACAG,0
AAATCGAAAATAGCGG,0
AAATCGCTCGACGGTG,0
AAATCGCTTCATACCT,0
AAATCGGCAGTAACGG,0
AAATCGGCTAGACTCT,0
AAATCGGCTATGTTGA,0
AAATCGGGAATACCCG,0
AAATCGGGCTTTGTAT,0
AAATCGGGTTCAAAAT,0
AAATCGTCCATTATGA,0
AAATCTAAACAAGAGA,0
AAATCTAAATGCCCTA,0
AAATCTACACACATTC,0
AAATCTACAGAAAGTA,0
AAATCTACCCCCAACT,0
AAATCTACGCAGGGCC,0
AAATCTAGGATCATGG,0
AAATCTCAAAGATAGC,0
AAATCTCAACCCTCCT,0
AAATCTGGTGGCATAT,0
AAATCTGTCTCGTAAT,0
AAATCTGTTAATACCA,0
AAATCTTAAAATGCAG,0
AAATCTTCGTGCCAAG,0
AAATGAAACACCAAAG,0
AAATGAAACGCTATCC,0
AAATGAAATCAATCAA,0
AAATGAAGAACCCGGA,0
AAATGAAGCCCCTAAT,0
AAATGAAGTAAGAGCT,0
AAATGAAGTGTCCCGA,0
AAATGACCAAGAATAA,0
AAATGACCCGACATAT,0
AAATGACGTCGGGAAT,0
AAATGAGACAGCGACA,0
AAATGAGGTAACAGTA,0
AAATGATAACAACAGA,0
AAATGATAGGGATCAA,0
AAATGATCAAACACCC,0
AAATGATGTATTTACG,0
AAATGATTTTAGACGC,0
AAATGCAAAGACACAA,0
AAATGCAATAAATTTT,0
AAATGCAATTATCATC,0
AAATGCACTCTGGAAG,0
AAATGCATGAAAAGAG,0
AAATGCATTCATTAGG,0
AAATGCCAGTATTGAT,0
AAATGCCTAAAAAATC,0
AAATGCGAAATCGAGA,0
AAATGCTCCGCCTAAC,0
AAATGGACAAAATCTA,0
AAATGGACAGTCACCC,0
AAATGGACTCAGTATA,0
AAATGGATAAGTCTAC,0
AAATGGATAATCACGA,0
AAATGGATGGTATGAC,0
AAATGGATTAGTTATT,0
AAATGGCCATAATTTG,0
AAATGGCCGATAAGTA,0
AAATGGCGAAGCTAAA,0
AAATGGCGACTTTTAC,0
AAATGGCGCGCGCCGA,0
AAATGGGAGTGAATAT,0
AAATGGGATGAAACGA,0
AAATGGGTGCAAGCTG,0
AAATGGGTTCTACGTC,0
AAATGGTACGGATACA,0
AAATGGTACTTGAAAG,0
AAATGGTGTCTCACAC,0
AAATGTAGGTCAGGCA,0
AAATGTATCTGTTAAA,0
AAATGTATTGAAGCGC,0
AAATGTCAAATAAGTA,0
AAATGTCAACGATCAA,0
AAATGTGAGAATATAA,0
AAATGTGCAGAACTCG,0
AAATGTTAAAAGTGCA,0
AAATGTTAAACGGAAT,0
AAATGTTGATGTCACA,0
AAATGTTGGAAAAAAG,0
AAATTAAAAACACGAC,0
AAATTAAAACCCCAAG,0
AAATTAAAATCAATTA,0
AAATTAAACATACTTC,0
AAATTAAATGGAACCG,0
AAATTAAATTAGCTAA,0
AAATTAACAAGTATAA,0
AAATTAATCCTTAGCG,0
AAATTACAAATCAATA,0
AAATTACCTAAGATTC,0
AAATTACGAAATGAAA,0
AAATTACGCCGGTTTA,0
AAATTACTTGTGCTAA,0
AAATTAGATAAAGGGC,0
AAATTAGCTGGCATAC,0
AAATTAGGAAATGGAT,0
AAATTATAAAAATCCA,0
AAATTATCTTATACAA,0
AAATTATTTTAGTCAC,0
AAATTCCCCAGCGGTA,0
AAATTCCCTCGGTTCA,0
AAATTCCTACTAGCAT,0
AAATTCCTTAGCTTTA,0
AAATTCGAAAGTACAC,0
AAATTCGGTTATTTAG,0
AAATTCTAAAATAGCT,0
AAATTCTAAAATATGC,0
AAATTCTAATTCAACC,0
AAATTCTGGAAGGCAC,0
AAATTCTTTGATTTGA,0
AAATTGAGAATGATAC,0
AAATTGATATAATACA,0
AAATTGATTTAACAAG,0
AAATTGCGGCCTTGCC,0
AAATTGGGAAACTTGG,0
AAATTGTAACGACTAC,0
AAATTGTCTGTATCAT,0
AAATTGTGGAACAAAT,0
AAATTGTTTGAAGCAC,0
AAATTTAAACAACAAA,0
AAATTTAATATAGACT,0
AAATTTAATTGCAAGC,0
AAATTTACAGAAAGCC,0
AAATTTATACAACAAT,0
AAATTTATACCTTAAG,0
AAATTTCAAAGTAAAA,0
AAATTTCAGATACGAT,0
AAATTTCCACACCTAA,0
AAATTTCGATTAGCCC,0
AAATTTCGTAAGAAGG,0
AAATTTCTTGATCATC,0
AAATTTGACATCTCAA,0
AAATTTGTGCGCACTA,0
AAATTTTAAACCCCAT,0
AAATTTTAACTTTCGA,0
AACAAAAAAGCTCCCA,0
AACAAAAAATCCGGCC,0
AACAAAAACAAATATC,0
AACAAAAACGGCCGCA,0
AACAAAAAGAATCTTA,0
AACAAAAAGATCATTA,0
AACAAAAATCAGGGCT,0
AACAAAAATTAACCAT,0
AACAAAATAAACTGAA,0
AACAAAATCAACAGGT,0
AACAAAATCAACATCT,0
AACAAAATTGGGCAGT,0
AACAAACACAAATGAC,0
AACAAACAGTACTTCC,0
AACAAACTACGACCGC,0
AACAAAGCAAGCACAT,0
AACAAAGTACCCACAT,0
AACAAAGTCTACAGCC,0
AACAAATAATAAAACG,0
AACAAATACTATCGAC,0
AACAAATAGTCGCGTG,0
AACAAATATACATTAT,0
AACAAATCAAAACGGA,0
AACAAATCAAATAACT,0
AACAAATCAACACCAT,0
AACAAATCTGCAATAT,0
AACAAATGAAGTAACA,0
AACAAATGCCAATAGG,0
AACAAATGGAGCACAC,0
AACAAATGGCTGTACT,0
AACAAATGTACGACTG,0
AACAAATTAGAACCTA,0
AACAAATTATCTACGA,0
AACAAATTCTAAGCAT,0
AACAAATTTGCGATTA,0
AACAACAATCACGTAA,0
AACAACACACTTATAT,0
AACAACACCAGTTCCC,0
AACAACAGAGGCATGC,0
AACAACATCAAGTACT,0
AACAACCACAACAGTA,0
AACAACCCACTGTTGC,0
AACAACCCATGAAAGC,0
AACAACGACAATAGCA,0
AACAACGGCGAATAAA,0
AACAACGGTATTGGCG,0
AACAACTCTCTAACAA,0
AACAACTGTTAATCAA,0
AACAACTTCAATAGTA,0
AACAAGAAGCGTCCCT,0
AACAAGAATAACGGAG,0
AACAAGAGTTTGATAC,0
AACAAGGAACCTTCGA,0
AACAAGTAAAGCCTAG,0
AACAAGTACCCAACCC,0
AACAAGTCACATCGTA,0
AACAAGTCGCGAAGGC,0
AACAAGTCGGAACCGG,0
AACAAGTCTTTTAATA,0
AACAATAACAGAACTA,0
AACAATAAGGGAGATT,0
AACAATAATTATGATT,0
AACAATACAAGATCTG,0
AACAATACACTAAAAG,0
AACAATACATTTAAGT,0
AACAATACCTCAAAAC,0
AACAATACGACACCCC,0
AACAATATACCGAAAC,0
AACAATATAGGGTCAA,0
AACAATATGTGCAAAA,0
AACAATCCGAATAAGA,0
AACAATCGGGGGCGTT,0
AACAATCGTCATTACA,0
AACAATGAATAAAGTT,0
AACAATGCAACTTATT,0
AACAATGCGGGCGAGG,0
AACAATGGTTTGTGTA,0
AACAATGTTCCGACTC,0
AACAATTAACACACAC,0
AACAATTACAATCGTC,0
AACAATTATATGCGGT,0
AACAATTCGCAAAAAA,0
AACAATTGAATGAAAG,0
AACAATTGTGGTCCGA,0
AACACAAAAAATAAAA,0
AACACAAAAATATTTC,0
AACACAAAACACATGA,0
AACACAAAAGGCCATC,0
AACACAAACCCCTACA,0
AACACAAAGCATAGAC,0
AACACAAGTAGAATCA,0
AACACAATACTCTAGG,0
AACACAATGAGTGTTA,0
AACACACCCCCAATAG,0
AACACACGATAACTCC,0
AACACACTGCACTAAA,0
AACACAGAAAGTACAT,0
AACACAGAACGGTTAA,0
AACACAGACGCGCGCA,0
AACACAGAGTGACAAA,0
AACACAGCAGGAATCA,0
AACACAGCTGATTAAA,0
AACACAGTATATTCCT,0
AACACATATACCATTG,0
AACACATGGCAGACTA,0
AACACATTGTTCAAAA,0
AACACCAATTTTTTAT,0
AACACCATGACCAACA,0
AACACCCGTTATATTA,0
AACACCCTAGTGTAAC,0
AACACCTAACGCTGTC,0
AACACCTACTTAACAC,0
AACACGAACCATTTCA,0
AACACGAAGAAAATGA,0
AACACGAATCCCAAAG,0
AACACGACTGGATTCG,0
AACACGATATACCTAG,0
AACACGGATTACGCCA,0
AACACGGTCCTAAACA,0
AACACGTCAAACAAGG,0
AACACTAACGACATTA,0
AACACTCGCATAAAAA,0
AACACTGAAAAAGCAT,0
AACACTGAAAGAGGTC,0
AACACTGACACACCTT,0
AACACTGAGGACTGAA,0
AACACTGATACCAAAA,0
AACACTGTCCTTGTGA,0
AACACTTACCAAGGAG,0
AACACTTACCCTAAGA,0
AACACTTGTATGCTAA,0
AACAGAACCATGAGAG,0
AACAGAACGCATTGTG,0
AACAGAATTAGGTAAA,0
AACAGACGACTCAAAA,0
AACAGACGTAAACTTG,0
AACAGACGTTAGGTTA,0
AACAGACGTTATATAC,0
AACAGACTATAACGTG,0
AACAGAGACGCAGTAT,0
AACAGAGCTAGCCACA,0
AACAGAGGCGACCGAT,0
AACAGATCATCCCTAG,0
AACAGATGTGAGAATC,0
AACAGCAACAAATATA,0
AACAGCAAGTATTTGA,0
AACAGCAATAAGCCTA,0
AACAGCACCCGCAAGA,0
AACAGCATGCACTATT,0
AACAGCCAAGCAAACC,0
AACAGCCCAACGGTAG,0
AACAGCCCCCGGTAGA,0
AACAGCGTAATATCGC,0
AACAGCTAAAACAAAA,0
AACAGCTAGCTAAGCC,0
AACAGCTATTAACAAA,0
AACAGCTCATGTACTG,0
AACAGCTCCAATCGAA,0
AACAGCTTACTCGACT,0
AACAGCTTGCATAGAC,0
AACAGGACCGACATGT,0
AACAGGAGTCGGATAT,0
AACAGGAGTTATAGCA,0
AACAGGCGAGGGTTTA,0
AACAGGTACGAAGTGT,0
AACAGTAAAATGATGA,0
AACAGTAACATACCGT,0
AACAGTAAGACACACA,0
AACAGTACACGACAAC,0
AACAGTACTAGAGTGA,0
AACAGTCAGATAAAAG,0
AACAGTCGGAGATGCA,0
AACAGTGCCGTACAAA,0
AACAGTGGCAACATAC,0
AACAGTGTATGCATGC,0
AACAGTTTGACAAGGT,0
AACATAAAAATGAACC,0
AACATAAATACTGACT,0
AACATAAATGATATCA,0
AACATAAATGTGCCAC,0
AACATAAGTAGAATTA,0
AACATAATGTCAGTAG,0
AACATACAAACTAAAA,0
AACATACAGCAAACAG,0
AACATACCCAGCACAC,0
AACATACCGACTGTCT,0
AACATACTATTATTAA,0
AACATACTTATGTGAC,0
AACATAGGCATCACGG,0
AACATAGTTCGCGAAC,0
AACATATACATTATAC,0
AACATATACCGGAATC,0
AACATATACTTATAAA,0
AACATATGACATACGA,0
AACATATGAGTTCCAA,0
AACATATTGCGACAAA,0
AACATCAAGTTAGCGG,0
AACATCATTATGCGAG,0
AACATCCAACCTTTAG,0
AACATCCATGGCCTGA,0
AACATCCCTCACCCGG,0
AACATCCGTCGCACAA,0
AACATCCTACGAGTAA,0
AACATCGCGTAATTAT,0
AACATCGTCCATGACT,0
AACATCGTCGTAAAAA,0
AACATCTATTAACGTA,0
AACATCTCGGCCACCA,0
AACATCTGATAAATAC,0
AACATCTGATATGACC,0
AACATGAATTACGTGG,0
AACATGACAAGTACTT,0
AACATGAGCATAAAAA,0
AACATGATCCGACTTT,0
AACATGCGAGAAGATT,0
AACATGGAGTATAAGA,0
AACATGGATATTAAAA,0
AACATGGCTTACGCAA,0
AACATTACCGAAATCT,0
AACATTATCAAAACAC,0
AACATTCTGGAGAAGG,0
AACATTGATTTTCAAA,0
AACATTGCAGAAAGAT,0
AACATTTAATATAGGG,0
AACATTTCACACAAAC,0
AACATTTGAATTAGTT,0
AACCAAAAGTCTGCTT,0
AACCAAACCCAAATCC,0
AACCAAACTAAAAATC,0
AACCAAAGGTATGCCA,0
AACCAAATTTCGCCGT,0
AACCAACAGAGACAGA,0
AACCAACCATGTATGA,0
AACCAACGTACAGCCC,0
AACCAACTCTTAAATT,0
AACCAACTGTCGTACT,0
AACCAAGACAACTCGC,0
AACCAAGACTCGTCAA,0
AACCAAGAGAACAAAC,0
AACCAAGCAAGATTAC,0
AACCAAGCTACAGCAA,0
AACCAATAAGTAAATA,0
AACCACAAAGGCAAAC,0
AACCACAAGAACAACA,0
AACCACACCAAATTTG,0
AACCACAGACTCACAG,0
AACCACCATAAAACCC,0
AACCACCATCATAACT,0
AACCACCCCAAAAAGG,0
AACCACCCTCTAGGTC,0
AACCACTAAAATGTAA,0
AACCAGAAAATTAAGA,0
AACCAGAAGGAAAGAC,0
AACCAGAATACTAATC,0
AACCAGAATTGAAAAA,0
AACCAGACCTTATGGC,0
AACCAGAGAGCGTAGA,0
AACCAGATACCACCTC,0
AACCAGCTTCTGTTCA,0
AACCAGGTCAGTAGAA,0
AACCAGTATGACGAGT,0
AACCATAATCGATTAG,0
AACCATAATCTAAAAC,0
AACCATGACAAGAACC,0
AACCATGGTGCCAGAT,0
AACCATGTATAATCAA,0
AACCATGTGAGGGCAG,0
AACCATTATTCATGTC,0
AACCATTCACCGTAGG,0
AACCATTTAAGATGAA,0
AACCATTTGATGTTAA,0
AACCCAAAGGGAATAA,0
AACCCAAGTAACCGAG,0
AACCCAAGTATCAGCA,0
AACCCAATATTAGGAT,0
AACCCAATGTGTGTAG,0
AACCCACATAACGAAT,0
AACCCAGAATATACCC,0
AACCCAGACAAAACTC,0
AACCCAGATCAACGTG,0
AACCCATACCGACTGA,0
AACCCCAAACCATAGA,0
AACCCCAACAAAATTG,0
AACCCCACAATAAAAC,0
AACCCCACAATGAAAT,0
AACCCCCACGTCTCAA,0
AACCCCGAAAGCATCG,0
AACCCCGACTCACAGT,0
AACCCCTTAGGACCAA,0
AACCCCTTATTCATTT,0
AACCCGAAGTCTACAA,0
AACCCGATTGCGAGCA,0
AACCCGCAAACTATGC,0
AACCCGCAAAGACCGA,0
AACCCGCGCACCTACT,0
AACCCGTTAGCCGTAG,0
AACCCGTTCAACTATA,0
AACCCTAATACAAATA,0
AACCCTACCCACCGAG,0
AACCCTAGGAAGTCAG,0
AACCCTCAACTGAAGA,0
AACCCTCTAGAAAACT,0
AACCCTGCGAGTCAAC,0
AACCCTGGAATGATGC,0
AACCCTTAGCATTTAA,0
AACCCTTAGTTCAAAC,0
AACCCTTATTACCGAT,0
AACCCTTTCAAAGATG,0
AACCGAAAATACCGGT,0
AACCGAAATTTGAGTA,0
AACCGAACTAACAGAT,0
AACCGAATTTGAATAC,0
AACCGACAGAAATAAA,0
AACCGAGGAGGTTCCA,0
AACCGAGGATAGTCCG,0
AACCGATAAGCCGGAT,0
AACCGATCACCCAGGT,0
AACCGATCTCAAAACA,0
AACCGCAAAAATCATA,0
AACCGCACCTATGTAC,0
AACCGCCAAAAACGTC,0
AACCGCCATAGTATCG,0
AACCGCTTTACGAATT,0
AACCGGAAATATCTAA,0
AACCGGCAAAAGACAC,0
AACCGGCGTGTTTGAC,0
AACCGGCTGGAAATCA,0
AACCGGGTAGAATATC,0
AACCGGGTTTGTGAAA,0
AACCGGTACAAATCTC,0
AACCGGTACAACAAAG,0
AACCGGTCCATACCAG,0
AACCGTACCACACAAT,0
AACCGTATAGTGTGAA,0
AACCGTATTATTGAGA,0
AACCGTCTTCGAGTAT,0
AACCGTTCAGACAAAT,0
AACCGTTTAGAATGAC,0
AACCTAAAAGGCAACC,0
AACCTAACACTACCCA,0
AACCTAATATTGACAA,0
AACCTAATCAATGTAA,0
AACCTACTGAAAACGA,0
AACCTAGCACTAGAAA,0
AACCTATCCACGCAGT,0
AACCTATCGCTTAACA,0
AACCTCATACGTAGCA,0
AACCTCCCGGATGAGC,0
AACCTCGAGAAATCAC,0
AACCTCGGCTCAACAT,0
AACCTCGTAGGTCTAA,0
AACCTCTCGATACATA,0
AACCTCTTCTTTGCTC,0
AACCTCTTTTCTCTCC,0
AACCTGAATTAGCAAC,0
AACCTGACGAAGTTAT,0
AACCTGCCATGTGGAT,0
AACCTGGATCAATCCC,0
AACCTGGCGGAGAAGT,0
AACCTGGTTGAAGCCG,0
AACCTGTATGTCAGGT,0
AACCTTAACATACAAA,0
AACCTTAGCACAGATA,0
AACCTTAGGCATAGTA,0
AACCTTATCTCTATGG,0
AACCTTATGTTGAGCG,0
AACCTTCGCCATCAAA,0
AACCTTGCGCAGGGTT,0
AACCTTGTAACATCCC,0
AACCTTGTGCAGAACA,0
AACCTTGTGTAAAATG,0
AACGAAAAAAGCACAC,0
AACGAAAAAATGTTGA,0
AACGAAAAATAAAGGA,0
AACGAAACTAAATAAG,0
AACGAACCATAAAATA,0
AACGAATAACATGAAC,0
AACGAATAGCAGACAG,0
AACGAATTTACACGAG,0
AACGACCTCTTCGATA,0
AACGACGAAACCTGGC,0
AACGACGATTATTCTG,0
AACGACGTTATCCTGA,0
AACGACTGGACTTCTG,0
AACGACTTAAGGGTTT,0
AACGAGAAACTTTCAT,0
AACGAGCATCTGACTA,0
AACGAGCCCCATTCAA,0
AACGAGCTGCCCATAC,0
AACGAGGAACAAACAC,0
AACGAGGATAGTGCAG,0
AACGAGTAGCGCGTAG,0
AACGAGTGACACGGAC,0
AACGATAAAATTAACT,0
AACGATATCTTAAGCC,0
AACGATATGCACATAG,0
AACGATCACATCGGGA,0
AACGATCACCATCTAC,0
AACGATCCCAGGATTC,0
AACGATCCGGAAACCA,0
AACGATTATACCCGAA,0
AACGATTATTACCAAA,0
AACGATTTTAAAACAA,0
AACGCAAGGAAACAAT,0
AACGCACAAGAAGCCC,0
AACGCACAATCAGTAA,0
AACGCAGATGAGACAA,0
AACGCATATTGTTACT,0
AACGCATTATCGGGTA,0
AACGCCAACCCATTAG,0
AACGCCCAAGCCACCC,0
AACGCCCAATGAATAG,0
AACGCCCATATCGTTT,0
AACGCCGAATGCTGTC,0
AACGCGCATATGAGCC,0
AACGCGTTACGCATAC,0
AACGCTAAGCCTGCAA,0
AACGCTATCCCCAGCG,0
AACGCTCTCAACTGAC,0
AACGCTGGTAGATACG,0
AACGGAATAGGATGAC,0
AACGGACCATCTCCAG,0
AACGGAGATAGAAACC,0
AACGGAGATTCCGCAC,0
AACGGATAATTCACCC,0
AACGGATGATGTAACG,0
AACGGATTTAATCATT,0
AACGGCGCATAAACGC,0
AACGGGAATAGAGCAT,0
AACGGGACCCTTTATC,0
AACGGGACGGTAAGCA,0
AACGGGCCAACCCCAT,0
AACGGTACAACTGCTC,0
AACGGTACTTTAAACT,0
AACGGTAGAAAAACAA,0
AACGGTCTAGAATAAG,0
AACGTAACCGTGAAGA,0
AACGTAATGAAAACCT,0
AACGTACAATCAGATT,0
AACGTACACATAGAGA,0
AACGTACGGAGTAAAA,0
AACGTACTACTACTCC,0
AACGTACTTGATGTGA,0
AACGTATCCTCAGCTG,0
AACGTATCCTTAAAGA,0
AACGTATGACAGACCA,0
AACGTCAAACGATTCG,0
AACGTCATACCATCAG,0
AACGTCCAATCGACTG,0
AACGTCCACCCAAGAC,0
AACGTCCATGTAACGG,0
AACGTCCCAATGTATT,0
AACGTCGACTGCCTAA,0
AACGTCGAGCTGAGCA,0
AACGTCGAGTGGAAAT,0
AACGTCGTCAGAGTGA,0
AACGTCTAAAATACAT,0
AACGTCTGCGAAGCAG,0
AACGTGGGTATATTTT,0
AACGTGGTAGGCGGGA,0
AACGTGTGGAACACGA,0
AACGTTAGACATACAC,0
AACGTTAGGCACAAGA,0
AACGTTATACATTTTT,0
AACGTTATTAAAGTTT,0
AACGTTATTCATAAAA,0
AACGTTCATCTATTCA,0
AACGTTGAAAGGAGAT,0
AACGTTGAGTGGTCGC,0
AACGTTGTACGAAATG,0
AACGTTTACAATCCAA,0
AACTAAAAACGTAAAA,0
AACTAAAAAGGAAAGG,0
AACTAAAAAGTACGTG,0
AACTAAAACATCGCGA,0
AACTAAAAGTACAAAT,0
AACTAAAATAGGGAAG,0
AACTAAACATTCGTTA,0
AACTAAACCACGATTA,0
AACTAAACTCAACAGC,0
AACTAACAGCGAACAT,0
AACTAACCAATTATCG,0
AACTAACGAACAACAG,0
AACTAACGAGCCTAGC,0
AACTAAGACTCTTGCG,0
AACTAAGCAATCTCTA,0
AACTAAGGGAAACAAA,0
AACTAATAATAGTTCA,0
AACTAATGACCTATCT,0
AACTACAGAGGAACGT,0
AACTACATTATACTAT,0
AACTACCAGCAACCAT,0
AACTACCATGACTAAT,0
AACTACCCCAACACCT,0
AACTACTAACAAGCCA,0
AACTAGCGTGGACAAT,0
AACTAGGTAACGTTTT,0
AACTAGGTATACATAA,0
AACTATAACTAATGAA,0
AACTATAAGAGAAACC,0
AACTATAAGTAATATA,0
AACTATAATCGAAGCA,0
AACTATATCAGTTAGT,0
AACTATCACTTGAAAC,0
AACTATCATCAGATCG,0
AACTATCATGATCGCC,0
AACTATCCCCAGCGGA,0
AACTATCTTGCCTTTA,0
AACTATGCACTGAAAA,0
AACTATGCCGACCATT,0
AACTATGCCTTTTTCG,0
AACTATGCGAACATCT,0
AACTATGCGACTACAT,0
AACTATGTAACAATTT,0
AACTATTAGACATATC,0
AACTATTTCACCCATT,0
AACTCAAAAATGAATA,0
AACTCAACAGTGTGCC,0
AACTCAATTGGCAAAA,0
AACTCACAATAAAATT,0
AACTCACCGACCAAGG,0
AACTCACTATGATGAT,0
AACTCACTGAACATAG,0
AACTCAGCCAGGATAA,0
AACTCATCGTATTAAA,0
AACTCCAATGAACCAA,0
AACTCCCGAGTCAAGA,0
AACTCCGGTAAACTTG,0
AACTCCTACATTTCCT,0
AACTCCTCCAGATAAC,0
AACTCCTGGCTGGACA,0
AACTCCTTGTAGGGGT,0
AACTCGCATCATGACT,0
AACTCGCTTCTCGTCG,0
AACTCGGATATGAATA,0
AACTCTACTAGAGAAA,0
AACTCTTACTACTCAG,0
AACTCTTTGCTGTAAA,0
AACTGAAAAGAATTAT,0
AACTGAAGAAGCGCAC,0
AACTGAAGGGAAGCAA,0
AACTGAAGTCCGAAGC,0
AACTGACTATGAAATA,0
AACTGAGCAAGACTAA,0
AACTGAGTGCGGCTTT,0
AACTGATAAGTGAAAC,0
AACTGATATACGCAGC,0
AACTGATCAGGACAGG,0
AACTGCAAGGTTTTGT,0
AACTGCCATAATCCAA,0
AACTGCCATAGCCCCT,0
AACTGCCTGTACTGAA,0
AACTGCTTTATTTTAA,0
AACTGGATATACTAAG,0
AACTGGCTAAATTCTC,0
AACTGGTTATGGCTCT,0
AACTGTAACGCATACT,0
AACTGTACAAAAATAT,0
AACTGTACCACCAACG,0
AACTGTATATCCCATA,0
AACTGTCCTGCAAACG,0
AACTGTGTGTTTATTA,0
AACTGTTAAATCAAGG,0
AACTGTTACTGTGCTT,0
AACTTAACCTAAAATC,0
AACTTAAGTGGAGATA,0
AACTTAGATCCTTACA,0
AACTTAGGCGACCAGA,0
AACTTAGTTAAAGACA,0
AACTTATAAAGCCTCA,0
AACTTATAAGTTTTTA,0
AACTTATATAGAAAAA,0
AACTTATGTTGTAGTC,0
AACTTCACAGCACGTC,0
AACTTCATTGATTCAG,0
AACTTCCACATCTATA,0
AACTTCTGATGTGCCT,0
AACTTGAATATAGCAT,0
AACTTGACTACACAGG,0
AACTTGATAAAAGTCG,0
AACTTGCAAACGTGTA,0
AACTTGCTAATAGATA,0
AACTTTAATCTCTGAA,0
AACTTTACATAGTGTC,0
AACTTTACGTGCGGTT,0
AACTTTCAGAGACCAT,0
AACTTTCCCACGTGAT,0
AACTTTGAAATTACAG,0
AACTTTGTAAAGATAT,0
AACTTTTTTATTCAAT,0
AAGAAAAACACAAGTA,0
AAGAAAAAGCTAATTA,0
AAGAAAAAGCTCGCTT,0
AAGAAAAAGGACACCG,0
AAGAAAAATTAATGTT,0
AAGAAAAGACTCGTAT,0
AAGAAAAGGAAATTAC,0
AAGAAACAATCCTGAC,0
AAGAAACATGAATAGC,0
AAGAAACATGATTAAA,0
AAGAAACCTAAATGAG,0
AAGAAACGAGAATGTG,0
AAGAAACTCATCTCAA,0
AAGAAACTCCGAAAAG,0
AAGAAACTTCAAGCTG,0
AAGAAAGGCTACGATC,0
AAGAAAGTTAGTGGAA,0
AAGAAATACAAGTCCC,0
AAGAAATATTTACGAA,0
AAGAAATCACCTACCA,0
AAGAAATCATCCCAGT,0
AAGAAATCTTCTTTGG,0
AAGAAATGCAAACAAA,0
AAGAAATGTCATAATC,0
AAGAACAACATACACG,0
AAGAACAACGTAGCAG,0
AAGAACACAAAAACAA,0
AAGAACACTCCACAGT,0
AAGAACATGGCACGTC,0
AAGAACATTAATCATG,0
AAGAACCAATAAATTC,0
AAGAACCAGCAAACCA,0
AAGAACCTAAAGAACA,0
AAGAACGAACATCTCG,0
AAGAACTAAGAATACC,0
AAGAACTGTAGATATG,0
AAGAACTTAACTCTTC,0
AAGAAGAATCGTTATA,0
AAGAAGAATGCATAGA,0
AAGAAGACGGAAGTAA,0
AAGAAGCAAAGAAGAT,0
AAGAAGCGGTTCATGG,0
AAGAAGCTTGGGACTT,0
AAGAAGCTTTTTCCTG,0
AAGAAGTAAACAAACG,0
AAGAAGTAATACTCGA,0
AAGAATAAACAACTTG,0
AAGAATAGAACCTGTA,0
AAGAATAGCCCGAAAG,0
AAGAATATTAACAGCA,0
AAGAATCAAACATATG,0
AAGAATCATATTCTTA,0
AAGAATCCGGTAGATT,0
AAGAATCTGTCGCGTT,0
AAGAATGCCCCAGAAA,0
AAGAATGTCCACCAAG,0
AAGAATGTTATTGAGC,0
AAGAATTAATAACACT,0
AAGAATTCAGATTATT,0
AAGAATTGGGATCCCT,0
AAGAATTTATGGATTC,0
AAGAATTTTTGTAAAC,0
AAGACAAAAAAGTAAT,0
AAGACAACTAAAAAGC,0
AAGACAAGGACTTCAA,0
AAGACAATCACTTAAA,0
AAGACACGCGCATTAT,0
AAGACACTTACATATA,0
AAGACAGAGTAAAAAC,0
AAGACAGAGTACTTCT,0
AAGACAGATTCGAAGC,0
AAGACAGCATGCACGA,0
AAGACAGTGACTGATA,0
AAGACATCTGGACAGC,0
AAGACCACTCCACCAA,0
AAGACCATATTGGGGT,0
AAGACCATCTGGCTTC,0
AAGACCGCACTACCCT,0
AAGACCGCGGATCTGA,0
AAGACCTGTGTCTCTA,0
AAGACCTTTACACTCA,0
AAGACGACTAGCGGAA,0
AAGACGACTTAAAAAC,0
AAGACGATTTTTGCGG,0
AAGACGCTTAACAGAT,0
AAGACGGGTAACCAGT,0
AAGACTAACAAAGGAG,0
AAGACTAATCTTGCAC,0
AAGACTACTCACTTCA,0
AAGACTAGGACCTAAG,0
AAGACTAGTCTGGCAA,0
AAGACTGAACCTTACA,0
AAGACTGAGGACCATG,0
AAGACTTGAAACCCTG,0
AAGACTTTGCATGTTT,0
AAGAGAAAGGTGACCA,0
AAGAGAAAGTAAGTGC,0
AAGAGACCAGAAGACC,0
AAGAGACGCGGTAGAA,0
AAGAGATAGACAACCT,0
AAGAGATATAAAAACA,0
AAGAGCACAAACCACT,0
AAGAGCAGTATTTGAC,0
AAGAGCATAAAGTTGA,0
AAGAGCATCTGCGGAA,0
AAGAGCCGAACAACAT,0
AAGAGCCTAACTAAGA,0
AAGAGCGGATACCTAA,0
AAGAGCTAGTACACTG,0
AAGAGCTTACAATCAT,0
AAGAGGAAGAGCAAAC,0
AAGAGGAATACACTAC,0
AAGAGGAGCACTGACG,0
AAGAGGCAGAGTAAAG,0
AAGAGGCATACTCATA,0
AAGAGGGATCTACGAT,0
AAGAGTACATACTCTC,0
AAGAGTAGACGTGCTA,0
AAGAGTATCGTTCCGA,0
AAGAGTCCATGTAGAC,0
AAGAGTCCTTCTAAAT,0
AAGAGTGCAAAGGAAT,0
AAGAGTGTTTTTAAGC,0
AAGAGTTATCACGAGA,0
AAGAGTTGACCAATTT,0
AAGATAAATGTTAGAA,0
AAGATAACCGCTATTA,0
AAGATAACCTACAACC,0
AAGATAAGCAGCAGGC,0
AAGATAATTCCTTAAC,0
AAGATACAAGTATTAG,0
AAGATACACTCATAAA,0
AAGATACCTGACTATT,0
AAGATACTAAACAGAT,0
AAGATACTACGTGAAA,0
AAGATACTCTGAACTC,0
AAGATACTTGCATGAA,0
AAGATACTTTAAGACG,0
AAGATAGACATCCTCC,0
AAGATAGAGGAAACCA,0
AAGATAGCTTGTCCGG,0
AAGATATAATATAACC,0
AAGATATCACATCACA,0
AAGATATGAAAGATCA,0
AAGATATTCTACTATA,0
AAGATATTCTTTTGAC,0
AAGATCAGAGTTCTAA,0
AAGATCCAAACAGGTC,0
AAGATCCGCTCAAAGG,0
AAGATCGATAGCTCAA,0
AAGATCTGATTTGACA,0
AAGATCTTGGAGCCTT,0
AAGATGATAGCAGGAA,0
AAGATGGAAACGTGAG,0
AAGATGGACCATCAAT,0
AAGATGGTTTCTAGAC,0
AAGATTAACACTAGGG,0
AAGATTACGTTCGGGT,0
AAGATTAGTAAGATAT,0
AAGATTATACAAACAC,0
AAGATTATACAGTTAT,0
AAGATTCAAATTTTAC,0
AAGATTCCCCACATAA,0
AAGATTGGCAATACCA,0
AAGATTGTACACACCA,0
AAGATTGTGCGGGGGG,0
AAGATTTATGCCTATT,0
AAGATTTGCAAAGTTA,0
AAGATTTGCAACTATT,0
AAGATTTGCCAATGCT,0
AAGATTTGCCGAAGCT,0
AAGATTTGTTCGCATT,0
AAGCAAAACAGGAAAT,0
AAGCAAAAGACGAAGA,0
AAGCAAACAAACGAGC,0
AAGCAAAGATTAAATA,0
AAGCAAAGCTATTTTC,0
AAGCAAATATGGATAG,0
AAGCAACGATCTATGC,0
AAGCAAGATAAGTAAT,0
AAGCAAGATGAGCAAA,0
AAGCAAGATTCTTTAC,0
AAGCAAGGTTACCTAT,0
AAGCAATACGCTATTG,0
AAGCAATAGCAATCAC,0
AAGCACAATAACTCAG,0
AAGCACAATATAAAAT,0
AAGCACAGGCCCGCAT,0
AAGCACAGTTTGTCGC,0
AAGCACCACTTATCTT,0
AAGCACCATAAGACGT,0
AAGCACCCGCGAATAC,0
AAGCACCGAATAAAAG,0
AAGCACGAACAGAAGT,0
AAGCACTGCACAAACA,0
AAGCAGAAAGTTCACT,0
AAGCAGAGAATATGGT,0
AAGCATAAGTAAAGCC,0
AAGCATAATAAAAAGA,0
AAGCATAATGTTGTAT,0
AAGCATAGATACTCAA,0
AAGCATATCCCTAACA,0
AAGCATATGGCTTCAA,0
AAGCATCACGGTAACC,0
AAGCATCAGACATCTT,0
AAGCATCATCATGGGT,0
AAGCATGAACTTTCTA,0
AAGCATGATTAATAAC,0
AAGCATGTATTTTAAC,0
AAGCATTCTATTAACA,0
AAGCCAAAAATAACGC,0
AAGCCAACTATCTCAA,0
AAGCCAATATCCAACA,0
AAGCCACCACTTAACT,0
AAGCCACGTCCTAATC,0
AAGCCAGCATTTCTGA,0
AAGCCAGCCTGAAACA,0
AAGCCAGCTTCTGTGT,0
AAGCCAGGATCAAAAC,0
AAGCCATAAAACCCTC,0
AAGCCATGGTATCGAA,0
AAGCCCCAGGGAATGG,0
AAGCCCCCGGACAACC,0
AAGCCCGGAAGTTGCT,0
AAGCCCGGTAATCTAA,0
AAGCCGAATCAGATTT,0
AAGCCGAGTAACAAGT,0
AAGCCGATAGAATCAC,0
AAGCCGGACTCCATGT,0
AAGCCGTATATACTTT,0
AAGCCTCTTGTACTTC,0
AAGCCTCTTTTAAACT,0
AAGCCTGGCCTTAAAA,0
AAGCCTTTAATGCGTC,0
AAGCCTTTTTACCTGT,0
AAGCGAAATTACTTTT,0
AAGCGAATCTAATTAG,0
AAGCGACCTAGTACAT,0
AAGCGACTCTAAACTC,0
AAGCGAGCGTTCGTGC,0
AAGCGAGCTAAACCCC,0
AAGCGATCCATTGATG,0
AAGCGCCACCGCGGAG,0
AAGCGCGGCAGCAATG,0
AAGCGGCCTAGGTCGT,0
AAGCGGGTAAATCTAC,0
AAGCGGTAAATAAATA,0
AAGCGGTCACACGCAT,0
AAGCGTATCTGCTCAC,0
AAGCGTCGACAATACA,0
AAGCGTTAGTAACCTG,0
AAGCGTTATACACATA,0
AAGCGTTATCAGCCTG,0
AAGCTAAACCTGGCCA,0
AAGCTAAACTTCCACG,0
AAGCTAACTTCATCAA,0
AAGCTACGACGGAGAA,0
AAGCTACGCTATATAC,0
AAGCTAGATTAAGTAC,0
AAGCTATAAATTAGCA,0
AAGCTATTATAATCAG,0
AAGCTATTGCCCAGCT,0
AAGCTATTGCGTACGG,0
AAGCTCATCTTCACAT,0
AAGCTCATGCTGAACT,0
AAGCTCATTAAAAAGT,0
AAGCTCCGCCGAACGA,0
AAGCTCGTAACAAAGC,0
AAGCTGCGCAACGAAG,0
AAGCTGTACCGGTATC,0
AAGCTGTCTGTCAACC,0
AAGCTTAACTCTAGGC,0
AAGCTTACCCTTTCTT,0
AAGCTTATAATCATTA,0
AAGCTTCAGAAGTACC,0
AAGCTTGGCATCAACT,0
AAGCTTGGTACCCGGT,0
AAGCTTTAAGACCGAA,0
AAGGAAAACCAGACAA,0
AAGGAAAACTTACGTA,0
AAGGAAAAGACAAGGC,0
AAGGAAACGGAGAGAT,0
AAGGAAAGAACTCTCG,0
AAGGAATACATCCTTG,0
AAGGAATTAAGAATCA,0
AAGGACAGATACCCTT,0
AAGGACCATCACCCAA,0
AAGGACCTGAGAAATA,0
AAGGACGATGAATCCT,0
AAGGACTAAGATGACG,0
AAGGACTCTCTTTCCT,0
AAGGACTTGCTGGCCT,0
AAGGAGACCAATCATA,0
AAGGAGCACAGCTCAA,0
AAGGAGCATGTCTTAA,0
AAGGAGGCCCGCAGCA,0
AAGGAGGTCAATGCCA,0
AAGGAGTCTCTGTTTT,0
AAGGATAACTACGCCA,0
AAGGATATAAAATAAA,0
AAGGATATAGATTTAA,0
AAGGATCATACAATGA,0
AAGGATCTGACACTAA,0
AAGGATCTGAGCCAAG,0
AAGGATGTTAAAATGA,0
AAGGATTACTTCTCCG,0
AAGGCAAGCATCTATA,0
AAGGCAATAACCCGGG,0
AAGGCAATTCCAGATT,0
AAGGCAATTCCCCATA,0
AAGGCACAACAACATA,0
AAGGCACCCTTACAAG,0
AAGGCACTATGGTGAA,0
AAGGCAGACTTAATTG,0
AAGGCATTCCGGACTT,0
AAGGCCAATAGTAGGA,0
AAGGCCAGGAATTAGA,0
AAGGCCCACCCGTGCG,0
AAGGCCTAACAGATAA,0
AAGGCCTAACCTTTCG,0
AAGGCGAAAAACCGAT,0
AAGGCGAATTTCGAGG,0
AAGGCGCTTTCATGGA,0
AAGGCGTGAAATGAAA,0
AAGGCTAGTAACTTCC,0
AAGGCTGGAAAAAAGC,0
AAGGCTTTACCACCAC,0
AAGGGAAGGCGGTACG,0
AAGGGACAGCGAAAAA,0
AAGGGACGTGTATCCA,0
AAGGGACTAGGACAAC,0
AAGGGAGTTCGTGAAT,0
AAGGGCACAAATGGAC,0
AAGGGCATACAAAACG,0
AAGGGCATACTTTATC,0
AAGGGCCATGCCGACC,0
AAGGGCCCTAAAATAA,0
AAGGGCCCTACTAGAC,0
AAGGGCCTAAGGCTCC,0
AAGGGCGTATAACAAC,0
AAGGGCTAATCTAGCC,0
AAGGGGAAATGAAACT,0
AAGGGGAACTGATCAA,0
AAGGGGCTTGCAACGA,0
AAGGGGGCACTAAGTA,0
AAGGGTAAACTAAAAA,0
AAGGGTACAAAGCGCG,0
AAGGGTTTCGATCGAC,0
AAGGTAAACCTGCAGA,0
AAGGTAAAGCCTGAAC,0
AAGGTACACACGGGCC,0
AAGGTACATTTAGGAT,0
AAGGTAGAAACGTTCG,0
AAGGTATAGTTAAGTA,0
AAGGTCATAACCTCAC,0
AAGGTCCCGAATTTCC,0
AAGGTCGAACGCTTAG,0
AAGGTGAAAGAAACTT,0
AAGGTGCCATGAATGT,0
AAGGTGCTAACTTTAT,0
AAGGTTACAGTTCGAT,0
AAGGTTAGAAGATCTA,0
AAGGTTGTTGAAATGT,0
AAGGTTTACATTGGAT,0
AAGTAAAAAATGACAA,0
AAGTAAAACGCAAAAA,0
AAGTAAACAACCGGAT,0
AAGTAACAATATTAGC,0
AAGTAACACATAGCTA,0
AAGTAAGAAGTGAATT,0
AAGTAAGGATCAAAAG,0
AAGTAAGGGTGTTAAT,0
AAGTAATACTGTCAAC,0
AAGTAATAGCGACCAG,0
AAGTAATGAGAGGACT,0
AAGTAATGAGAGTATA,0
AAGTAATGGCAGTCAA,0
AAGTAATGTTCGGAAG,0
AAGTAATTGACTCCCG,0
AAGTACACGTTAAAAT,0
AAGTACCGCGACTACT,0
AAGTACCGGTGACATT,0
AAGTACGACCCTCGCA,0
AAGTACGCTTCGCAAT,0
AAGTACGTAGCAGGAA,0
AAGTACTAACCTATAC,0
AAGTACTATACAATTT,0
AAGTACTCATGACATG,0
AAGTACTTTCATATAC,0
AAGTAGACAATGTAGA,0
AAGTAGACTCCTATGC,0
AAGTAGATTTATGAAT,0
AAGTAGCCGTTCAAAT,0
AAGTAGCTACTTGCCG,0
AAGTAGGCATATCTAA,0
AAGTAGGCCAAGCTGA,0
AAGTAGGTTGAGTATG,0
AAGTAGTACCACCCTC,0
AAGTATAAAAAGTTTA,0
AAGTATAAAACGAAAA,0
AAGTATAAAATACCAA,0
AAGTATAAGACAACAA,0
AAGTATACAGATAGAC,0
AAGTATATAAAGGTCC,0
AAGTATATGATGCGTG,0
AAGTATCATAATATCC,0
AAGTATCTCAACAATC,0
AAGTATGAGAAAAACG,0
AAGTATGCTAGATTAA,0
AAGTATTACACTAATT,0
AAGTATTGTAAAAACG,0
AAGTATTTCATTCCAA,0
AAGTCAAACGCGTTTG,0
AAGTCAAAGAACTTAA,0
AAGTCAAGTATTGTAA,0
AAGTCAATCAAGCACC,0
AAGTCACTCAAAGTAC,0
AAGTCAGAAGCGAAAC,0
AAGTCAGTTAAAGGGT,0
AAGTCATCGCCCATCG,0
AAGTCATTCGCGGGAA,0
AAGTCCAGTAAGTGAA,0
AAGTCCATACAATATG,0
AAGTCCCACGGTCTAA,0
AAGTCCCAGCTCCAAA,0
AAGTCCGCACTACAAA,0
AAGTCCTAAAAACAAA,0
AAGTCGAATCCATCAC,0
AAGTCGCCTGAAGAAA,0
AAGTCGGATCAGATGT,0
AAGTCGTACTATCAAT,0
AAGTCGTTAAATTATC,0
AAGTCTAAGGATTACA,0
AAGTCTAGCTTTTATC,0
AAGTCTGGATACCTCT,0
AAGTCTGTCTGTTAAT,0
AAGTCTTCCAGGTCAC,0
AAGTCTTTAACATCGA,0
AAGTCTTTTGAACAGA,0
AAGTGAAAAAAATCAG,0
AAGTGAAACCAAGCCA,0
AAGTGACAACCCTAGA,0
AAGTGACCTCCAACAG,0
AAGTGAGAAAACCTAC,0
AAGTGAGCGCGGTGCC,0
AAGTGATGCAGTACAC,0
AAGTGATTAAACCTTT,0
AAGTGCCACTGATTAT,0
AAGTGCGCAAACCCTT,0
AAGTGGAAGATTGTTT,0
AAGTGGAATAGACGTA,0
AAGTGGCTCTTCTACA,0
AAGTGGCTTAAATTGG,0
AAGTGTAAAACCTCGA,0
AAGTGTACACCTGACC,0
AAGTGTACCGCGCAAC,0
AAGTGTAGACGATCCA,0
AAGTGTCACCAAAATC,0
AAGTGTCGCGAACACG,0
AAGTGTGAACCAAAAA,0
AAGTGTGAGCGAGAAC,0
AAGTGTGTGTAAGCCT,0
AAGTTAAAGCGCAAGC,0
AAGTTAACCCTATAGA,0
AAGTTAATGAACCAAA,0
AAGTTACAGAGTAATA,0
AAGTTACCATGGAGCT,0
AAGTTACTGTACTAGG,0
AAGTTACTTTACTTTT,0
AAGTTATAAAAATCAA,0
AAGTTATATAACGGAG,0
AAGTTATCACTATAAG,0
AAGTTATGACATAATG,0
AAGTTATGCATTGTAG,0
AAGTTCAAATCAAATA,0
AAGTTCAATAGGCTTT,0
AAGTTCATCAGCTTAA,0
AAGTTCCCAAACTCCG,0
AAGTTCCTAATCTCAT,0
AAGTTCCTGACGTTAA,0
AAGTTCTAATGGTGGA,0
AAGTTCTTAGAAACTT,0
AAGTTCTTATACTCTG,0
AAGTTGAATGATAGGC,0
AAGTTGCAAATAGAGC,0
AAGTTGCGCATCCGCC,0
AAGTTGGACTCAATGA,0
AAGTTGGATTGTACAG,0
AAGTTGGTCGCAGTAG,0
AAGTTGGTTGCTTGCT,0
AAGTTGTTACCCCATA,0
AAGTTTACATAGACTA,0
AAGTTTACCGGTCTGA,0
AAGTTTAGATACGCTC,0
AAGTTTGGACGAAGAC,0
AAGTTTTAACTACAAA,0
AAGTTTTCATCAGAAT,0
AATAAAAAAATCTCAT,0
AATAAAAAACAAACTT,0
AATAAAAAACTTGACT,0
AATAAAAAGTCCGAAA,0
AATAAAAAGTTATCCG,0
AATAAAACTGCCTGAC,0
AATAAAACTTATCTTT,0
AATAAAATATCAAATA,0
AATAAAATCAGAGAAT,0
AATAAAATTAGGCCGG,0
AATAAACAAATTGACA,0
AATAAACACGCAGGTT,0
AATAAACATTAATAGC,0
AATAAACCAGACTTTA,0
AATAAACCCAGATGGT,0
AATAAACCGAATTACA,0
AATAAACCGTTGGACT,0
AATAAACTCTAGGTCC,0
AATAAACTGCAAAAGT,0
AATAAAGAATGATTGA,0
AATAAAGACAACAACT,0
AATAAAGAGGAAAGTC,0
AATAAAGCGGCGCTAC,0
AATAAAGCTTGGCAAA,0
AATAAATAACGAGTCG,0
AATAAATAGATACCTG,0
AATAAATATGAAAAAC,0
AATAAATGCCTCGCCT,0
AATAAATGTCCATTAT,0
AATAAATTACACGTCT,0
AATAAATTCGAGAAAC,0
AATAAATTCTTCGCAC,0
AATAAATTGGGCCAGA,0
AATAAATTTTGGGGCA,0
AATAACAAAAATGCCT,0
AATAACAAAGCACATT,0
AATAACAAAGGAAGGC,0
AATAACAAGTATGTTG,0
AATAACACCCGTCTGT,0
AATAACACTATATTAT,0
AATAACACTATCTAAT,0
AATAACACTCATTAAA,0
AATAACATAATCTCCC,0
AATAACCAGATACTCC,0
AATAACCTAAAGGTCT,0
AATAACCTTAGCTAAA,0
AATAACGTCTTGAGAA,0
AATAACGTGAATATAA,0
AATAACTCTTAAAGTA,0
AATAACTGGCGCCGCC,0
AATAACTTATAGTCGT,0
AATAACTTTGGATCCA,0
AATAAGAAATATCGAC,0
AATAAGACTAAAAATG,0
AATAAGAGAGTAGTTG,0
AATAAGAGGAGCTGTA,0
AATAAGCAGGACCATA,0
AATAAGCCAATTAGAT,0
AATAAGCCCAACATCC,0
AATAAGGACTATCTAT,0
AATAAGGTTGAAACCG,0
AATAATAAACAAATAA,0
AATAATACAATAGGTT,0
AATAATACGGTAGAGA,0
AATAATACGTACAACC,0
AATAATATATTAAAGC,0
AATAATATGTGCTGAC,0
AATAATATTACCCTAA,0
AATAATCAGTTTACCA,0
AATAATCCAACTCGTT,0
AATAATCCAACTTTAA,0
AATAATCCACACTAAA,0
AATAATCCATACGTAA,0
AATAATCCTAACCAGT,0
AATAATGAATAGAGAA,0
AATAATGATATGTGCA,0
AATAATGCATTACAAT,0
AATAATTATAGGAGAA,0
AATAATTTATCTAACA,0
AATAATTTGAAAAAAA,0
AATACAAAAATGGTGG,0
AATACAAACACAGAAA,0
AATACAAACACTGGTT,0
AATACAAAGAGAAACG,0
AATACAAATTATAAAA,0
AATACAACTTCCTAGA,0
AATACAAGCATAAGCT,0
AATACAAGGCACAAAG,0
AATACAAGTTCTATAA,0
AATACAATAATTAACT,0
AATACAATGAACGGAA,0
AATACAATGTCGTTCG,0
AATACACCCTGTAAAG,0
AATACACTTAAAATCG,0
AATACACTTAATTACA,0
AATACAGAATGTCTTA,0
AATACAGCAAGACATA,0
AATACAGGAGCTATAC,0
AATACAGTCCTAGGCT,0
AATACATAACCATTGA,0
AATACATACAAGAACT,0
AATACATATGCATAAC,0
AATACATGATACGTTT,0
AATACATGTAAATGCT,0
AATACATGTATCGGCA,0
AATACCAATAGTAAGA,0
AATACCAATTCTAAAT,0
AATACCACGCAATGGT,0
AATACCAGGAATGCTA,0
AATACCATAAAGATCG,0
AATACCATTAAAGACA,0
AATACCCATAAGACTA,0
AATACCCTAACAAACC,0
AATACCGCACTTCGTA,0
AATACCGGGCAGTAAA,0
AATACCGTTGACCATT,0
AATACCTAACCCGACT,0
AATACCTAATAAACGC,0
AATACCTGCTGAGATT,0
AATACGAATTCTTAAA,0
AATACGACAACTGAAT,0
AATACGACCCACTCAT,0
AATACGCTATAAGCCC,0
AATACGGCCCACCCAC,0
AATACGGCCGCTATTG,0
AATACGTTGTAGTATG,0
AATACTAAGCATAACA,0
AATACTACAAGTCGTT,0
AATACTAGCACATAGT,0
AATACTATTCACGCCT,0
AATACTCAGAATGTTA,0
AATACTGATCACAACT,0
AATACTTAAACGAGAT,0
AATACTTACGAAGGCA,0
AATACTTGCCAATAAT,0
AATAGAACACATGAAT,0
AATAGAATAGCCCGAT,0
AATAGAATATCGTACA,0
AATAGACAAATTTTAC,0
AATAGACCTCTATCGT,0
AATAGATACAAAACGG,0
AATAGATTTCATACAA,0
AATAGCAACTGAACAC,0
AATAGCACAGACGATG,0
AATAGCACCACACTAT,0
AATAGCAGAGTAGGAA,0
AATAGCAGTACGTATG,0
AATAGCATCTCGATTG,0
AATAGCATGAATTATC,0
AATAGCCACCTCAAGG,0
AATAGCCTAAACTAAA,0
AATAGCGACTTCTGAA,0
AATAGCGCACACTAAG,0
AATAGCGGTAGATGCA,0
AATAGCTGAGTAAACG,0
AATAGGCCGAGAAAAT,0
AATAGGGCAGAATCCG,0
AATAGGGCTGGACCAA,0
AATAGGTTATATAGAA,0
AATAGTAAAAACATTC,0
AATAGTAACAATGCGA,0
AATAGTACCGGGCGGG,0
AATAGTTAACTGTCAA,0
AATAGTTATCGACCTA,0
AATAGTTCCATATCAT,0
AATAGTTTAAGACACT,0
AATATAAAACAACCAC,0
AATATAAAACCAAGTA,0
AATATAAAACGGAAAC,0
AATATAAACACCCATT,0
AATATAAACATCACTC,0
AATATAAAGGGCTTTG,0
AATATAACATGTGATA,0
AATATAACCTAGAGTT,0
AATATAAGTTCGATTC,0
AATATAATAAAACTGC,0
AATATAATACCAAACA,0
AATATAATGAATAACT,0
AATATAATTGACAAAT,0
AATATACAATCCGGCT,0
AATATACCACGATCAG,0
AATATACCCCACTTGA,0
AATATACGAACTAATA,0
AATATACGAATCAATT,0
AATATACTCCTACCGA,0
AATATAGAAGAATCTA,0
AATATAGTAGGCAACA,0
AATATAGTATTCTGTT,0
AATATATAAGGACGTA,0
AATATATAATATGCTG,0
AATATATACAGCCCCT,0
AATATATACCCATCTA,0
AATATATATTAGGAAA,0
AATATATCTTTTTGAA,0
AATATATGTTTAATCA,0
AATATATTAAAGATTT,0
AATATATTATAAAAAA,0
AATATATTCAACAGGA,0
AATATATTCACTGGTT,0
AATATATTTGCATAGA,0
AATATCAAAGTATAAA,0
AATATCAAGCACCCTG,0
AATATCACTAAAAGAA,0
AATATCAGAAAGATCG,0
AATATCATACGTCTAC,0
AATATCATTCAATGAG,0
AATATCGATAAAGATC,0
AATATCGGATGCGTGG,0
AATATCGTATAACACA,0
AATATCGTTATACTAA,0
AATATCTAATACCCTA,0
AATATGAAATAAATAT,0
AATATGAATAAATTAA,0
AATATGAGCGAAATCC,0
AATATGATTAGAGACC,0
AATATGATTTCTAAAA,0
AATATGCAAGCAATAA,0
AATATGCGAGAACCGT,0
AATATGCTCCATTCAA,0
AATATGGAAAAAACCC,0
AATATGGAGAGCGTAC,0
AATATGGGCAATCTCT,0
AATATGTGTTTGCAAA,0
AATATTAACGTCAACT,0
AATATTATGAATCAGT,0
AATATTCAATTAAATA,0
AATATTCAGCGTACAA,0
AATATTCGAGCAAATA,0
AATATTCGCTCGACAT,0
AATATTCTAAAACAAC,0
AATATTCTCACTGACA,0
AATATTGACGAACTAA,0
AATATTTAATTTCTCT,0
AATATTTCAATTTATT,0
AATATTTGATCAAACG,0
AATCAAAACCCGAGAC,0
AATCAAAACTAACCAA,0
AATCAAACATGAAACT,0
AATCAAACCTTTGCAG,0
AATCAAACGGACAAAG,0
AATCAAAGATCGAACC,0
AATCAAGCAATCTACT,0
AATCAAGTCTGAAAAA,0
AATCAATGCGCTTATG,0
AATCACCCAAATCCTA,0
AATCACCCCCAACTAA,0
AATCACCTACTGAACT,0
AATCACCTCTCTAGAG,0
AATCACGAGCGTCAAG,0
AATCACTTCCCATGCA,0
AATCACTTCGACAAGA,0
AATCAGAAAATAAAAT,0
AATCAGAATACAGCAA,0
AATCAGACACAGTTAT,0
AATCAGCGTTGTAGGG,0
AATCAGCTGAAAATCA,0
AATCAGGCATTCTAGC,0
AATCAGGCTACGAGTT,0
AATCAGTCAAAGTTAA,0
AATCAGTGTCTGTGTG,0
AATCAGTTAACTGAAC,0
AATCATAACAGGATTA,0
AATCATAGCTATTCAC,0
AATCATAGGTGTTGAG,0
AATCATATCGTCCGTA,0
AATCATTAATCGAGCA,0
AATCATTCTAGAGGAG,0
AATCATTTGAACACCA,0
AATCCAAAAATCTCAA,0
AATCCAAAGGGCTACT,0
AATCCAAATGGCTCGG,0
AATCCAACAGAAATCC,0
AATCCAATAAAATCCC,0
AATCCAATCACAGACT,0
AATCCAATTACACGTT,0
AATCCACCTTTTCCTA,0
AATCCACGCCATAGGG,0
AATCCAGCCAGTAAGC,0
AATCCAGGACAAAAGT,0
AATCCAGGACCAACCT,0
AATCCATACATAGAAA,0
AATCCATCATTTAGAA,0
AATCCATGAGACGGAA,0
AATCCCAAACTGTCAA,0
AATCCCAAAGCTATAT,0
AATCCCATGAGGAAAA,0
AATCCCCCCACGGAGA,0
AATCCCCGGAGGTTTC,0
AATCCCGAATGAAGAG,0
AATCCCGCAGGTAGAA,0
AATCCCGCGAAAAACA,0
AATCCCTAAGATCACC,0
AATCCCTCCATACTAA,0
AATCCCTCCTAGATCC,0
AATCCCTCTGTTTATG,0
AATCCCTTATGGGCCA,0
AATCCCTTGCCCGAGG,0
AATCCGATATACAACA,0
AATCCGCATGTGTATG,0
AATCCGGATCTAAACA,0
AATCCGGTAATACCAC,0
AATCCGGTTTGATTCT,0
AATCCGTCCAATTCCC,0
AATCCGTGACGATGTG,0
AATCCTAAATTCTAAC,0
AATCCTAATCAAAACC,0
AATCCTACAAACAGAA,0
AATCCTATCCTGTCTA,0
AATCCTATGCAAGCGT,0
AATCCTCAATGCGCTG,0
AATCCTGACCAACGCC,0
AATCCTGATGCACAAC,0
AATCCTGGTCAACAAA,0
AATCCTGTGATTTTAT,0
AATCCTTCACGACCTT,0
AATCCTTGGCCGTTTA,0
AATCGACAACAAACGG,0
AATCGACACAGTTTCA,0
AATCGACATATTTCCC,0
AATCGAGACGAACGGT,0
AATCGATCGTATGCCG,0
AATCGATGTAATATGC,0
AATCGATGTTCGATAG,0
AATCGATTGCTGGTTG,0
AATCGATTTAAAACAG,0
AATCGCAGAACTAGGT,0
AATCGCATGTCTCATG,0
AATCGCCGTTTGAGAA,0
AATCGCCTTTTACTGA,0
AATCGCGCTAAAACTA,0
AATCGCTACCCGATTA,0
AATCGCTGTACACTGT,0
AATCGGATTGTGGCAA,0
AATCGGTCATTCTGAC,0
AATCGTACAGACATGA,0
AATCGTAGACGCAAGA,0
AATCGTATTTAGGTGT,0
AATCGTCCCCACCCCT,0
AATCGTCGGCACTACT,0
AATCGTCTTAAATTTC,0
AATCGTGAACAATCTA,0
AATCGTTCATCGTCCA,0
AATCTAAAGAAAAACT,0
AATCTAAATGCATGTA,0
AATCTAACAGCAATAT,0
AATCTAACATCCTAAG,0
AATCTAACTTGAATAA,0
AATCTAAGCAGAATCT,0
AATCTACAACTAATTC,0
AATCTACACAGATTGG,0
AATCTACTAACAATTG,0
AATCTAGAACCCCAAA,0
AATCTATACGGTAACA,0
AATCTCACAACTAACT,0
AATCTCACCGGACATT,0
AATCTCGAAAAATCAG,0
AATCTCGAAACCTGTA,0
AATCTCGATGTATTGA,0
AATCTCTACCAATTCT,0
AATCTGACATAGACGT,0
AATCTGAGAAGCAGAC,0
AATCTGAGACTCTGAA,0
AATCTGCATGAGTACA,0
AATCTGCCTCTCTAAT,0
AATCTGCGTTTAACGT,0
AATCTGGCAGATCATC,0
AATCTGTCCCAGGAAT,0
AATCTTACAAAGTTTT,0
AATCTTACGAGTTGGC,0
AATCTTACGTCTTTGG,0
AATCTTCTGAAGTCTC,0
AATCTTCTTACGCCTT,0
AATCTTGCTTTTACAC,0
AATCTTGGAAGCTAAG,0
AATCTTTAAAAGAAAA,0
AATGAAAAAAAATGAC,0
AATGAAAAATCACCTA,0
AATGAAAATCACACGA,0
AATGAAAATGAATAAA,0
AATGAAACTATCATCA,0
AATGAAAGATAATAAG,0
AATGAAAGGACCGCGT,0
AATGAAATATGAAGTC,0
AATGAAATCAAGAGCT,0
AATGAAATGATAGCCG,0
AATGAAATGTGCCACT,0
AATGAAATTCTTTATC,0
AATGAACAAAGCGAAC,0
AATGAACACAAACACC,0
AATGAACCCCTCTTTC,0
AATGAACCCGATAAAT,0
AATGAACCTAAATTAC,0
AATGAACGGTCGTTAT,0
AATGAACGTCGACCCC,0
AATGAACTATATATTG,0
AATGAACTTGTCACTA,0
AATGAAGAACTTCCAA,0
AATGAAGCTAAGGGAA,0
AATGAAGTGGCATAAC,0
AATGAATATTACATAG,0
AATGAATCACCCTTTC,0
AATGAATCGCTGAGTC,0
AATGAATCTGAAACGA,0
AATGAATGACCATATG,0
AATGACAAAACCAAAA,0
AATGACAAAACGCTCA,0
AATGACAAATCAAGTC,0
AATGACACAAAAAACG,0
AATGACACACGTAACA,0
AATGACATTTACACCG,0
AATGACCAGATCCAAC,0
AATGACTATAAGCTCA,0
AATGAGAACAATATAC,0
AATGAGACAAACATGT,0
AATGAGAGTAGACATT,0
AATGAGATGCCACAAG,0
AATGAGATTTTATCCA,0
AATGAGCAAAAATGGA,0
AATGAGCCCGGAGACA,0
AATGAGCGCTAGACAA,0
AATGAGGCAATTGAAT,0
AATGAGGGCCCGTTAA,0
AATGAGTTAGAAAACG,0
AATGATACCGGGTTCG,0
AATGATACGCCCAAAG,0
AATGATACTCGTGACT,0
AATGATACTGGCACGT,0
AATGATATTGTTTTTT,0
AATGATCCCAAACGAT,0
AATGATCGAAACGAAG,0
AATGATGGCAATACGT,0
AATGATGGGCATTTAT,0
AATGATTAAACCACGT,0
AATGATTAACATGACC,0
AATGATTCGAATCACA,0
AATGCAAACACGTTCC,0
AATGCAACCTTATCTA,0
AATGCAAGAGCTACGC,0
AATGCACATAAAACTG,0
AATGCATCAGTCATAA,0
AATGCCAAAGAAAAGT,0
AATGCCATACAGCGAT,0
AATGCCCAGTTATGTC,0
AATGCCCCCGGCCACG,0
AATGCCGCAAAAGTAG,0
AATGCCGCAATAACAA,0
AATGCCGTAGAATTGA,0
AATGCCTACCTGGCAC,0
AATGCCTCGTGACCAC,0
AATGCGCCCAGAAAAG,0
AATGCGGGAACACTAA,0
AATGCGTAGGCAATCT,0
AATGCGTATATCTTGA,0
AATGCTCAATGCTAAC,0
AATGCTCCAATTTTAT,0
AATGCTGCAAAATACA,0
AATGCTTACCAAGATA,0
AATGCTTCAACTCAAC,0
AATGCTTTCCTTAATA,0
AATGGAACCAGACAGT,0
AATGGAATTCGATACC,0
AATGGACACACCATGG,0
AATGGACATCACAGTA,0
AATGGACCAATTAACG,0
AATGGAGAACAAGAAA,0
AATGGATATATACAGG,0
AATGGATATGACACTT,0
AATGGATGGCTAGCGT,0
AATGGATTACAGTGCG,0
AATGGCGCAGGACACG,0
AATGGCGCATAATACC,0
AATGGCGTAAATAATA,0
AATGGCGTATAACTTA,0
AATGGGAACGGTATTA,0
AATGGGATCTACAAAT,0
AATGGGCACTGGGCCT,0
AATGGGCCACAGCGGA,0
AATGGGGGCCCTTCTG,0
AATGGGTCCCATTGTT,0
AATGGGTGGAGTGACA,0
AATGGTACCTTGCATA,0
AATGGTGCCATCTGTA,0
AATGGTTAAGTTGTAA,0
AATGGTTACAACGCCG,0
AATGGTTTAGTCACCC,0
AATGGTTTGAATATAT,0
AATGGTTTTCATTTCC,0
AATGTAAATGATCTTC,0
AATGTAAGCGTAATTA,0
AATGTAAGGCAAATTG,0
AATGTAATGTAATAAA,0
AATGTAATTTGCAAAG,0
AATGTACCAACGGAGC,0
AATGTAGTAATATTGC,0
AATGTCAAGACCCATA,0
AATGTCCGACGAGTAA,0
AATGTCGCGACCCTTG,0
AATGTCGTATACGAAT,0
AATGTCTCTCGCAAAC,0
AATGTCTGGTGCTCCG,0
AATGTCTTTTAGTCCA,0
AATGTGAATACACAAA,0
AATGTGAGGAATATAA,0
AATGTGCCAAAATTGG,0
AATGTGCCTGTTTGCC,0
AATGTGGGCGACAACT,0
AATGTGTCAATGCTTG,0
AATGTTATCATATAAC,0
AATGTTCAGAATACTA,0
AATGTTCAGTAGTGAA,0
AATGTTCATACATCAC,0
AATGTTTAATATTCGA,0
AATGTTTTACGGGCTA,0
AATTAAAAAACAGATT,0
AATTAAAAACCCATGG,0
AATTAAAACGGAATTT,0
AATTAAACAGATACAA,0
AATTAAAGGAACCTTG,0
AATTAAATAAAAAGAG,0
AATTAACCACGCCGAT,0
AATTAACGTAATGAGG,0
AATTAACTAATAGAGC,0
AATTAAGAAATGACTC,0
AATTAAGAAGTGATTC,0
AATTAATTAGTCCTTC,0
AATTAATTATATTCAC,0
AATTAATTCATAAAGA,0
AATTACAAATGTGATA,0
AATTACAAGATCTTAC,0
AATTACAATCGCGCAT,0
AATTACACGAAGAAAG,0
AATTACAGGGGAGTGT,0
AATTACCTACCCTAAC,0
AATTACCTCATGTCGA,0
AATTACCTGGTCGCCG,0
AATTACTAAATAAGTT,0
AATTACTAACAAAACA,0
AATTACTACTGCGTTG,0
AATTACTGAGCTCAAA,0
AATTACTGATGAAACC,0
AATTACTTGGAAAACA,0
AATTACTTGGACTCAA,0
AATTACTTTAGCAAGC,0
AATTAGAACGTACCAT,0
AATTAGAAGAAATGAT,0
AATTAGAGGTACTGAA,0
AATTAGCAATGCGAAA,0
AATTAGCAGAATACGC,0
AATTAGTAAATTACTG,0
AATTAGTACAATAATT,0
AATTATAACTATCTAT,0
AATTATACAACAAGAA,0
AATTATACATAAAGAA,0
AATTATACATTGTCAC,0
AATTATACCATTTGAA,0
AATTATACGAAATGGA,0
AATTATACTGAGTACT,0
AATTATAGCAGGACTA,0
AATTATATAGTGCTTT,0
AATTATATCAATACGA,0
AATTATCATCACCAGA,0
AATTATCCGGAATTCA,0
AATTATCCTATAGGCC,0
AATTATCGCGAGTAAA,0
AATTATCGCTTACTAA,0
AATTATCGTAACCAGC,0
AATTATGCGGACGCAA,0
AATTATGTTCCCAAAC,0
AATTATTAATCGTTAA,0
AATTCAAATCAGTTTC,0
AATTCAAATTTAACGT,0
AATTCAAGGAAGGCGC,0
AATTCAATCTAACCCG,0
AATTCAATTAGACACG,0
AATTCACAAATATAGG,0
AATTCACACCGATCCA,0
AATTCACCTATCGTTG,0
AATTCACCTGCCTTTC,0
AATTCACTCGACAATA,0
AATTCATAACTGATCT,0
AATTCATCAAGAATCT,0
AATTCCAAGATAGAAT,0
AATTCCACCATCATAT,0
AATTCCCACCGTTAAC,0
AATTCCCGTGCGCAGG,0
AATTCCTCGACGACAC,0
AATTCCTGTCCCCCGT,0
AATTCGAAATCGACCT,0
AATTCGATTGCTCAGG,0
AATTCGCATTACAGGA,0
AATTCGGAAGCTAACA,0
AATTCGGACCATAGAC,0
AATTCGTAAACAATCG,0
AATTCGTACATCTACG,0
AATTCGTACTCTCAAC,0
AATTCTACACAACACT,0
AATTCTCGCAAGCCTC,0
AATTCTCTGGTCAAAT,0
AATTCTTAATACGTGT,0
AATTCTTATCTTTTAG,0
AATTGAAAAGTGCTTT,0
AATTGAAAATATGAAA,0
AATTGAAACCCAACAC,0
AATTGAACTAATATAC,0
AATTGAACTCACTCTT,0
AATTGAAGCAGGTGTA,0
AATTGAAGGTGAAAAA,0
AATTGACTATCCATAT,0
AATTGACTGCTACCAA,0
AATTGAGAGTTACTCT,0
AATTGAGTTTCACTAA,0
AATTGAGTTTTTCCCG,0
AATTGATAAAAACCAA,0
AATTGATCACATGAAC,0
AATTGATGACATCCAA,0
AATTGATTAAGTGAAA,0
AATTGATTGCACCCAT,0
AATTGCAAGCACGTAT,0
AATTGCACTGAATAGA,0
AATTGCATTCCAATTG,0
AATTGCCAACCCAACT,0
AATTGCCCAAGAGCGA,0
AATTGCGAAACGCCAA,0
AATTGCGAATATACAC,0
AATTGCTACAGTAATA,0
AATTGCTCACAGATAC,0
AATTGCTCGTAAACAA,0
AATTGCTGTCATTATA,0
AATTGCTTAAGTTTCT,0
AATTGGATTGATTTCA,0
AATTGGCAAGGATAAA,0
AATTGGGAGCCTCATG,0
AATTGGTATATAAGGC,0
AATTGGTGATCCGGAG,0
AATTGGTTTCTGCAAG,0
AATTGTACAACTTCAA,0
AATTGTACCCCGTCCA,0
AATTGTACTAAATGAA,0
AATTGTATTTAGCATG,0
AATTGTCTATCCGTAC,0
AATTGTGTCCACCTTG,0
AATTTAACCGGAGCTC,0
AATTTACAAACGCCTG,0
AATTTACAAAGTGTTC,0
AATTTACATAGCGTAC,0
AATTTACTAACATTAT,0
AATTTACTAAGCAAAT,0
AATTTACTCCGCACAT,0
AATTTAGGTCGACAAA,0
AATTTATATCCTTAAA,0
AATTTATCAGTAAATA,0
AATTTATCCAGAACCA,0
AATTTCAACTCTTTAG,0
AATTTCACACGTCCTA,0
AATTTCACAGGTACGA,0
AATTTCATAAGAAACC,0
AATTTCCAAATACAAT,0
AATTTCCTATAACTTC,0
AATTTCTGCTATCATT,0
AATTTGACAAGAATTA,0
AATTTGACACGACCCA,0
AATTTGACCTGTGAAA,0
AATTTGCCGACACTCT,0
AATTTGCTCTTCAAAC,0
AATTTGGAATGATCCC,0
AATTTGTACAACAGGT,0
AATTTGTAGTTAAATG,0
AATTTGTATATAGAAA,0
AATTTGTGATAAAAAA,0
AATTTGTTCCAGATAC,0
AATTTTAAAAGTTCAA,0
AATTTTAAAATTATCT,0
AATTTTAAACAATTTG,0
AATTTTAACGATATTA,0
AATTTTAAGAAGTAAC,0
AATTTTAATGCAAAGG,0
AATTTTACCGACTATC,0
AATTTTATAAAATTAA,0
AATTTTCCAATAATTA,0
AATTTTGAGTAACGAG,0
AATTTTGCAAACGTAC,0
AATTTTGTAACCGTAT,0
AATTTTGTAGACGCAT,0
AATTTTGTTACCCGAA,0
AATTTTGTTGAAATTT,0
AATTTTTAGCGTCATT,0
AATTTTTATAGGAAAT,0
AATTTTTCAATGGACC,0
AATTTTTTCTTCTAGG,0
ACAAAAAACATAGTAA,0
ACAAAAAATATATAAC,0
ACAAAAACGCCGATGG,0
ACAAAAAGAGCAACCA,0
ACAAAAATACCTTCCA,0
ACAAAACAAACCATTT,0
ACAAAACAAATACACG,0
ACAAAACCATCCTGTG,0
ACAAAACCCTCAGCAG,0
ACAAAACGAAAAGAAA,0
ACAAAACGTTCCTCGT,0
ACAAAACTGGGTGACG,0
ACAAAAGCCAAATCTC,0
ACAAAAGGCGGGAATC,0
ACAAAATAATATCAAC,0
ACAAAATACAGCAATG,0
ACAAAATACTGCATTT,0
ACAAAATATACACGTC,0
ACAAAATATTTGACAT,0
ACAAAATCAACTTACG,0
ACAAAATCAGCAAATA,0
ACAAAATCCCAAGGAA,0
ACAAAATGAACCGCGT,0
ACAAAATGGCACCTCA,0
ACAAAATTACCTGGAC,0
ACAAAATTGAATAACA,0
ACAAACACATAGACAG,0
ACAAACACTCAACGGA,0
ACAAACAGAAAAAAGC,0
ACAAACAGAAGTATGC,0
ACAAACAGATAAGAAT,0
ACAAACAGTGCAACCA,0
ACAAACATACCCTCAG,0
ACAAACATATAATACA,0
ACAAACCCCTGGGAGT,0
ACAAACCTCTCGACAG,0
ACAAACGAACACACGC,0
ACAAACGACCAATGAA,0
ACAAACGAGCGTAATA,0
ACAAACGGAGGAACCT,0
ACAAACGGGCGGTAAC,0
ACAAACTTTAATTGGA,0
ACAAAGAGGAAGCATT,0
ACAAAGAGGTCCTGGA,0
ACAAAGATCCCAATAA,0
ACAAAGCAACTATTAC,0
ACAAAGCGCTGCGGAA,0
ACAAAGCTAAAAACGA,0
ACAAAGCTTCGGGACA,0
ACAAAGGACGGGGACC,0
ACAAAGGCGACAGAAA,0
ACAAAGTAGATATAGT,0
ACAAAGTCAGTCCAGG,0
ACAAAGTGATTGACAT,0
ACAAAGTGGTCCGTAC,0
ACAAAGTTACCGAACA,0
ACAAATAAAAGATGAA,0
ACAAATAAGAGATGTC,0
ACAAATAATAGCAGCC,0
ACAAATACAAGCAACT,0
ACAAATATCGTAGATC,0
ACAAATCAACTCAAAA,0
ACAAATCATCTCTGCG,0
ACAAATCATGGCGAAT,0
ACAAATCTCAGATTTC,0
ACAAATGAAAAAAAAT,0
ACAAATGGTAACGTCG,0
ACAAATGTTATAAAAA,0
ACAAATTCAACAGAGG,0
ACAAATTGTATTATCA,0
ACAACAACAGAACAGA,0
ACAACAATAACGGTGA,0
ACAACAATCGTAAATC,0
ACAACAATGTGTATTA,0
ACAACACACACAAAAT,0
ACAACACCCCATAACC,0
ACAACACCCGAAGCTA,0
ACAACACCCTGAGACT,0
ACAACACTATGAGAAT,0
ACAACAGATGTTTAGA,0
ACAACAGTATAACCGT,0
ACAACATCGAGTTCTT,0
ACAACATGATGCCAAG,0
ACAACATTAACAAAAA,0
ACAACATTTATCTATG,0
ACAACATTTGTGCGGA,0
ACAACCAGATACACCT,0
ACAACCATGATTCAAA,0
ACAACCCAAAAAACTA,0
ACAACCCAAAAATGGA,0
ACAACCCTTCGATACG,0
ACAACCGTTAGCCGAA,0
ACAACCTAGATCCGAT,0
ACAACCTTGGGTAATT,0
ACAACGCAGAAATCAG,0
ACAACGGAGCACCCGA,0
ACAACGGCACTAATAA,0
ACAACGGGAGAATGCT,0
ACAACGGTTTCCGACA,0
ACAACGTCAGTTAAGT,0
ACAACGTCGCGTAACA,0
ACAACGTGCTAAAAAT,0
ACAACTAAAAATGTGT,0
ACAACTAGGACAGGAC,0
ACAACTATTGAAGACT,0
ACAACTCAAAATATTG,0
ACAACTCAATCCAACT,0
ACAACTCAATTTACGT,0
ACAACTCATAGTAAAG,0
ACAACTGATCAAAACC,0
ACAACTTATATCCCTA,0
ACAAGAAAAAAACCGC,0
ACAAGAAAAGTATGAG,0
ACAAGAAAATAAAACA,0
ACAAGAAACATGTTGA,0
ACAAGAATAGTGCGCA,0
ACAAGAGCCGACGTTG,0
ACAAGAGCGTGTTTTA,0
ACAAGAGGGACTCAGG,0
ACAAGAGTCTATCATC,0
ACAAGATAATTTCATG,0
ACAAGATATCCTCATC,0
ACAAGATCATGCCCGA,0
ACAAGCAGAGTCAATA,0
ACAAGCCCAATATACA,0
ACAAGCCCGACATCGT,0
ACAAGCTTAAAATCAC,0
ACAAGCTTGTACGTCT,0
ACAAGGAAGACGAGTA,0
ACAAGGAATGAATACT,0
ACAAGGAATGCGTTCT,0
ACAAGGATAAATAGCA,0
ACAAGGATTCGGCTTA,0
ACAAGGATTGGATATG,0
ACAAGGGCTCCCCGTA,0
ACAAGGGGGTTAGGGA,0
ACAAGTAACTAGCTTG,0
ACAAGTACAAAAATCA,0
ACAAGTATAGTAACAA,0
ACAAGTCAGATACAGA,0
ACAAGTCGACACACCA,0
ACAAGTCTTCTTATAC,0
ACAAGTGCGTATTGAG,0
ACAAGTGTCAGTTTAA,0
ACAAGTTCGCCATGTT,0
ACAATAAACGTCATGC,0
ACAATAATCATCACCA,0
ACAATAATGCTTGGGG,0
ACAATACAAACCAGCA,0
ACAATACAAATGAAAC,0
ACAATACCAAATATAG,0
ACAATACTAGGAATAA,0
ACAATACTTACGAGGC,0
ACAATATAACATAGTA,0
ACAATATAATAGCCCT,0
ACAATATTTGATGAAT,0
ACAATCACGATCTTAA,0
ACAATCAGATAATGAT,0
ACAATCATTAACTGCG,0
ACAATCCATAAAAGCT,0
ACAATCCCAGCCCCAA,0
ACAATCCCTTAAAATG,0
ACAATCCCTTGCCACA,0
ACAATCCTATAACTGC,0
ACAATCGATTACTTTC,0
ACAATGAAAGGACGAC,0
ACAATGAACCACCACC,0
ACAATGAACGGTTCAA,0
ACAATGAACTTGGCAT,0
ACAATGAAGATAGAGT,0
ACAATGATAAAGCATT,0
ACAATGATATCTAGGA,0
ACAATGCACTAGTCTT,0
ACAATGGACTAGAGCG,0
ACAATGGCCGGTATTG,0
ACAATGGGTCTGTGAA,0
ACAATGTTAATCGCAG,0
ACAATGTTTAGAATCA,0
ACAATTAATTAAAATA,0
ACAATTACCAATTGAC,0
ACAATTACTCGGTAGT,0
ACAATTACTGATCCGA,0
ACAATTATAAAATAGG,0
ACAATTATACGACACA,0
ACAATTCACGATATTG,0
ACAATTCTGCAGACCA,0
ACAATTGAAATACACT,0
ACAATTGCAAATAAAA,0
ACAATTTCCAGAATAT,0
ACACAAAAATCGACAC,0
ACACAAAACATCTAGA,0
ACACAAACAAAAATTA,0
ACACAAATGCCCGTGT,0
ACACAACCAAGAATGA,0
ACACAACGACCTAATC,0
ACACAACTCAGAATAT,0
ACACAACTTTCATATT,0
ACACAAGAATTTATAG,0
ACACAAGATATAATGT,0
ACACAAGCATATCAGC,0
ACACAAGCCGCTTGCT,0
ACACAAGTCGCTTACT,0
ACACAAGTTTACAAGA,0
ACACAATAAAGGCTTG,0
ACACAATTTACAATAA,0
ACACACAATTATAAGG,0
ACACACACTACCCAAG,0
ACACACAGATAGATTG,0
ACACACCCACATCGTT,0
ACACACCCCAAAAGTG,0
ACACACTAATAATCTA,0
ACACAGAATACTATGA,0
ACACAGACCAAAGTTA,0
ACACAGCCTATCACTT,0
ACACAGTAAACTCCCC,0
ACACATAAAGTTGCTC,0
ACACATAACATAACTA,0
ACACATAATAGCTCTG,0
ACACATACAAATCCTT,0
ACACATATGACGACGA,0
ACACATATTAGAACTG,0
ACACATCAGCACCAAA,0
ACACATCCTTGAACAA,0
ACACATCGGACTATCT,0
ACACATGACGCTGGTC,0
ACACATGCACAATCTA,0
ACACATGTTAACAAGG,0
ACACCAATTCTTATGA,0
ACACCAATTTGAAAAT,0
ACACCAGGCATAAAGT,0
ACACCAGGTTATAGAA,0
ACACCATAACACCCGT,0
ACACCATCATAAAAGG,0
ACACCATGCCCCAGGA,0
ACACCCACAAAATCAG,0
ACACCCACGGCCGGAT,0
ACACCCACTACTACTA,0
ACACCCCCCACCTTTA,0
ACACCCCCTTTCCAGA,0
ACACCCCTCCAAAAGC,0
ACACCCTAACCCGGAA,0
ACACCCTGTGGCACTC,0
ACACCGATAACATAAA,0
ACACCGATCCAGAATG,0
ACACCGGCAACCCGCC,0
ACACCTACAATAATAC,0
ACACCTCATAATTAGC,0
ACACCTGGAAACTCGA,0
ACACCTGTACCGATAA,0
ACACCTGTCAACTAGG,0
ACACCTTAAATGCTAT,0
ACACCTTACTGGGTTG,0
ACACGAAAAGGTAGGC,0
ACACGAATCAGGATAG,0
ACACGACACTTGGAGA,0
ACACGACCTTCACCTT,0
ACACGACTTGGAGAAC,0
ACACGAGAATAGGCAG,0
ACACGAGATCATTATA,0
ACACGATAATGACCAA,0
ACACGATGACATTTCC,0
ACACGCACCATACCAA,0
ACACGCCAATTTTACC,0
ACACGCCCCAAAGGAA,0
ACACGCCGGTCTCAAA,0
ACACGCGACTGAGAAT,0
ACACGCGCGTAGCCAG,0
ACACGCGGCAGAGAAT,0
ACACGCGTAAGCAAGG,0
ACACGGAGACCTAACT,0
ACACGGGGTGACATAT,0
ACACGGGTTACAATAT,0
ACACGGTACTAATTAT,0
ACACGTAACATGTAAA,0
ACACGTATACATAATA,0
ACACGTTCCCACTACT,0
ACACGTTCCGGTTGCC,0
ACACTAAATTCTTACG,0
ACACTAATCTTAAGCG,0
ACACTACAAAAGAAAT,0
ACACTACTACAGTACT,0
ACACTAGCATTTGGCT,0
ACACTATCTTTGAACC,0
ACACTCACTTACACAA,0
ACACTCAGATACAATG,0
ACACTCCGCTGAATAT,0
ACACTCCTAACTATCA,0
ACACTCCTATACTAGA,0
ACACTCCTCCGAGTAA,0
ACACTCCTCTATTCCT,0
ACACTCTAGGGTCCCA,0
ACACTCTCGATCGTAG,0
ACACTCTTTTAAAATC,0
ACACTGAATCAGAACG,0
ACACTGACCCGCGACA,0
ACACTGCATAGCGACA,0
ACACTGCATATGTTAC,0
ACACTGCCACTACTAT,0
ACACTGCCGCAAGTAT,0
ACACTGCTGCATGAAA,0
ACACTGGATTGTATCT,0
ACACTGTGTTTAAGGG,0
ACACTTATAATAATGA,0
ACACTTCACAATCCAG,0
ACACTTCATAATACAA,0
ACACTTCGTAAAATGC,0
ACACTTGAAACCCAAG,0
ACACTTTAAACAGACC,0
ACACTTTAATTGACAG,0
ACAGAAACAATTAAAC,0
ACAGAAACTTCTAAAC,0
ACAGAAGCTAAAACAA,0
ACAGAAGTATTGATCC,0
ACAGAATACAATAAGT,0
ACAGAATCCTCTTGGC,0
ACAGAATTGCATCTTG,0
ACAGACAGATAAAAAT,0
ACAGACATGGACATAC,0
ACAGACCATAGCGACT,0
ACAGACCGAATAAGCG,0
ACAGACGCTATAAGAA,0
ACAGACTCGCAAAAAA,0
ACAGACTGCAGATACC,0
ACAGAGAAGGTATCGA,0
ACAGAGACAAATATGC,0
ACAGAGCAAAGAGAGT,0
ACAGAGTCATGACAAC,0
ACAGAGTGTAGACTAG,0
ACAGAGTGTGAGTGTG,0
ACAGATAAAAGAAATT,0
ACAGATAAACAGGGAG,0
ACAGATAAACGACCTT,0
ACAGATAAATGTTATC,0
ACAGATAACCACACGG,0
ACAGATAATTATCAGT,0
ACAGATACAAATAAGT,0
ACAGATATAGCTATGA,0
ACAGATCCGTTCGCCA,0
ACAGATCTGTGAAACG,0
ACAGATTTTCAAACGT,0
ACAGCAACAAAGTACA,0
ACAGCAAGAGTCATAT,0
ACAGCACAAAGGAACC,0
ACAGCAGTTCATATTA,0
ACAGCATGCCTACAAA,0
ACAGCATGTAATCCCC,0
ACAGCATTAATCAGTA,0
ACAGCATTCCACTAAA,0
ACAGCCAAAGTAATGG,0
ACAGCCAGCATCGGCC,0
ACAGCCAGCTAGCAAC,0
ACAGCCCTTCATCCGA,0
ACAGCCGCCAACTAGT,0
ACAGCCTAACTCTTTC,0
ACAGCCTTAGATCTCC,0
ACAGCGCATCCCATCG,0
ACAGCTAATTCTTCTG,0
ACAGCTACTAAATGAC,0
ACAGCTCTGCACAGTC,0
ACAGCTCTGTACTGAT,0
ACAGGAAGTCTGAGAG,0
ACAGGAATACCCTCCG,0
ACAGGAATCACCGAGA,0
ACAGGAATGCTCACCA,0
ACAGGACAAAAGTATA,0
ACAGGACATCCCGTAC,0
ACAGGACGAGCAAACG,0
ACAGGACGCCCGTTCA,0
ACAGGAGATTAGAATG,0
ACAGGAGGAAATCTAC,0
ACAGGAGTGTCACGCG,0
ACAGGATAACAGGGAG,0
ACAGGATAAGTATGGT,0
ACAGGATTAATGACTT,0
ACAGGCAATGTGCATA,0
ACAGGCAGGATTAGAG,0
ACAGGGATCACTTAAC,0
ACAGGGCAACCAATGC,0
ACAGGTGAACATCGGA,0
ACAGGTGCACTGATGA,0
ACAGGTGTAGTTAACT,0
ACAGGTTAAATGAAAT,0
ACAGGTTAATTCGCTT,0
ACAGTACTAGACATAA,0
ACAGTAGACACCCGTA,0
ACAGTATCCACTTCAA,0
ACAGTATTATGATGAA,0
ACAGTCACACCAACAA,0
ACAGTCATTCCCCGAA,0
ACAGTCGTAAAAGAGC,0
ACAGTCTATAAGAGAC,0
ACAGTCTTAACCAAAA,0
ACAGTGGAGTAGCCAT,0
ACAGTGTAAGAGGAAG,0
ACAGTGTATAAGCTTT,0
ACAGTGTGTATATATA,0
ACAGTTACGCCCTATC,0
ACAGTTATCTCAGTAA,0
ACAGTTATGATACCCC,0
ACAGTTGAATAGGGGC,0
ACAGTTGACTTGCTAT,0
ACAGTTTCCAGTGAAA,0
ACAGTTTTGGACGCCA,0
ACATAAAAACACCTTT,0
ACATAAAACACATGGC,0
ACATAAAGAAATGGTA,0
ACATAAAGACCAGGAA,0
ACATAAAGTTAACGTT,0
ACATAAAGTTTTATAC,0
ACATAAATCATGTTTA,0
ACATAAATCCGCCATG,0
ACATAACAACACTACT,0
ACATAACACTAGAGCT,0
ACATAACATTAATGCT,0
ACATAACTGCAGTAAA,0
ACATAAGCTGTTGTAA,0
ACATAAGGACTAATAC,0
ACATAAGGATCTAAAA,0
ACATAAGTTAGTAGCA,0
ACATAATACTGAATTT,0
ACATAATCAACTTAAA,0
ACATAATCATTAAACA,0
ACATACACATGAGATA,0
ACATACAGGTATAGCT,0
ACATACAGGTGCGGAA,0
ACATACATAGGAAATC,0
ACATACATATTTGTCC,0
ACATACATATTTTATC,0
ACATACCAAACTACAT,0
ACATACCAACCTCCCC,0
ACATACCCTTAAAATG,0
ACATACTAATGAGATT,0
ACATACTAGCCACCCT,0
ACATACTGAATAGAGA,0
ACATACTTCTATGCCA,0
ACATAGAATACAGTGA,0
ACATAGAATCAAAAAA,0
ACATAGAGCTATTCTG,0
ACATAGAGTTTCTACT,0
ACATAGATATATAACA,0
ACATAGCAGGTTCTTC,0
ACATAGCATTAATAAC,0
ACATAGCGCACTATTC,0
ACATAGGCTAATATAG,0
ACATAGTAAAACAAAA,0
ACATAGTATTGGGCGT,0
ACATAGTCAAGCAAAT,0
ACATAGTCTGGGCATT,0
ACATATACAAAGACGT,0
ACATATACTCTTCCAA,0
ACATATAGAAGGGAAA,0
ACATATATTGAGCAAA,0
ACATATCACTCGTCTT,0
ACATATCATATGGTAA,0
ACATATCCATTGGCTA,0
ACATATCTGACACAGA,0
ACATATGAGCCATACT,0
ACATATGCAATTTCAG,0
ACATATGTTTCAAGCG,0
ACATATTATTCGAACA,0
ACATATTTAATTAATA,0
ACATATTTACAGCGAT,0
ACATCAAATGTTCCCC,0
ACATCAAGTATAATTA,0
ACATCAATATATCGTC,0
ACATCACACCCGGGTA,0
ACATCACAGCTGCCCG,0
ACATCACCCCGACTAA,0
ACATCACTAAGCACAA,0
ACATCATATTGTGCGA,0
ACATCATTCAAAAATA,0
ACATCCAAAAAATCCA,0
ACATCCAACAGGTCGT,0
ACATCCACGAAAAATA,0
ACATCCATATTGCGAT,0
ACATCCATTTAGAATC,0
ACATCCCGGATGGTGG,0
ACATCCGAATATTCCG,0
ACATCCGACGAATCTG,0
ACATCCGCTTTTGGGC,0
ACATCGTTACGTGAAT,0
ACATCTAAAAGAAAGT,0
ACATCTAGATAGCCTA,0
ACATCTATTCAAAAAC,0
ACATCTCGCAGAAACC,0
ACATCTCGTGGTCAAA,0
ACATCTGACAACTTAA,0
ACATCTTACAATATGC,0
ACATGAAAAAATAATA,0
ACATGAACCAAACGAG,0
ACATGAATCGATTGCC,0
ACATGACCCAATGTGG,0
ACATGACCCACCCGAT,0
ACATGAGTATATTGGG,0
ACATGATTAACTCTCG,0
ACATGATTCTCATCTG,0
ACATGCAAACAGTAAC,0
ACATGCAATCGAAAGA,0
ACATGCAGAGCGAATA,0
ACATGCATCTTAACCC,0
ACATGCCTTTAACCTG,0
ACATGCTAAGAGTTAA,0
ACATGCTCCAGAACTC,0
ACATGCTGCCACCCAC,0
ACATGCTTGACCGACA,0
ACATGGAATTGATTTT,0
ACATGGACAAATGACA,0
ACATGGCAAACCCGGG,0
ACATGGCACCATGGAC,0
ACATGGCAGGTATTAG,0
ACATGTACTTAAGTCC,0
ACATGTCAGACTTTCC,0
ACATGTCTTATGGTTG,0
ACATGTTACAGCAAGA,0
ACATGTTGCGCAGCGG,0
ACATTAAATGTTTGAG,0
ACATTAACGCTCTGCA,0
ACATTACAAGTTCCAC,0
ACATTACAGCACACTA,0
ACATTACCACACCAAC,0
ACATTACCAGAATAAT,0
ACATTACCCTCTGACA,0
ACATTACTATTACGGA,0
ACATTAGAAAACTATT,0
ACATTAGCAAAACCTC,0
ACATTAGGCCACTAAA,0
ACATTATTCTACTACT,0
ACATTCCCCACGTTTT,0
ACATTCCGAACTTTAC,0
ACATTCCGGTACCATA,0
ACATTCTATCAAATCA,0
ACATTCTATGCGATGG,0
ACATTCTGAAGCCGTA,0
ACATTCTGATAAGAGA,0
ACATTCTTGTAGAGCC,0
ACATTCTTTGAGCCTA,0
ACATTGAAGCTCTTAG,0
ACATTGAATTTAAGAT,0
ACATTGACACCTGAAA,0
ACATTGATTGATTATC,0
ACATTGCAGGTTAATA,0
ACATTGCGAATGGATG,0
ACATTGTCCCTAAAAG,0
ACATTGTGTGAGATCC,0
ACATTTACCTAATTAT,0
ACATTTAGTGAAGTAA,0
ACATTTGACCTGAAAA,0
ACATTTTAGTGACACA,0
ACATTTTTATAAACCC,0
ACCAAAAAATCACATA,0
ACCAAAAAATCTCCAA,0
ACCAAAAACAGGACAT,0
ACCAAAAAGCATGTAA,0
ACCAAAAAGTTGAATT,0
ACCAAAAATTGCTTAA,0
ACCAAAAGATGCTATT,0
ACCAAAATTTAAGAAG,0
ACCAAAGACAGTATGT,0
ACCAAAGATAAGTTTC,0
ACCAAAGCATGAATTT,0
ACCAAAGTGCAAGATA,0
ACCAAATCACCCAAGA,0
ACCAAATCGATCAAAC,0
ACCAACAAGTCAACCT,0
ACCAACAATCTTCAAA,0
ACCAACACAGTCGGGA,0
ACCAACAGATTCCTGA,0
ACCAACCTTTACGATA,0
ACCAACGACTCTAAAT,0
ACCAACGGTCCGGTCA,0
ACCAACGTCTAGAAGC,0
ACCAACTATCCAAGCT,0
ACCAACTTATACTATC,0
ACCAAGAGAAACTCGA,0
ACCAAGAGTCTCCGAG,0
ACCAAGAGTTTCGACC,0
ACCAAGCTATCCAAAA,0
ACCAAGCTCAATCGGC,0
ACCAAGGAAACATGGT,0
ACCAAGTGTTTTTCCT,0
ACCAATACATTCCAGT,0
ACCAATACGATCTTAT,0
ACCAATAGAGCGGAGA,0
ACCAATCCCAAATCAA,0
ACCAATCGGCACTGTT,0
ACCAATGACTTGGGAA,0
ACCAATGAGGCTACTT,0
ACCAATGATCACCTCC,0
ACCAATGTTTACTGGA,0
ACCAATTACGGAACAA,0
ACCAATTTCGGACATA,0
ACCACAAAAGACTTTG,0
ACCACAAACAGATGAC,0
ACCACAAATCCAAAGT,0
ACCACAAATTAGAAAC,0
ACCACAAGAAAGGTCC,0
ACCACAAGGGCCATGA,0
ACCACACATGTACACG,0
ACCACACCCACTCTAT,0
ACCACACTAAGATCGC,0
ACCACACTGTCGCAAT,0
ACCACATAAATACAGG,0
ACCACATATGATAAAG,0
ACCACATTAAAATGTT,0
ACCACCAAATCGTTCA,0
ACCACCACATCACGTA,0
ACCACCACTTGATAAT,0
ACCACCAGAGAATAAA,0
ACCACCAGGCTAAGTA,0
ACCACCCGCCATCCAG,0
ACCACCCTAAGCCTGA,0
ACCACCGTTTCCGGAG,0
ACCACCTAGTATAGCC,0
ACCACCTATAAAACCG,0
ACCACGAAAAAATATG,0
ACCACGAGACCAATAA,0
ACCACGGCACTGCAAA,0
ACCACGTAAGAAGCTC,0
ACCACGTCTTTTAAGG,0
ACCACGTGCTAGCGTG,0
ACCACTACAATGAATA,0
ACCACTACCACAGCCT,0
ACCACTATTAGAAAAG,0
ACCACTCAAAAAGAAA,0
ACCACTCAGAACCCAA,0
ACCACTCCAATAAGTT,0
ACCACTCCTAACGTAA,0
ACCAGAACGCCGGTAA,0
ACCAGATAATACGTAA,0
ACCAGATAGTGTTCAA,0
ACCAGCATAAAAACAT,0
ACCAGCATAAGAACCG,0
ACCAGCCTTGGTCGTG,0
ACCAGCCTTTCTGTCA,0
ACCAGCGTAAATCCTT,0
ACCAGCGTTAATGACG,0
ACCAGCTCAACAGGCT,0
ACCAGGAACATAATAA,0
ACCAGGGTTTTGCCAA,0
ACCAGTAACTAACTAG,0
ACCAGTATTACAAAAG,0
ACCAGTCACTCTACCC,0
ACCAGTCTATACTGTA,0
ACCAGTTAAACCCAGG,0
ACCAGTTATTCCTCGG,0
ACCAGTTTTTCTCGCG,0
ACCATAAACATACTCG,0
ACCATAACGAAAACAA,0
ACCATAAGAAAATGTG,0
ACCATAAGAAAGGGCC,0
ACCATACATACATGAC,0
ACCATACCCTCCGAGC,0
ACCATACGTACACGAT,0
ACCATACTAAAGTACA,0
ACCATATTACCTATGT,0
ACCATATTTGGTCTAA,0
ACCATCGAAACCTAGT,0
ACCATCGATTACAACT,0
ACCATCGGAACATCCG,0
ACCATCTCACTCGGCT,0
ACCATCTGACGATTTA,0
ACCATGAATAGTTATT,0
ACCATGAGTATACGGG,0
ACCATGTAAAAAATGA,0
ACCATGTTCCTTACAT,0
ACCATTAAACAAATTC,0
ACCATTAAGAGAAGAG,0
ACCATTAATACCTAAT,0
ACCATTAATATCTAAA,0
ACCATTACACTTTTGC,0
ACCATTATTTACCATC,0
ACCATTTAAATCGACG,0
ACCCAAAACTAGGTTC,0
ACCCAAAACTATACCA,0
ACCCAAACAACTAACC,0
ACCCAAAGATACCTAT,0
ACCCAAATCATAGCTC,0
ACCCAACATAGAATGT,0
ACCCAACATTAGCAAT,0
ACCCAACCGCACCTGG,0
ACCCAACTAAAATTAA,0
ACCCAAGAACGGAAAG,0
ACCCAAGATAAGAAAA,0
ACCCAAGCCCTAACTC,0
ACCCAAGTAGTCAAAT,0
ACCCAATAACCACTTT,0
ACCCAATACCTAATTA,0
ACCCAATATTATAACA,0
ACCCAATCCATAAGCC,0
ACCCAATTTTATATGG,0
ACCCACAACAAATTAA,0
ACCCACACTCCCAGAA,0
ACCCACAGTCCTGTCA,0
ACCCACCAAACAATAC,0
ACCCACCGATAAACTT,0
ACCCACGCTCTACGCC,0
ACCCAGCACTCGGGAC,0
ACCCAGCCTGTAGTTG,0
ACCCAGCGGTTTCAGA,0
ACCCAGCTCCAACTTT,0
ACCCAGCTTGATAACC,0
ACCCAGTATAAACCTA,0
ACCCATAACGACTATT,0
ACCCATCCTCACCCGG,0
ACCCATCGAATCAGAA,0
ACCCATTGACTTTCCG,0
ACCCATTTCTTCTATA,0
ACCCCAAACTGATCTC,0
ACCCCAAGATGCATTT,0
ACCCCAATACGTGACA,0
ACCCCAATATAAGTAG,0
ACCCCACAGCAAAACA,0
ACCCCAGAATTGGTAA,0
ACCCCATACGTGGAGC,0
ACCCCCAAATGTCTCT,0
ACCCCCACTCTACAAT,0
ACCCCCAGGGGGCTAA,0
ACCCCCATTCCTTAGG,0
ACCCCCCAGTAATGAT,0
ACCCCCCCAGGGCCTA,0
ACCCCCCGAAATAAGA,0
ACCCCCTTAGCTATAC,0
ACCCCCTTGGCCTCAA,0
ACCCCGACCACCAGAA,0
ACCCCGCCCGACCACC,0
ACCCCGCCGACGGAGA,0
ACCCCGTTACAGTGTA,0
ACCCCTAGCAAGCCAC,0
ACCCCTGATCGTCAGT,0
ACCCCTTAAAGCGTTT,0
ACCCCTTACAAACATA,0
ACCCCTTCGGGTTAGC,0
ACCCGAGAAGACTTAC,0
ACCCGAGCTGTCGAAA,0
ACCCGAGTACAATATG,0
ACCCGATAAAATGAAG,0
ACCCGCTGAATTACAA,0
ACCCGCTTTCAAAACA,0
ACCCGGTAATCGTCAA,0
ACCCGGTCCCACAATG,0
ACCCGTACTCCCACCT,0
ACCCGTACTCTAATCT,0
ACCCGTATTGGGAATA,0
ACCCGTCACGTAAAAC,0
ACCCGTGAACACAGAT,0
ACCCGTTATATAATTG,0
ACCCGTTGTAACACAT,0
ACCCGTTTCATTTTCG,0
ACCCTAAAATTAACGT,0
ACCCTAACCTCCGTCA,0
ACCCTAAGAACGACCT,0
ACCCTAAGTTATGATC,0
ACCCTACCCCAGAATT,0
ACCCTAGCTTCTAACC,0
ACCCTATAGGATCGTC,0
ACCCTCACTGGTTCAA,0
ACCCTCCACGATCCCT,0
ACCCTCGATCAAGATA,0
ACCCTCTGTATTCCCA,0
ACCCTGAACCTAGAAC,0
ACCCTGTACAATAGCT,0
ACCCTTAGATGAAGCC,0
ACCCTTCGTTGGCCGT,0
ACCCTTCTAACTTCGG,0
ACCCTTGGATTATGGA,0
ACCGAAAACACAAAAA,0
ACCGAAATCTATCTGT,0
ACCGAACATTGTTAGC,0
ACCGAACCGCAACACT,0
ACCGAACCTGCGTGAC,0
ACCGAACGTTGTTACT,0
ACCGAACTTAAAACAA,0
ACCGAATACAACGATT,0
ACCGAATCAAACGCCA,0
ACCGAATCGGAATACG,0
ACCGACAATTAGATTT,0
ACCGACATAAGAGTTG,0
ACCGACATCTCATAAT,0
ACCGACCTCACGGAGG,0
ACCGACGCGATCAGCC,0
ACCGACTACCTGAGCA,0
ACCGAGCGCATTATCG,0
ACCGAGCTTATGGGTG,0
ACCGATATCTCGCTTT,0
ACCGATCAAACCCGCC,0
ACCGATCACCTTCAAG,0
ACCGATCCAAAAATCC,0
ACCGATCGACTTCAGA,0
ACCGATTCAATGCTTA,0
ACCGCAAGTTACACCA,0
ACCGCAGATGAACCAC,0
ACCGCATAAATTGCAT,0
ACCGCCGCAGGTAATA,0
ACCGCCTACTAGAAAA,0
ACCGCCTATAATACGA,0
ACCGCCTCTAGATTCC,0
ACCGCGAAGCAATAAT,0
ACCGCGCAGAAGATCA,0
ACCGCGGAAACTAATC,0
ACCGCGTCAACGGCAG,0
ACCGCGTCATATAAAA,0
ACCGCGTGAACTACAA,0
ACCGCGTTCAACGTAA,0
ACCGCTAGACTTAGAA,0
ACCGCTCATTACACCG,0
ACCGCTCTTTAGGATG,0
ACCGCTGAAATACATA,0
ACCGCTGTGTATTCTA,0
ACCGCTTGCAGCATGG,0
ACCGCTTTAAAAGCGC,0
ACCGCTTTCAGTTGAG,0
ACCGGAACACCAAATG,0
ACCGGAACACCCAGGA,0
ACCGGAATTGAACCAA,0
ACCGGACGCCAAATAA,0
ACCGGAGATTGCTAAC,0
ACCGGATATGATAAAG,0
ACCGGCAATTACAATG,0
ACCGGCCAAAACTTGG,0
ACCGGCCGTTGATAAC,0
ACCGGCTCCTACATGA,0
ACCGGGCAACAAAGTG,0
ACCGGGCGATGAAGGC,0
ACCGGGTCAATGAAAA,0
ACCGGTAATATAACTA,0
ACCGGTACGATGGGCC,0
ACCGGTAGCATTATGT,0
ACCGGTGTCCAAACTG,0
ACCGGTTAAAAGAAAG,0
ACCGTAAGTGTTAAAT,0
ACCGTACACACTTAAA,0
ACCGTACTCCGGTGAC,0
ACCGTATTCTAGGTTG,0
ACCGTCCAACTGCGCA,0
ACCGTGATTTAAGAAA,0
ACCGTGGAAATGTGTA,0
ACCGTTAATGGCTAAA,0
ACCGTTACTGGGCGAA,0
ACCGTTATATTTTAGG,0
ACCGTTATCTCGTATG,0
ACCGTTCCTTCGTGCA,0
ACCGTTGTTCGGAATG,0
ACCGTTTATTCGGTCT,0
ACCGTTTGAATGACAG,0
ACCTAAACTACTAACA,0
ACCTAAAGATGCATCT,0
ACCTAAAGCTTAATAT,0
ACCTAAATAGGGCCTT,0
ACCTAAATTAAACAAA,0
ACCTAACAAAATTTGA,0
ACCTAACGATATTTTA,0
ACCTAACTTAAATTAA,0
ACCTAAGAAACATACC,0
ACCTAAGAGTTGAGAC,0
ACCTAAGTTTTATGAA,0
ACCTACAAAATGACTC,0
ACCTACAAATACGAGC,0
ACCTACACATGCAGAG,0
ACCTACACTGCTAAAC,0
ACCTACCACCAAAGCG,0
ACCTACCCACCCTCCC,0
ACCTACCTACAGAGAT,0
ACCTACGAGGGATCTT,0
ACCTAGAACACCCCGG,0
ACCTATAATAGTACAC,0
ACCTATAATTAAAAAC,0
ACCTATATATAACTAC,0
ACCTATGCAAATACAC,0
ACCTATGTACTAAAAA,0
ACCTATTAGCTCGAAC,0
ACCTATTGAGGTTTAG,0
ACCTATTGCCCTATCG,0
ACCTCAAAACATTTGA,0
ACCTCAACAGCAATCT,0
ACCTCAAGAAGGCAAT,0
ACCTCACACAGAAAAG,0
ACCTCACCTGCCGAGA,0
ACCTCACGGAAAAAAG,0
ACCTCAGATTATCCTA,0
ACCTCAGCTTCGGACT,0
ACCTCAGTAATTAAAA,0
ACCTCATACGATGAGG,0
ACCTCATCCCCGTGTT,0
ACCTCCCAAGTTCCCT,0
ACCTCGAATGAGACTA,0
ACCTCGCACCACGTTA,0
ACCTCGCAGTGCCGGA,0
ACCTCGCCGCCACTTC,0
ACCTCGTCTGCGTTCT,0
ACCTCTCTAGAGTTAC,0
ACCTGAAAGCTCAAAT,0
ACCTGAAAGTACCCGA,0
ACCTGAACTATTATAT,0
ACCTGAATCCTATAAG,0
ACCTGAGATAACGCAA,0
ACCTGAGCGTTACAAC,0
ACCTGAGCTTGGATTA,0
ACCTGATATTGTCCAA,0
ACCTGATTATCTCTCG,0
ACCTGATTTACCGAGT,0
ACCTGGAGATATTCAT,0
ACCTGGCAACATGCGA,0
ACCTGTGAAGCGTACC,0
ACCTGTTAAAGAGGCC,0
ACCTGTTGGTCTACTA,0
ACCTTAAAAACGAGAC,0
ACCTTAACTAATGAGC,0
ACCTTACACAACTAAG,0
ACCTTACCCACCCTTG,0
ACCTTAGTTAATTACA,0
ACCTTCAACTATAGTA,0
ACCTTCACACTGAATT,0
ACCTTCACTTCTTCTT,0
ACCTTCCATAGGTAGC,0
ACCTTCCTCGTGTAAT,0
ACCTTGCAACGTCGGT,0
ACCTTGCATCAGGCCT,0
ACCTTGGTCAAACTAC,0
ACCTTGTGGTCCCGAA,0
ACCTTTAATAATTAAG,0
ACCTTTACAAGTTATA,0
ACCTTTACACATAAAA,0
ACCTTTGAACCCATGC,0
ACCTTTGTCGTCCAGA,0
ACGAAAAAAATATCGA,0
ACGAAAAAACTTAACT,0
ACGAAAACATCTAGAT,0
ACGAAAACTGATGTCA,0
ACGAAAATTAGTTTTC,0
ACGAAACAGCGGTACT,0
ACGAAACAGTCAAACA,0
ACGAAACTCTTAAACA,0
ACGAAACTTTTCCAAA,0
ACGAAAGGTAGATCCA,0
ACGAAATATATCCAGT,0
ACGAAATCATTGGTGT,0
ACGAAATGGCCGAGTG,0
ACGAAATTTGGATAAA,0
ACGAACAAGTCGGCAC,0
ACGAACAATAACAACC,0
ACGAACAATTCAAGAC,0
ACGAACACATCGACTA,0
ACGAACACGAAACTGA,0
ACGAACACGGGACTGA,0
ACGAACATAACCTGAA,0
ACGAACCAATTTGCAA,0
ACGAACCTCCCACGAG,0
ACGAACCTCGGACAGC,0
ACGAACCTCTATCCGT,0
ACGAACGGCAATTAAT,0
ACGAACTAGGCTGTGG,0
ACGAACTTGACGATTA,0
ACGAAGAACAAAAGCA,0
ACGAAGAGCTTTACGT,0
ACGAAGCTCCCCGACA,0
ACGAAGGCTTTCTAAC,0
ACGAAGTAAACAAACT,0
ACGAATAACATATAAC,0
ACGAATAGGTGACAAG,0
ACGAATATAGACATCG,0
ACGAATATGTGAAAAA,0
ACGAATCTACAAATCA,0
ACGAATCTTATGCCAC,0
ACGAATGTAAAGACAC,0
ACGAATTAAGAACCTT,0
ACGAATTCATGTCACG,0
ACGAATTCCAGTAAAA,0
ACGAATTCTGAAGAAG,0
ACGAATTGATATGTGG,0
ACGAATTTACCAATAA,0
ACGACAAATGACACGA,0
ACGACAACACACAACG,0
ACGACAATTACCAACT,0
ACGACACCACACCCAC,0
ACGACATAGTATAGTG,0
ACGACATATAAATGAT,0
ACGACATGAGCGCATA,0
ACGACCAAATAAGCTA,0
ACGACCAAGGTGAACA,0
ACGACCAGATGCACAG,0
ACGACCCTCCAAATAA,0
ACGACGAAGAACAGAC,0
ACGACGAGACGTTTAA,0
ACGACGTAAAGCTACC,0
ACGACGTATCTAAGAT,0
ACGAGAAACACGACAC,0
ACGAGATCGGATTTTC,0
ACGAGATTGGTACAAA,0
ACGAGCAATAAAACAA,0
ACGAGCACCAAAAGAA,0
ACGAGCAGCAAACGGA,0
ACGAGCATAACCGCTG,0
ACGAGCATGTGATGAA,0
ACGAGCATTAAAAGAA,0
ACGAGCGTGTTTTAGA,0
ACGAGCTCGTAACCAG,0
ACGAGGAGAAGCTAAT,0
ACGAGGCAACAGGGCC,0
ACGAGGCGCAAGCGCG,0
ACGAGGGGTTCGAGAA,0
ACGAGTACATCCCCTA,0
ACGAGTAGCATTCAAT,0
ACGAGTATTAAACCCA,0
ACGAGTCTCCATAACA,0
ACGATAAAAAAACGCT,0
ACGATAAACTTTGATT,0
ACGATAAAGTCGACGA,0
ACGATAAATTAACTAG,0
ACGATAACAACAAAAC,0
ACGATACCATAATTGC,0
ACGATACTGAGCCAGC,0
ACGATACTGGCGTCAT,0
ACGATATAATAGACTA,0
ACGATATCTTACAATA,0
ACGATCAAAACAGCTT,0
ACGATCAAGACACGGG,0
ACGATCAAGTACATTG,0
ACGATCCAAAAGTATG,0
ACGATCCCAGAAGAAT,0
ACGATCGGTGTGAAAC,0
ACGATCTGTAAGACAG,0
ACGATGAAAAAAAATA,0
ACGATGATTGTTAAAA,0
ACGATGCGTTTAAAAT,0
ACGATGCTATAGCCCT,0
ACGATGTAGCACACAA,0
ACGATGTGATAACAGA,0
ACGATGTTTACACCTT,0
ACGATTAAAATAGAAT,0
ACGATTACAATTTGGT,0
ACGATTCATCGTAATT,0
ACGATTTCGTCTTATT,0
ACGATTTGTATACACA,0
ACGATTTTCACACCTA,0
ACGCAAAACAGAAACG,0
ACGCAAAGATGTTAAG,0
ACGCAACGTCCCAGGA,0
ACGCAATCACAATACA,0
ACGCAATGCGTCAGCT,0
ACGCACAACAGCGCTA,0
ACGCACCGCATTAAGA,0
ACGCACGAACACGAAG,0
ACGCAGAAATCTAGTT,0
ACGCAGAATCAACAAA,0
ACGCAGAGCACATTTG,0
ACGCAGCCTGCTGTGT,0
ACGCAGGATCAATTCC,0
ACGCAGGTTAAATCCC,0
ACGCATAGACTGTTGG,0
ACGCATATCTCAATGA,0
ACGCATGACGACAGAA,0
ACGCATTAGATCACAG,0
ACGCCAGACAATCGGA,0
ACGCCATGAATGTCAC,0
ACGCCATTCTTCTGAC,0
ACGCCCCAAAATAAAG,0
ACGCCCGGGTTGCTGA,0
ACGCCGAAATTTCCCC,0
ACGCCGAATGAGTACG,0
ACGCCGACTTACAGGC,0
ACGCCGGCACTGAAGC,0
ACGCCTAACCGCCTAA,0
ACGCCTACACAACAAG,0
ACGCCTCAATCTATCC,0
ACGCCTCACCCCCGGC,0
ACGCCTCCTTAGCGAT,0
ACGCGAAACCTATTAT,0
ACGCGAAGGCAATTAC,0
ACGCGAGATAAAAGGA,0
ACGCGATCTAGCATAT,0
ACGCGCCCGAGTCCCC,0
ACGCGCTAAGACGTAT,0
ACGCGGATCCTCCCAA,0
ACGCGGGAAACACAAG,0
ACGCGTAGTTACAACA,0
ACGCGTCAAAGATTCA,0
ACGCGTCCATAGCTGA,0
ACGCGTGTGCTTCATA,0
ACGCTACCCTTTAAGT,0
ACGCTATTGAGATGGT,0
ACGCTCCGAAAAGACC,0
ACGCTCCTCCCACACC,0
ACGCTCGTAGGACGTA,0
ACGCTCTAACATTTTG,0
ACGCTGAAAATATTCA,0
ACGCTTACCCTAGTCT,0
ACGGAAAACAAAGATG,0
ACGGAAAATAGAATAT,0
ACGGAAACCTGAGAAA,0
ACGGAAACCTGTAGAG,0
ACGGAAATAGAAACGT,0
ACGGAAGGAAGTCGCA,0
ACGGAATAACAGTCGA,0
ACGGAATCTTAGACAC,0
ACGGACAAAACCACTA,0
ACGGACCCTATACAAG,0
ACGGACGGGAGCAGAT,0
ACGGAGATATAAATGA,0
ACGGAGCAAATCGTAT,0
ACGGAGCCCACATATA,0
ACGGATGAAACTAGTC,0
ACGGATGCTTGCTGGA,0
ACGGCAAATTTTCACG,0
ACGGCAATCGACTCAA,0
ACGGCACGCTTTGAAT,0
ACGGCCACAAGTGTAT,0
ACGGCCATAGTGAGCC,0
ACGGCCCATTATTACT,0
ACGGCCCCAACCTAAT,0
ACGGCGTAACAATATG,0
ACGGCGTAAGGTAAAG,0
ACGGCTGAACCAGCGT,0
ACGGCTGCGTAAGCTA,0
ACGGCTTTCCCATTCA,0
ACGGGACACCAAAGGG,0
ACGGGACCTATCATAA,0
ACGGGACGAATCATTC,0
ACGGGCATCGCACGAG,0
ACGGGCGATAATATGC,0
ACGGGCTAACCTAAGT,0
ACGGGCTTTTTTGTCC,0
ACGGGTACAGAACAAA,0
ACGGGTTAACCCGGCG,0
ACGGTAATAACCAGTG,0
ACGGTACCCGATACAT,0
ACGGTACCGACAAATA,0
ACGGTAGTATGAAGGT,0
ACGGTCAATAAAAAGC,0
ACGGTCAGCCGTTTAC,0
ACGGTCGTAATATGTA,0
ACGGTCTAATATATAA,0
ACGGTGATTTGTGTCG,0
ACGGTGTTACATATCG,0
ACGGTTAATCAAGCGC,0
ACGGTTAGTCAATGAT,0
ACGGTTGATATCCCTC,0
ACGGTTTGAACTGTCT,0
ACGTAAAATCTGCAAC,0
ACGTAAAATGCAGACA,0
ACGTAAATTGCATACC,0
ACGTAACAAAGTCCGT,0
ACGTAACATTAGAAAT,0
ACGTAACCAACAACGA,0
ACGTAACTATCGAAAT,0
ACGTACAGCCCGATAA,0
ACGTACAGTTAAACGT,0
ACGTACCATTTATGCA,0
ACGTACGATATCAGCA,0
ACGTACTAACGTATAA,0
ACGTACTAATTTTACA,0
ACGTAGCATAGACAAA,0
ACGTAGCGGTTACTTC,0
ACGTAGGTGCAAAACC,0
ACGTAGTTAGGTAAGC,0
ACGTATAAACACCTCT,0
ACGTATAACTGCCAAT,0
ACGTATAGCAGACGAG,0
ACGTATTATGTCTCAC,0
ACGTATTTCATTTTGC,0
ACGTCACCGAGTAAGT,0
ACGTCACTTTTTAAAA,0
ACGTCAGAAACATTTA,0
ACGTCAGTTCACACTC,0
ACGTCCAATTAAAATC,0
ACGTCCCACCGAACAA,0
ACGTCCCGCTAACAAA,0
ACGTCCGAACATTGTA,0
ACGTCCTAGAGTTACC,0
ACGTCGAATGGGCATG,0
ACGTCGCGGACCGCCA,0
ACGTCGTGGTAAAAAA,0
ACGTCTATAACCCCAT,0
ACGTCTATCACACCAT,0
ACGTCTCTCATTTGCC,0
ACGTCTTGTGTTTAAT,0
ACGTCTTTTACAGAAG,0
ACGTGAACATCTAAGA,0
ACGTGAACGAAGGACC,0
ACGTGACACTTGCAAA,0
ACGTGACAGTCCTCAA,0
ACGTGACCAATCAGTC,0
ACGTGACTAACTGATG,0
ACGTGCCAAAATGACT,0
ACGTGCCCCAGGACCG,0
ACGTGGTTATAGACGT,0
ACGTGTATCGCTCTAC,0
ACGTGTCTACGAAGGG,0
ACGTGTCTGCACGCGA,0
ACGTGTGACAAACACA,0
ACGTGTTCGAATGAAA,0
ACGTTAAATAGTGCCC,0
ACGTTAACCGACGGCC,0
ACGTTAAGTCAGCTAG,0
ACGTTAATATTATTCA,0
ACGTTAATCTTATATG,0
ACGTTACGTGCTAGAT,0
ACGTTATAACCTTAAC,0
ACGTTATATGAGATGG,0
ACGTTCAACCAATACA,0
ACGTTCCCATATCAAG,0
ACGTTCCTATTCACAA,0
ACGTTCTGTTCAGGGG,0
ACGTTGAAAAGTAAAG,0
ACGTTGATCGAGGAAG,0
ACGTTGATGCAATCAC,0
ACGTTGCAAAACGTGA,0
ACGTTGCAATACTATG,0
ACGTTTAAGTAAACCT,0
ACGTTTCATTATCAAG,0
ACGTTTCTCAATGCCA,0
ACGTTTCTGTAATTGT,0
ACGTTTTCAACGCGCA,0
ACGTTTTTGTCAATTT,0
ACGTTTTTTACTAAAC,0
ACTAAAAAATACTCAA,0
ACTAAAAACCACAACC,0
ACTAAAACAATAATAA,0
ACTAAAACTAAATACA,0
ACTAAAACTAAATCAG,0
ACTAAAATCACCTGCC,0
ACTAAACAAATCACCG,0
ACTAAACGATTTGAAT,0
ACTAAAGACGCGTTTC,0
ACTAAAGATCAAGTCG,0
ACTAAAGGCCTGCAGC,0
ACTAAATCTAATTATA,0
ACTAACAAAGCACAGT,0
ACTAACATGTTGAGCT,0
ACTAACCAATCTTATT,0
ACTAACCACATTTGGT,0
ACTAACCCCCACTCAG,0
ACTAACCGAAATTACT,0
ACTAACTCTATAGGTC,0
ACTAACTGCAACGGCA,0
ACTAACTTAAACTATA,0
ACTAACTTCTTGTCCA,0
ACTAAGACCTAACGTC,0
ACTAAGAGGTGGTTTC,0
ACTAAGAGTCTCATCT,0
ACTAAGATACCAATCG,0
ACTAAGCCCACTAAAT,0
ACTAAGCGCCACAATG,0
ACTAAGCTTCGACAAA,0
ACTAAGTGATACCATA,0
ACTAATACCACTCAAG,0
ACTAATACCGTGACTG,0
ACTAATACTTGCCCCT,0
ACTAATCAAAAACCAG,0
ACTAATCCGTCTAATT,0
ACTAATGCAAAGGACA,0
ACTAATGCTTTTGCCA,0
ACTAATGGGGCATACA,0
ACTAATTAAAAAGAAC,0
ACTACAACGAACTAAC,0
ACTACACAAAAGTGTC,0
ACTACAGTGGAGAGTG,0
ACTACATAGCACCCGG,0
ACTACATAGGCATCCC,0
ACTACATATTGCCCGG,0
ACTACCAAAACTATAC,0
ACTACCAACTTAACCA,0
ACTACCGACAGAGTCT,0
ACTACCGACCGAACCA,0
ACTACCGTATAATTTG,0
ACTACCTAACTTTTTC,0
ACTACGGGTAGATTAT,0
ACTACGTTCTCAATAT,0
ACTACTACGCTGTTCT,0
ACTACTATCAAGTATA,0
ACTACTATGGCTAAGA,0
ACTACTCAGGACAACT,0
ACTACTGCCATTGGAG,0
ACTACTGTAAATTTCT,0
ACTACTGTAAGGAGGG,0
ACTACTTAAGGTAGCC,0
ACTACTTCAAATTATT,0
ACTACTTCTTCAACGC,0
ACTAGAAAAATTTCCA,0
ACTAGACACTCTCCCA,0
ACTAGACCCGTCGAGA,0
ACTAGACTATGTCGTG,0
ACTAGACTGCGCAACC,0
ACTAGATAAAATACCC,0
ACTAGATAGGTTTGGG,0
ACTAGATCCCAAAGGG,0
ACTAGCAAACTTGATA,0
ACTAGCATAAAGCAAA,0
ACTAGCCCGAATTAAT,0
ACTAGCCTAGAATCAC,0
ACTAGCGAACAATCGC,0
ACTAGCTCGGCTATAT,0
ACTAGGGTTTTAAAGA,0
ACTAGGTCGATGCTAG,0
ACTAGTCATTATAACC,0
ACTAGTGGAGGCGGTG,0
ACTAGTTACAACGGTA,0
ACTAGTTACTGGGATG,0
ACTAGTTTATAAACAA,0
ACTATAAAAAACACTG,0
ACTATAAAATGCCGTG,0
ACTATAATATCTCTCA,0
ACTATACACTTACACG,0
ACTATACCCCGAACCT,0
ACTATAGCAGACTTTA,0
ACTATAGTAAGTATCT,0
ACTATAGTACGAAATT,0
ACTATCAGACGTGAAA,0
ACTATCCAAATTCACG,0
ACTATCCCTGAAGTGT,0
ACTATCCTAACTCTCT,0
ACTATCGCGGGAATGA,0
ACTATCTAAGAGGATA,0
ACTATCTGACACCGCC,0
ACTATGACATCTGTCA,0
ACTATGCGTTATGATA,0
ACTATGCTGAAGTTCC,0
ACTATGGACTTAGGCT,0
ACTATGGATACCAGAA,0
ACTATGTAAGATTTCC,0
ACTATGTAATCCCTAA,0
ACTATGTATTCGACAC,0
ACTATGTGAGCCTGTG,0
ACTATTAGAGCAATCC,0
ACTATTCAGTGTCGAG,0
ACTATTGGAACAACCC,0
ACTATTTAAACGATCT,0
ACTATTTCAATATGAT,0
ACTATTTCACAACTCA,0
ACTATTTGCAATATAA,0
ACTATTTGCTCCGCCC,0
ACTCAAAATCCATAAG,0
ACTCAAACGTGTGTCC,0
ACTCAAACTCTGTTAT,0
ACTCAAAGTGTAAGAT,0
ACTCAAATTTATAACA,0
ACTCAACCGAGAAAAG,0
ACTCAAGAACTATACG,0
ACTCAAGACCAAAGTT,0
ACTCAAGAGCATTGTT,0
ACTCAAGAGTCATCTC,0
ACTCAAGATCTGCCCA,0
ACTCAATGTATTTAGA,0
ACTCAATTGCACTGCC,0
ACTCACAAAAAGTCAT,0
ACTCACAAAACGCTTC,0
ACTCACAAAGTAATTG,0
ACTCACATAACAATTA,0
ACTCACATTAAAGTAA,0
ACTCACATTATAATAA,0
ACTCACTAGGGTATTC,0
ACTCACTTTCCAGAAC,0
ACTCACTTTCCCAATA,0
ACTCAGCTAAGCAGAC,0
ACTCAGGTGGCAAGTC,0
ACTCAGTCCACCGAAT,0
ACTCATAAGCCCTGGG,0
ACTCATAATAACGGAG,0
ACTCATGATAACCCAT,0
ACTCATGCTACCCGGC,0
ACTCATTAAGATAGCC,0
ACTCATTATCTGAGAC,0
ACTCATTCTAAACCCC,0
ACTCCAAAAAATAAAA,0
ACTCCAACATTATATG,0
ACTCCAACTTGACTAA,0
ACTCCACAAACTGATA,0
ACTCCACATTAAGGCC,0
ACTCCACGTCGTGCCC,0
ACTCCAGACATTATTT,0
ACTCCATCATACTAGC,0
ACTCCATTATGTGGAC,0
ACTCCATTTATGAAAG,0
ACTCCCAGGAGGTCTA,0
ACTCCCCATATCTTCT,0
ACTCCCCTTACTGAAA,0
ACTCCCGGCACAGATT,0
ACTCCCTATAGGGCCT,0
ACTCCCTCCTTAACCA,0
ACTCCGCCAGGAGTCC,0
ACTCCGCCTAAAAACT,0
ACTCCGTACCACACTT,0
ACTCCTCTATATGTGT,0
ACTCCTGGGGAAACAA,0
ACTCCTTCGAATTCCT,0
ACTCCTTTGGCAGAGA,0
ACTCGAAACGCACGGT,0
ACTCGAAGTACCTAAT,0
ACTCGAATTGTATGCA,0
ACTCGACATGGCTCCA,0
ACTCGACTATCGCCAT,0
ACTCGAGTAAAACGAC,0
ACTCGATAGCAAAGCT,0
ACTCGATTACACGGTG,0
ACTCGCAACCCATTTG,0
ACTCGCCATCATCCTA,0
ACTCGCGAACAGGGGA,0
ACTCGCTCACGCGACA,0
ACTCGGACACTTGAGA,0
ACTCGGACAGGCGGCG,0
ACTCGGACGGAGTATG,0
ACTCGGCCTCGAAGAC,0
ACTCGTCACATTAAAA,0
ACTCGTTAGAAAATAC,0
ACTCTAAAGAGATCGG,0
ACTCTAACAAATCAAA,0
ACTCTAATTGTCTTGG,0
ACTCTACGAATATCTG,0
ACTCTCAACAATGATC,0
ACTCTCACTCTAGTCT,0
ACTCTCCAACAATCCC,0
ACTCTGATTATGAACT,0
ACTCTGCGTAGTAGAA,0
ACTCTGTCGCGATAGA,0
ACTCTTTATCCTAATG,0
ACTCTTTTAAGTCCCA,0
ACTGAAAAAGAAGCAA,0
ACTGAAACTTCTAGGG,0
ACTGAACCCCGTCATA,0
ACTGAACGCCCCTATA,0
ACTGAACGGACGATAA,0
ACTGAACGTTAAGATC,0
ACTGAAGTATATAACA,0
ACTGAATCATCGGCTA,0
ACTGAATCCGAAAAGA,0
ACTGAATCTCATAAAC,0
ACTGAATGTTAGCGCC,0
ACTGACAATCCCTCCA,0
ACTGACGGCGTATTTA,0
ACTGACTATCAAGTGT,0
ACTGACTGGCTAAGTG,0
ACTGAGCATACGGCGT,0
ACTGATAAAAGGACAT,0
ACTGATAAGGTGACAT,0
ACTGATACCGACGCGT,0
ACTGATATAAGTGAAC,0
ACTGATATTCAAACCG,0
ACTGATCATTCTGGAA,0
ACTGATGCCAGGATTG,0
ACTGATGCGCGGGAAC,0
ACTGATGTTACGTTAA,0
ACTGCAAATATTCGCA,0
ACTGCACAGTAATTTA,0
ACTGCAGGTGTATTAT,0
ACTGCATAATTAAGAA,0
ACTGCATGAACCTTGA,0
ACTGCATGGGTCGAAG,0
ACTGCATTAGCTAAAT,0
ACTGCCAAAAAAGGTT,0
ACTGCCACATAACAAA,0
ACTGCCCAACCAATCC,0
ACTGCCCTCCCGGAGA,0
ACTGCCGTGGAATCAT,0
ACTGCGCCGAGGGTCT,0
ACTGCGGCAAGTGCAG,0
ACTGCTAGGACCCAAA,0
ACTGCTGAATACCACC,0
ACTGCTTACAGATGAC,0
ACTGCTTACCGAAATG,0
ACTGCTTGTAATACTA,0
ACTGGAAAAATCGAGA,0
ACTGGCAACCATTCAG,0
ACTGGCAGTCCCTATC,0
ACTGGCATACAGCACA,0
ACTGGCCACTGACAGT,0
ACTGGTTTACAAACTC,0
ACTGTAATATTGCTAC,0
ACTGTACGAGACATGA,0
ACTGTACGCACAACAA,0
ACTGTAGGCATTTTTA,0
ACTGTCAAAATTAATA,0
ACTGTCACGATAGCAG,0
ACTGTCATAGATCGAG,0
ACTGTCATGCTCAGAA,0
ACTGTCCAGGAATTAA,0
ACTGTCCCGTTACCGG,0
ACTGTCCCTAATCAAT,0
ACTGTCCCTTAAGAAG,0
ACTGTCGCCAGTATTT,0
ACTGTGAAAATATTCG,0
ACTGTGAAGGAGTATC,0
ACTGTTAAAGTATGTC,0
ACTGTTAACAGTTATA,0
ACTGTTAAGGGAAAAA,0
ACTGTTACTCGAGCAT,0
ACTGTTCAATCCGGTC,0
ACTGTTCGATATCACA,0
ACTGTTGCTAAATGGA,0
ACTGTTGGATGCCACG,0
ACTTAAAACAGATCGA,0
ACTTAAAACGTACTTG,0
ACTTAAAATTAAAACC,0
ACTTAAACAATACGAG,0
ACTTAAACCTATAAGA,0
ACTTAAACGAAAAAGC,0
ACTTAAACTTCAACTT,0
ACTTAAATGGTGTTAC,0
ACTTAACAGAACATAT,0
ACTTAACCTCTTATGT,0
ACTTAAGACATTCGAT,0
ACTTAATGCATTGGTT,0
ACTTAATTAATGTAAT,0
ACTTACAAAATGAGAC,0
ACTTACACTTCTGAAG,0
ACTTACATAACAATCC,0
ACTTACATACAACCTG,0
ACTTACCAAAACAAAC,0
ACTTACCTAGACAGGG,0
ACTTAGAAAACTAAAG,0
ACTTAGAAGCCAGACG,0
ACTTAGAGAGAATAAG,0
ACTTAGGATCACGATT,0
ACTTAGGCCTCTCAGC,0
ACTTAGGCGAGATGAG,0
ACTTAGTCTAAAGAGC,0
ACTTATAAAGACCTTG,0
ACTTATAATACTCAAA,0
ACTTATATTAATCGCT,0
ACTTATCAGTAAAATG,0
ACTTATCCCGGGGTAG,0
ACTTATCGAAATAAAT,0
ACTTATGTAGTGCCTA,0
ACTTATGTCTAGTCAC,0
ACTTATTTTCTAAATA,0
ACTTCAAAATCCAGCT,0
ACTTCAAAGAAACCAT,0
ACTTCAAATTTGGTCT,0
ACTTCAATAGAATGAA,0
ACTTCACACGAAGACA,0
ACTTCAGCAGGCACGC,0
ACTTCATAGTAAAACG,0
ACTTCATCAAGATATC,0
ACTTCATTTAGACTAA,0
ACTTCCAATGCCACAG,0
ACTTCCAGCAGAATTC,0
ACTTCCCAGCGAGTTC,0
ACTTCCCTTGCAAAAT,0
ACTTCCTCAGTAAAAT,0
ACTTCGTCCTAAAGCA,0
ACTTCTAGCACGCAAG,0
ACTTCTATTACTTATA,0
ACTTCTCATGCGCAAA,0
ACTTCTGGTTATTGAG,0
ACTTGAACGTATGGTA,0
ACTTGACTACATAGTC,0
ACTTGACTTCAATTGA,0
ACTTGAGTTAACGTAC,0
ACTTGCAGAAATAGTG,0
ACTTGCAGGATTTCCT,0
ACTTGCGGATAGATTC,0
ACTTGCGGCGCAAATC,0
ACTTGCTTTAGTTGCC,0
ACTTGGGCATATGCAT,0
ACTTGGGGATCCCTAA,0
ACTTGGTTTGAGACAC,0
ACTTGTAGTTTAAGCG,0
ACTTGTCCGATACTAT,0
ACTTGTGCTATATAGT,0
ACTTGTTCCTTTTACG,0
ACTTTAAAATGGCCCC,0
ACTTTAATGGGCTAAA,0
ACTTTACATGACCCTC,0
ACTTTACCCACTTTAA,0
ACTTTACTGGACGTCG,0
ACTTTAGAACCGAAAT,0
ACTTTAGTGATAAAGA,0
ACTTTATACCCTGTCT,0
ACTTTATCATGAAGAA,0
ACTTTATGATACCATC,0
ACTTTATGTGTTTCGC,0
ACTTTATTCAATACAC,0
ACTTTCAAAAAGCGCT,0
ACTTTCTAGATGTTGG,0
ACTTTGAACCATCAAG,0
ACTTTGAAGAAGCCCT,0
ACTTTGGAATTACACA,0
ACTTTGTGCCGCGTCG,0
ACTTTGTTGTAGCTAG,0
ACTTTTACCTATTAAT,0
ACTTTTATAATCGCAA,0
ACTTTTCGTAAAACGA,0
ACTTTTGTTTGACTAC,0
ACTTTTTCGAAAAGGT,0
AGAAAAAACGAGAGGG,0
AGAAAAAATAGTCGGA,0
AGAAAAACGTAATTGA,0
AGAAAAAGGATCATAT,0
AGAAAAATACATACTA,0
AGAAAAATACGGGGCC,0
AGAAAACGTGGAGAAA,0
AGAAAACTGACAGTAC,0
AGAAAACTGTTCAACG,0
AGAAAAGAAGTCCTAT,0
AGAAAATAGAAGAGTT,0
AGAAAATAGTATGAAG,0
AGAAAATATGGCAGAG,0
AGAAAATCAGAAAAGA,0
AGAAAATGATGGGTTA,0
AGAAAATGCACCAACA,0
AGAAAATGTAAATCAA,0
AGAAACAAATGTCGAC,0
AGAAACAAGGCAATCT,0
AGAAACACTCAATTGA,0
AGAAACAGACAGCGTA,0
AGAAACATCTCTCCTC,0
AGAAACCAAACACCCA,0
AGAAACCACACGAGAT,0
AGAAACCTCTGCCGAA,0
AGAAACGTGAGTATGC,0
AGAAACTAAGATCCTA,0
AGAAACTAATATTAAC,0
AGAAACTCACAAAGCA,0
AGAAAGAATCAAAAAC,0
AGAAAGACATGACACC,0
AGAAAGAGAGAAATCA,0
AGAAAGAGCGGCCAAC,0
AGAAAGATCAACCATG,0
AGAAAGCACTAGTCTA,0
AGAAAGTAAAGTGGCG,0
AGAAAGTCTGTTCATG,0
AGAAAGTTATGGGAGT,0
AGAAATAAAAATTGAA,0
AGAAATCCAAAACAGT,0
AGAAATGCACATCCCT,0
AGAAATGCATGAGAAG,0
AGAAATGCCTGGCACC,0
AGAAATGGGGGACATA,0
AGAAATTATCCGGGCT,0
AGAAATTCCTGAGTGG,0
AGAACAAACCATACAA,0
AGAACAACACTTCTAA,0
AGAACAACAGATGGAA,0
AGAACAGAACAGTGTC,0
AGAACATGGTGACAAT,0
AGAACCAAATAAAAGG,0
AGAACCAATACTATAG,0
AGAACCAATTAACAAC,0
AGAACCACTTAAGTCA,0
AGAACCAGACTAAAAA,0
AGAACCCCCACTCGAA,0
AGAACCGCAAAGAATC,0
AGAACGACACGTCACT,0
AGAACGACATCACTTC,0
AGAACGACCAGACCTA,0
AGAACGATAAATCAAG,0
AGAACGCAAAACAATT,0
AGAACGCAGGGTTTAA,0
AGAACGCTCAAATATA,0
AGAACGTACAAAACAA,0
AGAACGTCGGCTTTAG,0
AGAACTCATTAGGAGC,0
AGAACTGATCGGCGCT,0
AGAACTGCGTAAGTTT,0
AGAACTTATCTACACC,0
AGAAGAAAAACCAAAG,0
AGAAGAAGGATCCCGT,0
AGAAGAATAACCCATT,0
AGAAGAATACATATGT,0
AGAAGAATGGCTAAAT,0
AGAAGACACTGAGTCA,0
AGAAGAGTCACCACAC,0
AGAAGAGTTCGGTCTA,0
AGAAGATCTAAAGAGG,0
AGAAGCACCAGCTAAT,0
AGAAGCCACCTTCAAA,0
AGAAGCCGTCCGTGAG,0
AGAAGCTCTGTTTGTG,0
AGAAGCTGAATGCTGC,0
AGAAGGCATACAAACT,0
AGAAGGCATTTACTCC,0
AGAAGGCCTCCTTTTG,0
AGAAGGGCGAGGTTCC,0
AGAAGGTGCACGTAGC,0
AGAAGGTTCATATACC,0
AGAAGTAAAGAATTCA,0
AGAAGTAAATACTAAC,0
AGAAGTAACTCGATAG,0
AGAAGTAAGGTCACGA,0
AGAAGTACAAGTATTT,0
AGAAGTACGACATCAA,0
AGAAGTACTGACATAA,0
AGAAGTATACCGTACT,0
AGAAGTGAAACGCAAC,0
AGAATAAATGTATAGA,0
AGAATAACACATTATC,0
AGAATAACACCAACGG,0
AGAATAACGGAAATAG,0
AGAATAAGAATACCAA,0
AGAATAATCAGCCTCG,0
AGAATACAAGAATTCT,0
AGAATACTGAAAACAG,0
AGAATATGCAAATATC,0
AGAATCAGAAAGAATT,0
AGAATCAGCACAGGCG,0
AGAATCAGCCACTATA,0
AGAATCAGGTTTGACA,0
AGAATCCACATTCGAG,0
AGAATCCATTAAGAAT,0
AGAATCGCAGCCGAAG,0
AGAATCGCTGAGACAG,0
AGAATCTTCGACGGTG,0
AGAATGAATATAATAC,0
AGAATGAATATCTACT,0
AGAATGAATCTTTAAG,0
AGAATGATAAATTGTA,0
AGAATGATATAGCTCG,0
AGAATGATCCTGCAGA,0
AGAATGCAAGGTACAG,0
AGAATGCAATCCGCCT,0
AGAATGTAAATACTCC,0
AGAATGTCTTGCTAGA,0
AGAATGTGATCAAGCA,0
AGAATTAACGCCGATA,0
AGAATTAATAAAAATT,0
AGAATTAATCACAAAA,0
AGAATTAATTAACACT,0
AGAATTAATTTAATAT,0
AGAATTAGAAAATTAG,0
AGAATTAGACAATACC,0
AGAATTAGTCTAAAGA,0
AGAATTCTATCTAATC,0
AGAATTCTGTGATGGA,0
AGAATTTAATGTCTTA,0
AGAATTTTCAGAGCAT,0
AGACAAAAAGGACAAC,0
AGACAAACACGTACCA,0
AGACAAACGAAGAGGG,0
AGACAAAGGGAGATGG,0
AGACAAATACGAGAGG,0
AGACAACAAAATGTAA,0
AGACAACATAGCATAT,0
AGACAACATATAGTAA,0
AGACAACTTTTCAAGG,0
AGACAAGCGCTACTAA,0
AGACAAGCGGATGGGA,0
AGACAATAATCTATCA,0
AGACAATGCTACAATT,0
AGACAATTTTATCGAG,0
AGACACCAAAAAAAGT,0
AGACACGACAGTCGCA,0
AGACACGTACTAGTAT,0
AGACACTAAAACATTA,0
AGACACTAATGTCCTC,0
AGACACTTGAAGTCTA,0
AGACAGATTTAAAGCC,0
AGACAGCGAGCTAACT,0
AGACAGGGACCAATAA,0
AGACAGTATAATTCAT,0
AGACAGTTAAATATAA,0
AGACAGTTCCAAGACG,0
AGACATAACTCGACAT,0
AGACATACAGGTCTTC,0
AGACATACATAATGTA,0
AGACATATAAACCCTG,0
AGACATCAATGGTCTG,0
AGACATCATAAGAACT,0
AGACATCTCAAAAGGA,0
AGACATGCAAAAACAA,0
AGACATGCATACTGCA,0
AGACATTACCGCTAAC,0
AGACATTTTTACAAAT,0
AGACCAAACAGGGTTT,0
AGACCAAGCCTGGACT,0
AGACCAATGACAACCC,0
AGACCACACCCAGCAT,0
AGACCACCAATAATAC,0
AGACCACCGAATCATC,0
AGACCAGACGTTTACT,0
AGACCAGAGACACATA,0
AGACCATATATATAAC,0
AGACCATATTTATACA,0
AGACCATTTTTCCCAA,0
AGACCCAAACGACATG,0
AGACCCAATTTAATAA,0
AGACCCGGTTTATAAA,0
AGACCCGTTACTGCAT,0
AGACCCTAAACCCCAA,0
AGACCCTACTCTACAT,0
AGACCCTCAATCACTC,0
AGACCGAACAAAACGC,0
AGACCGACCTACAGAT,0
AGACCGATTCAAATCA,0
AGACCGCATTGCGATA,0
AGACCGCTAATCTTCT,0
AGACCGGACTTGGAGG,0
AGACCGGGGCGTAAGT,0
AGACCGTTGAACGGGT,0
AGACCTAACTAAGTAG,0
AGACCTCAAGACCTTA,0
AGACCTGCCTAGGGGG,0
AGACCTTCAAATTACC,0
AGACCTTGACTTAAAA,0
AGACCTTGATAGTCCC,0
AGACCTTTATGCAAGT,0
AGACGAACAAGAGAAA,0
AGACGAATAAGCTTCT,0
AGACGAATCTGAACGA,0
AGACGCAACGGCTATA,0
AGACGCACAGGTAAAC,0
AGACGCCGGTGTTTAA,0
AGACGCGGTGATCACT,0
AGACGCTAAAAGAACT,0
AGACGCTAAATGCAAG,0
AGACGGATATGATTCA,0
AGACGGGACAAAACAC,0
AGACGGTGACCCTTAA,0
AGACGTACCCCAACAT,0
AGACGTACGCCAAACA,0
AGACGTAGATAATATT,0
AGACGTATCGATCAGT,0
AGACGTGAACGGCGAA,0
AGACGTTACATGCGGC,0
AGACTAAACGGGGCCA,0
AGACTAAATAGATGTA,0
AGACTAACAAATTGTC,0
AGACTAATTACCATCC,0
AGACTACAAACCAGGT,0
AGACTACAAAGAGAAA,0
AGACTACACCAAAGGA,0
AGACTACCAACACAGG,0
AGACTACCTGTTAAGC,0
AGACTAGCATAAAATT,0
AGACTATACAACGTAT,0
AGACTATACCTCAGCA,0
AGACTATACTTACAAA,0
AGACTATGATAGATCT,0
AGACTCAAGCGAGTGG,0
AGACTCAATAAAATTA,0
AGACTCACGAAGCCAT,0
AGACTCAGTACTTTCC,0
AGACTCCGCTGCTGAG,0
AGACTCGTTTTAACCA,0
AGACTCTATAGTTCCG,0
AGACTCTTGTGTAACT,0
AGACTGACTGAAATAT,0
AGACTGAGTCCCAAGT,0
AGACTGATTACGCTCG,0
AGACTTATAGACGGGA,0
AGACTTATGTAGCCGG,0
AGACTTCACTACGTAG,0
AGACTTCATATATAGG,0
AGACTTGAGGAGAGCA,0
AGACTTGTTCCGATAA,0
AGACTTTAGACCCCAA,0
AGAGAAAAACCTAGGT,0
AGAGAAAAGAACTACG,0
AGAGAAAATAAGCTGC,0
AGAGAAACTGCATCAG,0
AGAGAACAGCAATTGC,0
AGAGAACTTCAAAAAG,0
AGAGAAGACGCAAATA,0
AGAGAAGTAATACTCA,0
AGAGAATAAGTTTTTC,0
AGAGAATACGACTAAA,0
AGAGAATATCGTAGTA,0
AGAGAATGATACGCTA,0
AGAGAATGCTAAAAGA,0
AGAGAATTCTTCTAAC,0
AGAGACAATTTTAAAA,0
AGAGACAGATGAAACA,0
AGAGACAGGGCGAGAT,0
AGAGACATCAGATGGT,0
AGAGACATGGGCACTT,0
AGAGACCAAAGACAAA,0
AGAGACCAAGTCAAAG,0
AGAGACCAAGTTTAGG,0
AGAGACGCTAACCAAT,0
AGAGACTAATTTTAAA,0
AGAGACTTTTCTGTAA,0
AGAGAGAAGAGCTTAC,0
AGAGAGAGTTACTTTT,0
AGAGAGCGCAAATAAT,0
AGAGAGCTACTAAAAG,0
AGAGAGGCACAATGAA,0
AGAGAGGCTCTTGTAC,0
AGAGATAAAAAATCTT,0
AGAGATAAAAACAGAA,0
AGAGATGAAGAGTAGA,0
AGAGCAAAAATGTCCC,0
AGAGCACACCGTGAAA,0
AGAGCACTGCTCTGAT,0
AGAGCAGAACATAATA,0
AGAGCAGTATAATATT,0
AGAGCATAAAGAAATT,0
AGAGCCAGTATGCGAC,0
AGAGCCATCTAAAGCT,0
AGAGCCCAACTCGAGC,0
AGAGCCGTGTACTACA,0
AGAGCCTAAAGATTCC,0
AGAGCGAAGTTTCTAT,0
AGAGCGACCTATCACT,0
AGAGCGTAAGATAATT,0
AGAGCGTACCGTTAGT,0
AGAGCGTTCGATGCTT,0
AGAGCTCAGAAACAAG,0
AGAGCTCTCACCCCAT,0
AGAGCTTATGCACACC,0
AGAGGAACCAGGGATT,0
AGAGGAAGTACTCATG,0
AGAGGACAAATCAGGT,0
AGAGGAGAGACCTATA,0
AGAGGAGCACATGTTC,0
AGAGGATGAAACACGA,0
AGAGGATGATTCTGTT,0
AGAGGCTAAGACTAAA,0
AGAGGGACTCTGACTA,0
AGAGGGCAGTGTCAGC,0
AGAGGGTGGCTCAAAA,0
AGAGGTAAACGGGTCC,0
AGAGGTAACTGTGACA,0
AGAGGTGCCATTTCTA,0
AGAGGTGTGATATAGA,0
AGAGGTTCAACATTAC,0
AGAGTAAAAATATGAG,0
AGAGTAACTTGAGGAA,0
AGAGTAAGGGGTGTTT,0
AGAGTAATAAACAGGA,0
AGAGTAATATAAATAC,0
AGAGTAATTACAAGTC,0
AGAGTACATGGAGCCC,0
AGAGTAGACCCTTCCC,0
AGAGTATGATTCAAAT,0
AGAGTATTAACTGAAA,0
AGAGTCAAGCCTAACT,0
AGAGTCATAAACTCCG,0
AGAGTCATAAGAGTTA,0
AGAGTCCTTAATCTAC,0
AGAGTCGAGACCGAAA,0
AGAGTCGGCCAAATGG,0
AGAGTCGGTACCGGCA,0
AGAGTGAATGGAACCT,0
AGAGTGCCAGGATATT,0
AGAGTGGTTATATTTG,0
AGAGTGTGACAGCCTC,0
AGAGTTAATCACGTCA,0
AGAGTTATAACGCCAA,0
AGAGTTCAAAAACTAC,0
AGAGTTGTTATAATAG,0
AGAGTTTGTAAAATAT,0
AGAGTTTTTCATCAAC,0
AGATAAAAAAAAGCAG,0
AGATAAAGACAGCGAA,0
AGATAAAGTGACACCA,0
AGATAAATACAGGGTT,0
AGATAAATCAAGTAAC,0
AGATAAATTACTAACC,0
AGATAACAAATACCAT,0
AGATAACCCCGATAAC,0
AGATACAATAAGTCAC,0
AGATACAATTATGTCA,0
AGATACACGAGAAGAC,0
AGATACAGAAACACAA,0
AGATACAGTCGAATGG,0
AGATACCAAACAAAAT,0
AGATACGAGCAGTCAA,0
AGATACTAAAAGACAA,0
AGATACTCTGGGCGCG,0
AGATACTTACCGTTTA,0
AGATACTTCTAAAGTT,0
AGATAGAGGTTAATGT,0
AGATAGATAGTGTGAG,0
AGATAGCCTTGCAGAA,0
AGATAGCGGTTAGACA,0
AGATAGTAAGGGATGT,0
AGATAGTATTCTCGAT,0
AGATATAAATGACATT,0
AGATATAACTTAATGC,0
AGATATAATTACTTAT,0
AGATATATAGGAAATC,0
AGATATCCGTAACTAT,0
AGATATCGAACCCACG,0
AGATATCTAATGACTA,0
AGATATCTGCACTATC,0
AGATATGGTATAAAAT,0
AGATATGTCAAATGAA,0
AGATATTAGCAGTATA,0
AGATATTGCCAAACGA,0
AGATATTTTGACACGA,0
AGATCAAAGCACGGCG,0
AGATCAACTAGGTATC,0
AGATCAACTCAATGAA,0
AGATCAATACCACATC,0
AGATCACAGACAAATA,0
AGATCACCTTGTTAAA,0
AGATCACTATCAAGAA,0
AGATCACTTCTAAGTT,0
AGATCAGGTTAAACCC,0
AGATCAGTTTCCCTGA,0
AGATCCCTACAATTCG,0
AGATCCCTCCTAAATA,0
AGATCCGAAACGAAAT,0
AGATCGGTTAACACAA,0
AGATCTACTGTACTTC,0
AGATCTCCATAATGTA,0
AGATCTTATAGAGATG,0
AGATGAAAAATTAACT,0
AGATGAAAACAAACTA,0
AGATGAACCGCCCATA,0
AGATGAACGTATCGTA,0
AGATGAAGAACCAAAG,0
AGATGAAGATTGAATT,0
AGATGAATACAAACTT,0
AGATGACATATTCAAA,0
AGATGACCCACTTTAA,0
AGATGATGAGACACTA,0
AGATGCCCTCATAACA,0
AGATGCTACAAGAATT,0
AGATGGATAAAGTAAC,0
AGATGGCTACTGCATC,0
AGATGGGAACGAAAGA,0
AGATGGTACACTATCA,0
AGATGGTGTGAAACAA,0
AGATGTAGACCACCCT,0
AGATGTCAATTCAAAT,0
AGATGTCTGATTTCCG,0
AGATGTGAAACAGAGA,0
AGATGTTACCTCCTAG,0
AGATGTTATATGACTT,0
AGATGTTCACTTTTAC,0
AGATTAACAAAAAGGA,0
AGATTAAGGGCTGCTT,0
AGATTAATCACACACC,0
AGATTAATTACCACAA,0
AGATTACCAAAATGCA,0
AGATTACTATACAACT,0
AGATTAGCTGTGCCTA,0
AGATTATCCACCAAAG,0
AGATTATTTACGGAGA,0
AGATTCAATATGACCT,0
AGATTCCAAACTTACG,0
AGATTCCGCATTATGG,0
AGATTCGAAGTACACT,0
AGATTGATCTAATCTG,0
AGATTGATGAAACAAA,0
AGATTGCAAGCTTAGA,0
AGATTGCATCCGCGTC,0
AGATTGCTGCAACATC,0
AGATTGGTCCACCTAT,0
AGATTGTACCGCATTT,0
AGATTGTCATGGTACA,0
AGATTGTGGAAAAATT,0
AGATTTAGTCGTAGAA,0
AGATTTATAATAAAAT,0
AGATTTGTCTTCAAAT,0
AGATTTTCGGTAACCT,0
AGCAAAAAATTTAAAA,0
AGCAAAAAGATTTAGG,0
AGCAAAAGTACACCAT,0
AGCAAAATAAATAAAA,0
AGCAAAATGTTGCATT,0
AGCAAACCACGCCATT,0
AGCAAAGAGACGCTAT,0
AGCAAAGGCCAAGAAA,0
AGCAAAGTCTCCTTGA,0
AGCAAATCTCTAGCAC,0
AGCAACAAATCAAAAA,0
AGCAACAAGCAGACTC,0
AGCAACCCTAAAACAA,0
AGCAACGAAGATCCAT,0
AGCAACGAATCATCGG,0
AGCAACGACAGATTGC,0
AGCAACTCAAAAAGAA,0
AGCAACTTTCCATGTC,0
AGCAAGAAAAATTAAA,0
AGCAAGACCCGAACTA,0
AGCAAGCATCGGAATA,0
AGCAAGCGGTATACAT,0
AGCAAGGAATAATGAC,0
AGCAAGGAATTGGTCG,0
AGCAAGTTCCGACATA,0
AGCAAGTTTGCCCAAA,0
AGCAATCATAATGGTG,0
AGCAATTGATACAAGA,0
AGCACAAACTAAACAG,0
AGCACAATAGGAGTCC,0
AGCACACCTATTCATT,0
AGCACATACTTCAATT,0
AGCACATCCGAAAGAA,0
AGCACCCTTTAAAACT,0
AGCACGACCGATAATC,0
AGCACTAGAATTCATT,0
AGCACTAGACACTGTA,0
AGCACTCGTGATCTCC,0
AGCACTGGTACTGAAG,0
AGCACTTGTAAAGGAT,0
AGCAGAAAAGTTTTAA,0
AGCAGAAACACGAATA,0
AGCAGAATGCTTGATT,0
AGCAGATAAATGCACG,0
AGCAGATAACAACATA,0
AGCAGCGATACATTCT,0
AGCAGGAACCCAGTGA,0
AGCAGGTCTAGTTCAC,0
AGCAGTATGCAGCTCG,0
AGCAGTATTTCGAATG,0
AGCAGTCCGCTGAAAA,0
AGCAGTCGTTATTGAG,0
AGCAGTCTAACTGACC,0
AGCAGTGTGCCAAGCT,0
AGCAGTTACATTTGGA,0
AGCAGTTGCATAGAAA,0
AGCATAAAAAAAAACC,0
AGCATACTCATAAACC,0
AGCATACTTAGTTCCT,0
AGCATAGGTTAAACCA,0
AGCATATAATATCCTA,0
AGCATATCGATCTGAG,0
AGCATATTAGCTGTTA,0
AGCATCACACCGAATC,0
AGCATCATAAAAACCG,0
AGCATGAGAGTACTGG,0
AGCATGGGAAGAGCAA,0
AGCATGGTCGCATATG,0
AGCATTCTCTAGGCGC,0
AGCATTGGATAAATAG,0
AGCATTTGTTGCTGAG,0
AGCATTTTATCTTTTA,0
AGCCAAAAGGGGGACC,0
AGCCAAAGAAGAAAAT,0
AGCCAACAGTATTACA,0
AGCCAACTCGCTCTAC,0
AGCCAAGCAGCTTAAA,0
AGCCAAGGCCAGAGTG,0
AGCCAATGATATTTTC,0
AGCCAATTATCTTGTC,0
AGCCACACCTGTGAGT,0
AGCCACAGGTGTCACT,0
AGCCACATCTCTACAC,0
AGCCACTCACTCACGT,0
AGCCACTCTAAACATG,0
AGCCAGAAAATCTTAC,0
AGCCAGAAAGCGCATC,0
AGCCAGAATATACCGA,0
AGCCAGATGACGTAAG,0
AGCCAGCCTCGCGACG,0
AGCCAGTACGAAAGGA,0
AGCCAGTTCTGTTGAT,0
AGCCATACTAAACTAT,0
AGCCATGTCCATCACA,0
AGCCATTTACCGTATA,0
AGCCCAACATCAATAG,0
AGCCCACAGGCTAATT,0
AGCCCACTTACCCTAA,0
AGCCCAGAACAACGCG,0
AGCCCAGATTGTCGCC,0
AGCCCCCCAATAGACC,0
AGCCCCCGGGAAATAG,0
AGCCCCGAGAAAAACG,0
AGCCCGACGCATACGG,0
AGCCCGGGCTACAATA,0
AGCCCGGTGACCAACA,0
AGCCCGTATTATCTAA,0
AGCCCTCATAAAAAAT,0
AGCCCTCCAAGCTATT,0
AGCCCTGACAATACGA,0
AGCCCTTAACCCTGGC,0
AGCCGAAGAACTTTCA,0
AGCCGAAGACGGTCTT,0
AGCCGACAGTCGCTTC,0
AGCCGATACTCGCTCA,0
AGCCGCCGATTTTATC,0
AGCCGCTTAGAACACG,0
AGCCGGTACCACATAT,0
AGCCGTCAGTTTCAAA,0
AGCCTAAATCAACCGC,0
AGCCTAACCCTAACTT,0
AGCCTACACAGTATCT,0
AGCCTACCACCAAAAA,0
AGCCTATCATAAACAT,0
AGCCTCCAGGGATTCA,0
AGCCTCCCATAGACAC,0
AGCCTCTAGGACGACC,0
AGCCTGCACCCGTATC,0
AGCCTGGAGCAGAATG,0
AGCCTGTCGAGGGGAT,0
AGCCTTCAATTTACAG,0
AGCCTTTAGGCCAAGG,0
AGCCTTTTACAGTCCA,0
AGCGAAAAGCGGGCAA,0
AGCGAAAATCATTGAG,0
AGCGAAATAATTCATG,0
AGCGAAATACTGAGCA,0
AGCGAAATTGACGAGG,0
AGCGAACTCAACTAAA,0
AGCGAAGCCCGACGAA,0
AGCGAAGCTTTTCGCT,0
AGCGACAAATGCCCAT,0
AGCGACCGCTTTCCAT,0
AGCGACGCAATTAGAG,0
AGCGACGTAGCCATCG,0
AGCGAGATTGTATATG,0
AGCGAGGGATATATAT,0
AGCGATAAACTTCACA,0
AGCGATAGATGTTTGA,0
AGCGATGTGTAAAACA,0
AGCGATTGAACGCTAG,0
AGCGCAAAGGCAGTAG,0
AGCGCAACGGTATATT,0
AGCGCAATCCCAGCAC,0
AGCGCACACAGTAAAG,0
AGCGCCAACTGCCCTA,0
AGCGCGCATGTTATCA,0
AGCGCGGAATTAATGT,0
AGCGCTGAGCATGTAA,0
AGCGCTGTCTTTGTTA,0
AGCGGACCCTCGGTGA,0
AGCGGATTGAATCTAA,0
AGCGGCTATGTGACAT,0
AGCGGGGAAAACAGGC,0
AGCGGTAGAATAAAAG,0
AGCGGTTAGCCGAAGG,0
AGCGTAAAAAGGATAC,0
AGCGTAAACAAAGAAA,0
AGCGTACCATGACTTC,0
AGCGTACTTATACAAG,0
AGCGTATTGGTAGAAT,0
AGCGTCACAGAGAGTA,0
AGCGTCGTTCTCCCGT,0
AGCGTCTGAGCCTTTA,0
AGCGTCTTAAGCATTA,0
AGCGTGCAATCCATAT,0
AGCGTGCTGCGTACGA,0
AGCGTTAACAAGCACC,0
AGCGTTAAGAACGTTC,0
AGCGTTCATGAGAATC,0
AGCGTTGCCACAATTT,0
AGCGTTGGGCAAGCAC,0
AGCGTTTCAATCCACG,0
AGCTAATAGCAAATGT,0
AGCTAATCGAATCAAC,0
AGCTAATTGTCAAAAT,0
AGCTACACAAATAAGG,0
AGCTACACATAGTTCG,0
AGCTACCCTGAAAAGG,0
AGCTACCGGAATATTA,0
AGCTACCTGAATGCCT,0
AGCTACTAATATATCA,0
AGCTACTATATAGTAC,0
AGCTACTTACAACGGC,0
AGCTAGAATGGACAGG,0
AGCTAGTCAAGAACTC,0
AGCTAGTGAATTTCAT,0
AGCTATCACAACTCAT,0
AGCTATCATTGACAAT,0
AGCTATCCGTCCCAGT,0
AGCTATGATAGAATCA,0
AGCTATTAAAAGTGGG,0
AGCTATTGCATTTGCA,0
AGCTCAAGAGTTGATG,0
AGCTCAATGGCGCAAA,0
AGCTCAATTAATTATT,0
AGCTCACACTAGAAAC,0
AGCTCAGGCGAAGACA,0
AGCTCATTCGGCATTA,0
AGCTCCCTTGACAGCG,0
AGCTCCGAGATGTAAG,0
AGCTCGAGGATTCAAG,0
AGCTCGATCCAGATGT,0
AGCTCGCTGTTTATAT,0
AGCTCGGCATTACAGC,0
AGCTCGTAAATAGTGG,0
AGCTCTAGTGCTATAA,0
AGCTCTCCATTCCGGT,0
AGCTCTGTAATCAGCC,0
AGCTCTGTGTAGACGA,0
AGCTGAATGTAGGTGC,0
AGCTGACAGCTTGGAA,0
AGCTGATAAAGGTATA,0
AGCTGATACAAAGTAA,0
AGCTGATACACAACAG,0
AGCTGCAAAATTCAGC,0
AGCTGCCGCAAAGAAA,0
AGCTGCCGTCGGATTG,0
AGCTGCTTACAACTTA,0
AGCTGGAAGGTATAGT,0
AGCTGTACTTACTAAC,0
AGCTGTAGAAGACTGA,0
AGCTGTATCTCTGGGA,0
AGCTTAAATATGACTA,0
AGCTTAAGCTGGAGGT,0
AGCTTAATAAGAAGAA,0
AGCTTATAGAAACATA,0
AGCTTATGAGCGCAGG,0
AGCTTCAAGTATGATC,0
AGCTTCCCAGTGTGGT,0
AGCTTCCGCACATCTT,0
AGCTTCTCTGAATGGA,0
AGCTTGGGTGATGAGA,0
AGCTTGGTGAACCCAG,0
AGCTTTAGGATATTCA,0
AGCTTTATTCAAAAGG,0
AGCTTTTATCGTACAG,0
AGCTTTTATTATTCAG,0
AGGAAAACGTATAAAT,0
AGGAAAACTTATGTAG,0
AGGAAAAGTAGTGTAA,0
AGGAAACCAAAACTAC,0
AGGAAACGTATAGCCC,0
AGGAAAGTACTGGTCC,0
AGGAAAGTATGTCTCC,0
AGGAAATAAATGGTTA,0
AGGAAATATGGTCGCT,0
AGGAAATGAGTTCAAA,0
AGGAAATTAGGTATGA,0
AGGAACACTTGCACAT,0
AGGAACGTACATTGGA,0
AGGAACTAAGCCTCAG,0
AGGAACTAGAGAGGGG,0
AGGAACTATCCACAGC,0
AGGAACTTAAAAGCGC,0
AGGAAGAAGTTCGGTA,0
AGGAAGAATTTCGAAA,0
AGGAAGCATTAATTTG,0
AGGAAGCGAAAGCGCA,0
AGGAAGCGCTTAACAA,0
AGGAAGTTTCAAGTGC,0
AGGAATCGCAGTGAAC,0
AGGAATCGCCTCGTCA,0
AGGAATCGTACGCACT,0
AGGAATCTAAGAGTCA,0
AGGAATGCAATACAAT,0
AGGAATTACAAATACC,0
AGGAATTCAAGGATCT,0
AGGAATTTATATTCTA,0
AGGACAAACATAGTAA,0
AGGACAAATGGGCGTA,0
AGGACACCACCGTACA,0
AGGACAGGCCTGATTA,0
AGGACATATTTCCATC,0
AGGACCAAGCAAATAA,0
AGGACCTAATAGTTCT,0
AGGACGAAAAATCGAC,0
AGGACGATCGGGTAAT,0
AGGACGGCCCCACATA,0
AGGACGTACAAAAGGA,0
AGGACGTGTCTGAAGT,0
AGGACTACCTAAAGCA,0
AGGACTAGTAGGGGTA,0
AGGACTGGAAATAAAA,0
AGGACTTATGGCCACT,0
AGGAGAAAAATAGGAC,0
AGGAGAAACGCCTTCC,0
AGGAGAAGGACATATA,0
AGGAGAAGGATATAAG,0
AGGAGAATACATATAA,0
AGGAGACAAAGAAAAA,0
AGGAGACCCAAAACAC,0
AGGAGACGAGCCAGTA,0
AGGAGAGGATCTTCTA,0
AGGAGAGTATCATACA,0
AGGAGCATAAGAACAC,0
AGGAGCGCGACCTATG,0
AGGAGCGTAACCTAAT,0
AGGAGGAGTACAGCTC,0
AGGAGGCAGCTAGGCC,0
AGGAGGTAAAAGCTCA,0
AGGAGTATTTTACAGT,0
AGGAGTCTGTGCCATT,0
AGGAGTGACAAAACAG,0
AGGATAAAACCTATTG,0
AGGATAAACTCCCCCC,0
AGGATAAATTCACCTA,0
AGGATAACTAAAAACC,0
AGGATAATCTATTCCA,0
AGGATACGTCTATAGA,0
AGGATACTAAAATCCT,0
AGGATAGACGCGTTTT,0
AGGATCAATTCACAAC,0
AGGATCCCTAAAACCG,0
AGGATCTGAAAGAATG,0
AGGATGCACATAAATC,0
AGGATGGATATGAAGG,0
AGGATGTAACTTAAAA,0
AGGATGTAATTTTGTG,0
AGGATGTGTGTGGTGC,0
AGGATTAAATCTTCCG,0
AGGATTACTAACTGAA,0
AGGATTACTCCAACGA,0
AGGATTAGACTTGAAG,0
AGGATTATGGACTGTC,0
AGGATTCAATGTGACT,0
AGGATTCCGAGTACAT,0
AGGATTGGACTATATT,0
AGGATTTATCAAGGTT,0
AGGCAAAAAACACAAT,0
AGGCAAAGCAATCACA,0
AGGCAACAACCCCAAT,0
AGGCAACAAGTCTCCG,0
AGGCAACACATAAAGA,0
AGGCAACAGAAACAAC,0
AGGCAACAGACCCCCG,0
AGGCAACCCATCTAAA,0
AGGCAACCCCTAGCAC,0
AGGCAACTAATAACCG,0
AGGCAAGACTTTAGAA,0
AGGCAAGCCTCGAGAA,0
AGGCAATAGCAGAGAA,0
AGGCAATTTTAATCAT,0
AGGCACAGGAACAAAA,0
AGGCACATTTAAAAAA,0
AGGCACCGATAAAATG,0
AGGCACTGCCATAGCA,0
AGGCAGACAAAGAAGA,0
AGGCAGGACAGTACTT,0
AGGCATACAAAAAAAT,0
AGGCATCAAGAACGAG,0
AGGCATCAAGGAATTG,0
AGGCATCCAATGTCAG,0
AGGCATGTACCATAAA,0
AGGCATTGCAATACCT,0
AGGCATTGCGGAGTTA,0
AGGCCAAGAAGACCAA,0
AGGCCAATAAGGAGAG,0
AGGCCCACAATACGAA,0
AGGCCCAGACTCGGAA,0
AGGCCCCCTATAGAGC,0
AGGCCGCCCGAAAGTC,0
AGGCCGCTAGACTTTT,0
AGGCCGGAAATTATTC,0
AGGCCGGCTATAGCCT,0
AGGCCGTCAGAAAGAA,0
AGGCCGTTATACATTA,0
AGGCCTCTACCGATAT,0
AGGCCTGCTTATAGCA,0
AGGCCTGGAGGAGTTA,0
AGGCCTTACGCAACAT,0
AGGCGACTAAACAAGC,0
AGGCGCAAGTGTTCCG,0
AGGCGCTATAGCTAGG,0
AGGCGGAACATGGAAA,0
AGGCGGCCAACGTAGC,0
AGGCGGCGTCATTTTA,0
AGGCGTAACCCGACGA,0
AGGCGTAGTACACCCT,0
AGGCTAAAGAGATAAC,0
AGGCTACAACTCGGTG,0
AGGCTACTTGATCAAC,0
AGGCTATCAACCATGG,0
AGGCTATGTGGACAAT,0
AGGCTCCAGAATTATA,0
AGGCTCCCGCTAGGGT,0
AGGCTCGGATACTGGA,0
AGGCTCGGCGCAGTAA,0
AGGCTCTGAACTATAA,0
AGGCTGCATCCCAGCA,0
AGGCTGCTTTATAGTT,0
AGGCTGTCCATTCGCA,0
AGGCTTTAACACCACC,0
AGGGAAAAGGCTAAAA,0
AGGGAAAATGCTCATA,0
AGGGAATGTCTAGCAC,0
AGGGACCATTCTCGCA,0
AGGGACTCTGCACACA,0
AGGGAGAAACCCACAA,0
AGGGAGCAACTAAAAT,0
AGGGATCGAAGACGGT,0
AGGGATGACGATCCGC,0
AGGGATTATCGAGATT,0
AGGGATTTATAAACCA,0
AGGGCAGCCAGGGTAC,0
AGGGCATAAATCAATT,0
AGGGCATCAACCACAG,0
AGGGCCGAATGAAATT,0
AGGGCCTCATCATGAA,0
AGGGCGATATGTAATC,0
AGGGCGATCGGTGAAT,0
AGGGCGGCTTTAAAGG,0
AGGGCGGGCTCACAGT,0
AGGGCTAAAAGGTCCG,0
AGGGCTCTCAGGTCGT,0
AGGGGAACTCAATGCA,0
AGGGGAATTGAGCCAA,0
AGGGGACCTTAAGAAT,0
AGGGGATGAAAGGACA,0
AGGGGCATACTTAAGA,0
AGGGGCTCATATAAGA,0
AGGGGGACCAGAAACA,0
AGGGGTAATAATGACC,0
AGGGGTATACCTGACT,0
AGGGGTCCACAAGACA,0
AGGGGTGGTTTAGAAG,0
AGGGGTTAATCCTGCG,0
AGGGTACACCTTTTAA,0
AGGGTACGAGAGGTAA,0
AGGGTGATGATTTAAC,0
AGGGTGATTCGAACAG,0
AGGGTGTCCAGAGTAA,0
AGGGTTAAGCAACCGG,0
AGGGTTATAAAGAGAA,0
AGGGTTCTCGCGCACC,0
AGGGTTGTTCTTATAT,0
AGGGTTTTATAAGCTA,0
AGGGTTTTTCGAACCA,0
AGGTAAACAAAGGCCA,0
AGGTAAACTTAAAGGG,0
AGGTAACAAACTTTAG,0
AGGTAATACATGGGCC,0
AGGTAATGCAACGAAG,0
AGGTACAATGTACTTA,0
AGGTACAGGATTTATT,0
AGGTACCAAATCCATA,0
AGGTACGAACTTTCAA,0
AGGTACTATCACACAC,0
AGGTACTGAAACAATT,0
AGGTACTTAGCTGCAG,0
AGGTAGATTTCGACTC,0
AGGTATAGTCAGGTGG,0
AGGTATCCTGAGCGGG,0
AGGTATCTCGCGCCGG,0
AGGTATTAACATATGA,0
AGGTATTGAGAATATC,0
AGGTCAATAAACCCCG,0
AGGTCGCCGTGCCGTA,0
AGGTCTATGAACAAGG,0
AGGTCTGACACCACGA,0
AGGTCTGTATGTCTTT,0
AGGTGAGCAAATATCC,0
AGGTGATAGCGTATAA,0
AGGTGATGACAAAGTC,0
AGGTGATGTAGCTAAA,0
AGGTGCTATCTTTATG,0
AGGTGCTCCCGAGCAT,0
AGGTGGACAACCCCAT,0
AGGTGGACGCCGCCGA,0
AGGTGTGAAATTAGGT,0
AGGTGTGTTTTATTCA,0
AGGTTAACCAGTGAAA,0
AGGTTAGAAGTTCAAG,0
AGGTTAGAGACAAGGA,0
AGGTTAGCGAATTCCC,0
AGGTTAGGCAACAACG,0
AGGTTAGGTACCTCTT,0
AGGTTATTGTTCCAAC,0
AGGTTCTAAATTATTC,0
AGGTTCTGCATTTGCC,0
AGGTTGAAAAACTTAA,0
AGGTTGGGATACCGAG,0
AGGTTGTAGTTTTTCT,0
AGGTTGTTTATACATC,0
AGGTTTAAACGAACAA,0
AGGTTTACCTGGAGCA,0
AGGTTTATCGATTCTG,0
AGGTTTATTTGTCTTT,0
AGGTTTCAAAGAGGAG,0
AGGTTTCAATCAATAC,0
AGGTTTTTAGCATGAC,0
AGTAAAAAAATCACGT,0
AGTAAAAAAATTCTTC,0
AGTAAAAAGGTTAACG,0
AGTAAAACTGTCTGCA,0
AGTAAAATAGCCAAAT,0
AGTAAAATATTCCTTT,0
AGTAAACCTATGTACA,0
AGTAAAGTGCGATACG,0
AGTAAATAATGGATCT,0
AGTAAATACATTCCAA,0
AGTAAATCTGAATATT,0
AGTAAATGATCTGTAA,0
AGTAAATTTATACGCA,0
AGTAACAAGGTTAAAA,0
AGTAACAGTACCAAAG,0
AGTAACATGAAGATGA,0
AGTAACCAATACAAAC,0
AGTAACCCATACTCGT,0
AGTAACCGGATTGGCA,0
AGTAACCGGCTATAAA,0
AGTAACTATCACAAAG,0
AGTAACTCTATGAGCT,0
AGTAACTCTTAAGACA,0
AGTAAGAAGGTCAAAA,0
AGTAAGAATTCTATCT,0
AGTAAGACAGAAAATT,0
AGTAAGAGGTCTGTCA,0
AGTAAGCCATATGTAA,0
AGTAAGTGCTTTAGTG,0
AGTAATAACATTACTT,0
AGTAATACCTATAGCG,0
AGTAATAGACTGAGCC,0
AGTAATAGTGTTAATA,0
AGTAATCATGGAATGA,0
AGTAATCCAAGTATAC,0
AGTAATCCTGATCTTG,0
AGTAATCTGAGCATAA,0
AGTAATGACAATGTAG,0
AGTAATGATGTTAAGG,0
AGTAATGCCTACTACC,0
AGTAATGCCTTATACC,0
AGTAATGGATTGGCAT,0
AGTAATGGCCGTTTAT,0
AGTAATTGCTAATCTC,0
AGTAATTTCTAAACGA,0
AGTACAAGACTAAGAA,0
AGTACACCGTCCATAA,0
AGTACACGTACTACAA,0
AGTACAGACCGTAATG,0
AGTACAGTGGGTCCAA,0
AGTACCAAGAAACGAG,0
AGTACCTTAAAAGCGA,0
AGTACGAACATTAGAA,0
AGTACGAACGTCAAGG,0
AGTACGCAAGAACACA,0
AGTACGCCCCACACAT,0
AGTACTGAGAGCTAAA,0
AGTACTGCTGGTTTTT,0
AGTACTTGAGAATGGC,0
AGTAGAAATAACACCA,0
AGTAGAACAGACTAAC,0
AGTAGAACTACGTGCG,0
AGTAGACATTCGCCTT,0
AGTAGACTAACAATGT,0
AGTAGACTATAGGACT,0
AGTAGATGAAACATTA,0
AGTAGATTACCGCTTA,0
AGTAGATTCAACCCCA,0
AGTAGCAAACATAGCT,0
AGTAGCAGAATTTTAA,0
AGTAGCCACATGGTAG,0
AGTAGCCAGTGATTTA,0
AGTAGCCTAAACTAAC,0
AGTAGCGAGACGGATT,0
AGTAGCGCGACATAAG,0
AGTAGCTAAACTGCAG,0
AGTAGCTGCCCTCCCC,0
AGTAGGATGTCTAAGT,0
AGTAGGCCTTTGACGA,0
AGTAGGCGGACATATT,0
AGTAGGCTTCTCAGGT,0
AGTAGGGCCTCGGCCC,0
AGTAGTAAATCCTCGA,0
AGTAGTAACGGTGATA,0
AGTAGTACCCATCTTA,0
AGTAGTATACTATGTT,0
AGTAGTCATAAGAGAA,0
AGTATAAACGTGTAAA,0
AGTATAAATGACAAAG,0
AGTATAAGTAATACCA,0
AGTATAATAGGTTGAA,0
AGTATACAAAGGGTTT,0
AGTATACATCCACAGG,0
AGTATATAAAGCAAGT,0
AGTATCAACACCTATC,0
AGTATCAATAACGAAA,0
AGTATCAGAAGGAGAA,0
AGTATCCGTTGCCAAA,0
AGTATCGTTAAAGCAA,0
AGTATCTCACACGTTA,0
AGTATCTGGGAATGGA,0
AGTATGAGATTCATCG,0
AGTATGATAAATACTA,0
AGTATGATCTTGAGCA,0
AGTATGCAGCACATAA,0
AGTATGGCTAATCATT,0
AGTATGTCATACACCT,0
AGTATTAACCAAGTTA,0
AGTATTATCGATAACG,0
AGTATTATTCAAATTC,0
AGTATTCATATTTTAA,0
AGTCAAAATCAGAGAG,0
AGTCAAACCCCCTCAT,0
AGTCAAATAGTAAGCC,0
AGTCAAATTTCAAATA,0
AGTCAAGAACGCATAT,0
AGTCAAGATAGAAGTT,0
AGTCAATAACAGACCA,0
AGTCAATATGGGAATG,0
AGTCAATCGAGGCTAT,0
AGTCACAAATCAGGAA,0
AGTCACACACGTGAAA,0
AGTCACTCAGAAAATC,0
AGTCAGAAATTTGAAA,0
AGTCAGAGGTAATGTC,0
AGTCATAAACACTAAG,0
AGTCATCAAACAGCAA,0
AGTCATCAAATATTAT,0
AGTCATGACGAAATCG,0
AGTCATTAACAGAAAA,0
AGTCATTAATCACGGG,0
AGTCCAAAAATACACG,0
AGTCCAAAACAAATAA,0
AGTCCAACAAAATCTT,0
AGTCCAATTCCTCTGG,0
AGTCCACGCTCCATAC,0
AGTCCATTAATAATAG,0
AGTCCCAAAACTTGCA,0
AGTCCCACGTCACCTC,0
AGTCCCATCGTTATAG,0
AGTCCCATGCGGACAT,0
AGTCCCTGATTATTAT,0
AGTCCCTTCAAGCCCT,0
AGTCCGAGATGATGCT,0
AGTCCGTGTCCCGGCA,0
AGTCCTCAATCCGGGA,0
AGTCCTGTTCGATTTG,0
AGTCCTTAATATGTTA,0
AGTCCTTCTGTATTAA,0
AGTCCTTTTTCGAACG,0
AGTCGAAAGTATCCAC,0
AGTCGAACAAAGCTAA,0
AGTCGAATAACGGTAC,0
AGTCGACGCACAGAGC,0
AGTCGAGAGAAACTCC,0
AGTCGAGCCACCCGAG,0
AGTCGAGTGAATAGTT,0
AGTCGATCTCCATTCA,0
AGTCGATTAGAAATGT,0
AGTCGCAAGATACGAA,0
AGTCGCTTACTTAACC,0
AGTCGGACCAAAACAT,0
AGTCGGCACAATAACA,0
AGTCGGCGAGATTATC,0
AGTCGGGCAAGCTGAA,0
AGTCGTGACTTATACT,0
AGTCGTGCCGCATATT,0
AGTCTAAAGATGTTAC,0
AGTCTAATATAATGCA,0
AGTCTAATCACTTGAC,0
AGTCTACGCACGGTGA,0
AGTCTAGAATCGCGTT,0
AGTCTAGCCCACAGAA,0
AGTCTAGCCTAAATAA,0
AGTCTATAGATTCGTA,0
AGTCTCATAAGCACGT,0
AGTCTCGAAAATATGG,0
AGTCTCTCGTGCATGA,0
AGTCTGACAAAAGCCT,0
AGTCTGCTAGTGTATA,0
AGTCTTAAATGTATAA,0
AGTCTTAACTCCAGGG,0
AGTCTTGCCATGAACA,0
AGTCTTTAGTGAATCA,0
AGTGAACAGGCCAATC,0
AGTGAACTCCACACTA,0
AGTGAACTCTCTTTCC,0
AGTGAAGATCCAACAT,0
AGTGAAGTGGACCGAG,0
AGTGAATCCGTATCAT,0
AGTGAATCTGCCTGTT,0
AGTGACACACTCTTAA,0
AGTGACATAATGGAGG,0
AGTGACCTTTTAAACG,0
AGTGACGAAGTAGTAC,0
AGTGACGACTAGGGTG,0
AGTGACTATCAGACGA,0
AGTGACTTTCTAAGAA,0
AGTGAGCATCGAGAAG,0
AGTGAGTAACCGACCT,0
AGTGAGTCACCATGGA,0
AGTGATATGACATGTT,0
AGTGATTTAAACTATA,0
AGTGCAATAGCGACCG,0
AGTGCACGTTCAATCA,0
AGTGCACTCCGAGTTC,0
AGTGCAGCAGAGGTTA,0
AGTGCAGCGCGCTAGA,0
AGTGCCAAATGTATAC,0
AGTGCCAGCTTGATAA,0
AGTGCCATACGAAAGT,0
AGTGCCATGAAAGATA,0
AGTGCCATTAGTTAGA,0
AGTGCCCTAGTATAAC,0
AGTGCGACCGCATGTT,0
AGTGCGATTAACGCAT,0
AGTGCGCAAACTAACA,0
AGTGCGGCCTGCATCC,0
AGTGCGTAAAGATTAA,0
AGTGCGTACCGCCCAC,0
AGTGCTACGAATCATT,0
AGTGCTTCAGGTACGG,0
AGTGCTTCTGAGATAA,0
AGTGCTTTCTTTCTAA,0
AGTGGAACTTTCTCGA,0
AGTGGACTCTGAGCAG,0
AGTGGAGCGTAGCTAC,0
AGTGGCCACGGGTCAT,0
AGTGGCTTTGCTACGT,0
AGTGGTCCCAAAGAAC,0
AGTGTACCTGAAAAAA,0
AGTGTACCTTTCAAAA,0
AGTGTATAACTAGCAG,0
AGTGTATCCCCGTGCG,0
AGTGTCATGAATAACT,0
AGTGTCCCTCGCTTCT,0
AGTGTCTACACACAAT,0
AGTGTCTCTGGAAAGG,0
AGTGTGACATTGATGA,0
AGTGTGCATAAACAAT,0
AGTGTGCCCAAATCTT,0
AGTGTGCCGAACCTTA,0
AGTGTGCGTATATATT,0
AGTGTGTACGTACAAC,0
AGTGTTAACAATACGG,0
AGTGTTACGGCAATCC,0
AGTGTTATTCTTTATT,0
AGTGTTATTGTATTAA,0
AGTGTTCAAAGTAGCG,0
AGTGTTCAAGTCATTC,0
AGTGTTCAGATTAAGC,0
AGTGTTCTGCAGCGAT,0
AGTGTTGAATGAAGTC,0
AGTTAAATAAACTAAA,0
AGTTAAATTCATCGAT,0
AGTTAACAGGACGGTC,0
AGTTAAGAGGCATTAA,0
AGTTAAGTCCATTCCA,0
AGTTAATAAAAAAATG,0
AGTTAATCTACGGCTA,0
AGTTAATTAATTCGGG,0
AGTTAATTTAGACGAC,0
AGTTAATTTGTTTGAG,0
AGTTACAAGTATGAAC,0
AGTTACACGTTAGTTG,0
AGTTACATCATGGGAT,0
AGTTACCCACCCGTGA,0
AGTTACCCCTCGACTT,0
AGTTACCTAACCTAAA,0
AGTTACCTCACTACAC,0
AGTTACTAAATGTGGT,0
AGTTAGAACGGAAAAT,0
AGTTAGAATGTGGGGT,0
AGTTAGAATTTTAACA,0
AGTTAGACCGGGGTCA,0
AGTTAGAGCAGTACAA,0
AGTTAGAGTCCAATGA,0
AGTTAGCGATTAACAA,0
AGTTATATGAAGGCGT,0
AGTTATTCGAATGGAA,0
AGTTATTTAAACACCC,0
AGTTCAAAAGGCTATC,0
AGTTCAAAAGTCAATG,0
AGTTCAAGTAATAACT,0
AGTTCACTAAAAAAAC,0
AGTTCAGAAACGAAAT,0
AGTTCAGGTACAATGG,0
AGTTCATCGACATGTA,0
AGTTCATGAACCACGT,0
AGTTCCAGCTCTGTCA,0
AGTTCCATACGCATAA,0
AGTTCCTATGTTGCGA,0
AGTTCGAATTTCGCTG,0
AGTTCTACACTATTAA,0
AGTTCTCCTAACACTC,0
AGTTCTCTAAGACAAC,0
AGTTGAAAGGAATACC,0
AGTTGAAGGGGTAATA,0
AGTTGACACCGCGTCT,0
AGTTGACATTCTCGCA,0
AGTTGAGAGCCGGCCC,0
AGTTGAGATAAGAATC,0
AGTTGAGTGAACACTG,0
AGTTGATATTACCAAC,0
AGTTGGACACCGCCAC,0
AGTTGTTAAAAATAAA,0
AGTTGTTAACACGTAT,0
AGTTGTTCTATGGACT,0
AGTTTAACACAGAGAG,0
AGTTTAACAGAAACAA,0
AGTTTAGATGACCAGA,0
AGTTTATTAACCTACC,0
AGTTTCAAACGTGCCC,0
AGTTTCAATACTCCAA,0
AGTTTCAGCGGTTAAG,0
AGTTTCATAAAATTAT,0
AGTTTCCCTCATTATC,0
AGTTTCGCGCAGTTGT,0
AGTTTCTATGAAGAAT,0
AGTTTCTGTTGTATCT,0
AGTTTGAACCACACGT,0
AGTTTGAATGGACATA,0
AGTTTGCATTCTTCTC,0
AGTTTGGACTGGTGGT,0
AGTTTGTAAAGGTGAC,0
AGTTTGTAATACTTAC,0
AGTTTGTCATCCCTGG,0
AGTTTTAAAAGATAAC,0
AGTTTTATAATGTGTC,0
AGTTTTCATACGACTT,0
AGTTTTCGCAAGTGTC,0
AGTTTTTATGGACTTA,0
ATAAAAAAACATTCGA,0
ATAAAAAATAATGTTT,0
ATAAAAACCAGTACAA,0
ATAAAAACCATACCCT,0
ATAAAAAGAAAGATCC,0
ATAAAAAGGATTGTAA,0
ATAAAAAGTCCTAGAA,0
ATAAAAAGTTAAGATA,0
ATAAAAATAAGGCCCT,0
ATAAAAATAGAAGACT,0
ATAAAAATATACCTTA,0
ATAAAACCAATCCCAA,0
ATAAAACGGTTTACGA,0
ATAAAACTAAAGGAGT,0
ATAAAAGAAACATTGA,0
ATAAAAGACAACATTG,0
ATAAAAGACGGCGGGG,0
ATAAAAGGAAGTTAAA,0
ATAAAAGGACCTGAGT,0
ATAAAAGGAGACAGAA,0
ATAAAAGGGTTAGATG,0
ATAAAAGTACAATCTA,0
ATAAAAGTACTTAAGT,0
ATAAAATAATTTATGC,0
ATAAAATACAGAGCAA,0
ATAAAATACCCCGTCA,0
ATAAAATAGGTAGTCA,0
ATAAAATCAGGTCCGC,0
ATAAAATTATCCCAAT,0
ATAAACAAAAGCCGAA,0
ATAAACAACCAAGTAA,0
ATAAACAATAAAAAAT,0
ATAAACACAAGCTATC,0
ATAAACACTTGTTGAA,0
ATAAACAGCTGACTAG,0
ATAAACATCTAATCCA,0
ATAAACATTTAGTAGA,0
ATAAACATTTTAAAAA,0
ATAAACCAAAAGTTAA,0
ATAAACCAACAAATGT,0
ATAAACCAACGGCTCC,0
ATAAACCCTTTAATAC,0
ATAAACCTAGCACTCA,0
ATAAACCTCCTAAGTT,0
ATAAACCTTAATCTAA,0
ATAAACGCCGTGAAAG,0
ATAAACGCGTACAGCA,0
ATAAACTATACAGATG,0
ATAAAGACAATAACCG,0
ATAAAGACATATCAAT,0
ATAAAGACTTCTGTAT,0
ATAAAGATTTCGGTCA,0
ATAAAGCCGAAAAAAA,0
ATAAAGCTAGAGGCTC,0
ATAAAGCTCGACAATA,0
ATAAAGGAGTCTGCGG,0
ATAAAGGATTTGATCT,0
ATAAAGTAACATTAAA,0
ATAAAGTAGGGCGCCA,0
ATAAAGTATAAAACCT,0
ATAAATAAAATTCACA,0
ATAAATACAAAGATCA,0
ATAAATAGCATCTATA,0
ATAAATAGCCTAAATG,0
ATAAATATCGCTTCTT,0
ATAAATCAAAGCGCGT,0
ATAAATCAAATGTCTT,0
ATAAATCCTAAGCAGC,0
ATAAATCCTATGGAAA,0
ATAAATCGATAATCCA,0
ATAAATCTATTTACGA,0
ATAAATCTTCACCAAC,0
ATAAATGACGGAGTCG,0
ATAAATGAGCTAGGTT,0
ATAAATGATGAGAATA,0
ATAAATGGAATAGTCA,0
ATAAATGGTCGGACGT,0
ATAAATTAAGCAGCGT,0
ATAAATTACATAGATA,0
ATAAATTACTCAAAAA,0
ATAAATTAGAACGGTG,0
ATAAATTATATGAACA,0
ATAAATTGGTCTATCG,0
ATAAATTTATCCAAGT,0
ATAACAAATAAGTATT,0
ATAACAAATCAAAAAC,0
ATAACAAATTAAAATC,0
ATAACAAATTATGAAC,0
ATAACAACAACATAAA,0
ATAACAAGTTGTAGTT,0
ATAACAATAAATGGGC,0
ATAACAATAGTGAGAT,0
ATAACAATTCCGACTT,0
ATAACACGTTACCATT,0
ATAACAGTACTATTTA,0
ATAACAGTTCACACGC,0
ATAACATAGGTTGGAA,0
ATAACATGAATTAACG,0
ATAACATTATGATTTA,0
ATAACATTCAAATCAG,0
ATAACCACAAATTCAT,0
ATAACCAGGAGGCTCT,0
ATAACCATATTCTCCG,0
ATAACCCAATTTGAGT,0
ATAACCCCTCGGACTC,0
ATAACCGCCTTAACTA,0
ATAACCGGTAATGCCG,0
ATAACCTAAACCACTC,0
ATAACCTAATAAACAT,0
ATAACCTGAATGGGGT,0
ATAACGAACTGATGTC,0
ATAACGACGAATGCGA,0
ATAACGAGGAAAAAAT,0
ATAACGATAACAGTGT,0
ATAACGATGCAGGTCT,0
ATAACGCAAGAAACAA,0
ATAACGCTAACCGGGT,0
ATAACGCTTGTTAAGT,0
ATAACGGTAAAAAAAT,0
ATAACGTCCTATGTAG,0
ATAACGTGAACAACTC,0
ATAACGTGGACTTACT,0
ATAACTAAATTACCTC,0
ATAACTAACACCGGTT,0
ATAACTAACCATTGAA,0
ATAACTACTCTAAGTC,0
ATAACTATACGCAATG,0
ATAACTATCTCCAGCA,0
ATAACTATGCTGTTAT,0
ATAACTCCGAAGTACA,0
ATAACTCCGTTCATCA,0
ATAACTCTAAATACCA,0
ATAACTCTCAATCCAG,0
ATAACTCTTTAATAAG,0
ATAACTGCGTCCTAAA,0
ATAACTTATAAGGGTA,0
ATAACTTTGCCATGGG,0
ATAAGAAACATGCTTA,0
ATAAGAAATTACCACA,0
ATAAGAACAAAAAGCG,0
ATAAGAATCAACTCAT,0
ATAAGACATCATTTGG,0
ATAAGACGAAGCCTCG,0
ATAAGACGCGGTAAAG,0
ATAAGACTAGCAGTTA,0
ATAAGAGAACGATAGG,0
ATAAGAGGTGCAAATT,0
ATAAGATAGAAAAGGC,0
ATAAGATTCCCAGTCT,0
ATAAGCATTTTGTTGG,0
ATAAGCGATGGTGAGG,0
ATAAGCGGTACTAGAA,0
ATAAGGACTAAATTTT,0
ATAAGGACTTTAACAG,0
ATAAGGCAGGAATCAA,0
ATAAGGCAGTAGTTGG,0
ATAAGGCCCCTACACC,0
ATAAGGTATCAACAAG,0
ATAAGTAAACGCAACA,0
ATAAGTAAATAACACA,0
ATAAGTAATTAATACA,0
ATAAGTACACATAAAA,0
ATAAGTATCCAAAAAA,0
ATAAGTCAACACCCCG,0
ATAAGTCGAAAACGCT,0
ATAAGTGCCGTTCGTT,0
ATAAGTGGTTTCGTGG,0
ATAAGTGTCACCAGGC,0
ATAAGTTACCCCATTA,0
ATAATAAAAAAGAAGA,0
ATAATAAAACAGAACT,0
ATAATAAACTTAATCA,0
ATAATAAATCGGACAA,0
ATAATAACATACAGCC,0
ATAATAAGAGAAAGAA,0
ATAATAATAAATAAGA,0
ATAATAATACAAAAAA,0
ATAATAATCACTCTTC,0
ATAATAATTCACGCGC,0
ATAATACAGAAAGTCA,0
ATAATACAGTTATGCC,0
ATAATACCAGAGCAAA,0
ATAATACCATTGGATC,0
ATAATACTCAGGAATA,0
ATAATAGAACCCGAAA,0
ATAATAGACAATAATC,0
ATAATAGCACAAAACC,0
ATAATATAAGAAGTCG,0
ATAATATATAGGTTCA,0
ATAATATGGTACTTAG,0
ATAATATTAAAAAACT,0
ATAATATTGCATGAAA,0
ATAATCACGACTAAGC,0
ATAATCAGAACAAAAC,0
ATAATCAGATATCACT,0
ATAATCCTAAAGAAGA,0
ATAATCTATACCTACT,0
ATAATCTCCAAACGAT,0
ATAATCTCTCATGTAC,0
ATAATCTGAACCCCCG,0
ATAATGAATTGCAAGC,0
ATAATGACCTCAAATA,0
ATAATGACGACCTATC,0
ATAATGAGAATTTTAC,0
ATAATGCTTACAGAAT,0
ATAATGGGAAAGAAAA,0
ATAATGTAGAGTTCGT,0
ATAATGTTTAATTGAA,0
ATAATTAATCCCGTAC,0
ATAATTAATTTAACTC,0
ATAATTACAGGCACGA,0
ATAATTATGAGTCTAA,0
ATAATTCACAAGACTG,0
ATAATTCACCCTGTCA,0
ATAATTCCTAAAGAAC,0
ATAATTGAATATCTAG,0
ATAATTGAGTGCGAAT,0
ATAATTGATATACACT,0
ATAATTTAAAGGGTAA,0
ATAATTTGACTCCACA,0
ATAATTTTAAGATCAT,0
ATAATTTTTGATAACA,0
ATAATTTTTTGTTGCA,0
ATACAAAAAAGCCCCC,0
ATACAAAAACAGTTAC,0
ATACAAAATTCGAGAA,0
ATACAAATCTTGCATA,0
ATACAACAATACACGC,0
ATACAACAGTTAAGCA,0
ATACAAGAAGATCCAA,0
ATACAAGATGTAAAAA,0
ATACAAGCGAACCGAC,0
ATACAAGGACTAGATG,0
ATACAATAACGTCTAG,0
ATACAATAGTTTCTTT,0
ATACAATTACTGACAA,0
ATACAATTTAATAAAG,0
ATACAATTTAGTGTTC,0
ATACACAATCTATCGC,0
ATACACAGCTAACTGT,0
ATACACAGGCTAACTA,0
ATACACATAGTACAGA,0
ATACACCACTGGTACG,0
ATACACCATCGTACCC,0
ATACACGACGCAGGAC,0
ATACACGTGTGGCCAC,0
ATACACTACTCGACAC,0
ATACACTAGAGGGAAA,0
ATACACTCAGAGTTAA,0
ATACACTTCCACATCG,0
ATACAGAACAGCGATG,0
ATACAGACACTGAGAG,0
ATACAGCATTATTCTA,0
ATACAGCCATAAACAG,0
ATACAGGAGCTAGTAA,0
ATACAGGGCCAATTTA,0
ATACAGGTCATCAGAC,0
ATACAGGTGATTGGAC,0
ATACAGGTTAATCAAA,0
ATACATACTATAATAG,0
ATACATAGATGAATTA,0
ATACATATCGGCCTCA,0
ATACATCATCATGCCA,0
ATACATGCCTAATCCT,0
ATACATTCTAAATGAT,0
ATACCAAAGAGGGGTG,0
ATACCAACTAGTAAGT,0
ATACCAATTCTTCATA,0
ATACCACATACCCTCC,0
ATACCACTAGAATTGC,0
ATACCACTTTTGGTGC,0
ATACCAGAGAGTAGCA,0
ATACCAGTACTTTGTC,0
ATACCCAAAGGCAATC,0
ATACCCAAATAAGAAA,0
ATACCCAGAAAGCTAG,0
ATACCCCCACACTAAA,0
ATACCCCCATGTGTCC,0
ATACCCCTGATCCCGG,0
ATACCCCTGTTACGTT,0
ATACCCTCCACTGCTA,0
ATACCCTTGTGTCGGT,0
ATACCGAACGACATCT,0
ATACCGAAGAAGCACC,0
ATACCGAATACTGTGC,0
ATACCGCAAAACATGT,0
ATACCGTACCGTACAA,0
ATACCGTCTTAAGGTG,0
ATACCGTTAATAAGGA,0
ATACCGTTAATCCCAT,0
ATACCTAAACATGAAA,0
ATACCTAGAAAAAGCA,0
ATACCTATAACATAAA,0
ATACCTATACCTAAGA,0
ATACCTCCATAAAATA,0
ATACCTGAATCAAAGC,0
ATACCTGATAAAGAAT,0
ATACCTGTGTCTGGCT,0
ATACCTTACTCTTCTC,0
ATACCTTCATTATCAG,0
ATACCTTGATGGGCAG,0
ATACCTTGTTTAGAAT,0
ATACGAAAGACTATCT,0
ATACGAACAATGGCAT,0
ATACGAATCTCACCTT,0
ATACGAGAACAGAATC,0
ATACGAGCCCTGAGTC,0
ATACGATAACAAACAT,0
ATACGATACTACTCCG,0
ATACGATATTAAAACA,0
ATACGATCACTATAGA,0
ATACGCAATTGCTTAA,0
ATACGCACTTGGTAGG,0
ATACGCCCAGTTGAAC,0
ATACGCCGAAATCGTA,0
ATACGCCTTAAGAACG,0
ATACGCTCGAAGGAGA,0
ATACGGAAGACAATGT,0
ATACGGAGAGATGGAT,0
ATACGGCTTGCGCTTA,0
ATACGGGGTGCCCAGC,0
ATACGTAACCCGCATA,0
ATACGTACTGGAAGAT,0
ATACGTATACGATTGG,0
ATACGTATGACATACC,0
ATACGTCTGGTCGTAT,0
ATACGTCTTGTGCTCA,0
ATACGTGCGAATATCA,0
ATACGTGGTCTGTAAA,0
ATACGTTCAAACTTCT,0
ATACGTTCTTAAAAGT,0
ATACTAAATACTCTTG,0
ATACTAAATTAGGGAT,0
ATACTAACACATACGA,0
ATACTACAAATATAAA,0
ATACTACGAATCGTTA,0
ATACTACTGCAAATCA,0
ATACTACTTAACTGTA,0
ATACTAGCAATGTGTG,0
ATACTAGCTAGCACTC,0
ATACTAGGCGTACAAT,0
ATACTATACTTCAAAA,0
ATACTATTTAGAGCTC,0
ATACTCAGCACACCAC,0
ATACTCAGCGTTTCAT,0
ATACTCCCGTAAACGT,0
ATACTCCTATCGAGAT,0
ATACTCCTTAGCCACA,0
ATACTCTTTCCAATGG,0
ATACTCTTTCCGGGAG,0
ATACTGACAGAAAATC,0
ATACTGAGAGTCGTCC,0
ATACTGAGATGACAAT,0
ATACTGATATGGAACG,0
ATACTGATGCCGAGTT,0
ATACTGCAGTAGACGA,0
ATACTGGATACTTACC,0
ATACTGTGTCAGAATC,0
ATACTTATCGCGACAG,0
ATACTTCAATGTAAAG,0
ATACTTGTAACGCCAC,0
ATACTTTCTTCGTAGG,0
ATACTTTTCCGCACTT,0
ATAGAAAACTCCGAAG,0
ATAGAAATAAGAAAGA,0
ATAGAAATAATACCAA,0
ATAGAAATATAGAAAA,0
ATAGAACAAACGAGCC,0
ATAGAACAAAGAACCA,0
ATAGAAGAGGAAACTG,0
ATAGAAGTAATCCATA,0
ATAGAAGTACACTAGT,0
ATAGAATCCCGTATGT,0
ATAGAATCGTAGATCA,0
ATAGAATTAGTGTTGG,0
ATAGAATTGTTCAAAA,0
ATAGACAAAGGTCAAC,0
ATAGACAATTCTATAA,0
ATAGACACGATATCAA,0
ATAGACCAATGATAAC,0
ATAGACCGAAAAATAA,0
ATAGACTAAAAGCAAT,0
ATAGACTCTGATATCC,0
ATAGAGAAAAATGGAA,0
ATAGAGATAGGCTAAA,0
ATAGAGATATCGGTTA,0
ATAGAGCTGGTCCCTG,0
ATAGAGGCTTAAAGGA,0
ATAGAGTAGAAATCCA,0
ATAGAGTCTGACATGT,0
ATAGAGTTTAGAAAAA,0
ATAGATACACCCAAGC,0
ATAGATACGCCACACC,0
ATAGATAGACGGATAG,0
ATAGATAGGACGAGTT,0
ATAGATATAACACAAA,0
ATAGATCCTATTAGTC,0
ATAGATCGGATCATTG,0
ATAGATCGGATTGAAC,0
ATAGATCGTCGAGGCT,0
ATAGATGCGCACAAGA,0
ATAGATTTCTGTAAAT,0
ATAGATTTTGCCAATG,0
ATAGCAAGGAGGGAAA,0
ATAGCACAAAAAAAAC,0
ATAGCACAAAAGATAG,0
ATAGCACAACTTAGAA,0
ATAGCACATTCATATA,0
ATAGCACTAACAAAAA,0
ATAGCAGGGCGCAGAA,0
ATAGCAGGTGCCACGC,0
ATAGCATATTATCGTA,0
ATAGCCAAGTACTTCC,0
ATAGCCACTAACAACA,0
ATAGCCGTTACAGGGT,0
ATAGCCTTAATTTTTC,0
ATAGCCTTACTACAGA,0
ATAGCGACAACCATAA,0
ATAGCGATAAATGTTT,0
ATAGCGTACACTTAGT,0
ATAGCTTATTATATTG,0
ATAGCTTCCGTGAATA,0
ATAGGAACCGACCTCC,0
ATAGGACACATCAGCG,0
ATAGGATTCCCGGTTG,0
ATAGGCACGCTAAACC,0
ATAGGCGAAGGCTGGA,0
ATAGGCGTAAAATAAG,0
ATAGGCTGTACAAATT,0
ATAGGCTTATAGACCT,0
ATAGGGAACGGATTAA,0
ATAGGGAATTATTTTT,0
ATAGGGATAAATGATA,0
ATAGGTAAAATGCTAT,0
ATAGGTCCCCACTAAC,0
ATAGGTCGGTCCCGTT,0
ATAGGTGAAAATGCTT,0
ATAGTAAAGACCCTAA,0
ATAGTAACTCTAGCCA,0
ATAGTAATTCCATCGA,0
ATAGTACCACCAAATA,0
ATAGTAGAATCGCCTC,0
ATAGTATAAAATTAAA,0
ATAGTATATAAAAGAC,0
ATAGTATATACCAAAA,0
ATAGTATGCAGAGTGT,0
ATAGTCAATCAAATGC,0
ATAGTCCATCGGAGAT,0
ATAGTCCGATCACGAC,0
ATAGTGACTCTTCAAG,0
ATAGTGATACAAAACT,0
ATAGTGCGTCACAGTA,0
ATAGTGGGTCGAGTCG,0
ATAGTGGTCACCACGA,0
ATAGTGTCCTAGAAGT,0
ATAGTTAAAAATGTAC,0
ATAGTTACTCATGTCA,0
ATAGTTAGTATACTTA,0
ATAGTTATTCACAGAA,0
ATAGTTGAAGTGATGG,0
ATAGTTGACCCGAAAT,0
ATAGTTGTCCTTTTAG,0
ATATAAAACTCAGGGA,0
ATATAAACACACTTCC,0
ATATAAACGAGCATGA,0
ATATAAATTGTCGTCG,0
ATATAACAGTAAAAAC,0
ATATAACCCACACTAG,0
ATATAACCCGGCTTTT,0
ATATAACCGCTGTTAA,0
ATATAACCGTCCCACT,0
ATATAACTCTGCCATT,0
ATATAACTGCTGCGAA,0
ATATAAGACTGCTGAA,0
ATATAAGATCAGAATA,0
ATATAAGCCAATCTCT,0
ATATAAGCGCCGAATA,0
ATATAAGTAATACGAA,0
ATATAAGTCGATCGAC,0
ATATAAGTCTCGCTAC,0
ATATAAGTGACAATCA,0
ATATAATCATTAAACT,0
ATATAATCGGGCTGTC,0
ATATAATCTGATCACA,0
ATATAATTGATTAGCC,0
ATATAATTTCTATGAA,0
ATATACACATACAGTG,0
ATATACAGACGTCTGT,0
ATATACATGAATATAC,0
ATATACCAGATGCACA,0
ATATACCCCACTTAGA,0
ATATACCCCCCTAGAG,0
ATATACCTAAATGGTT,0
ATATACGAGAACAAAA,0
ATATACGGTATATCCC,0
ATATACGTACACGTTT,0
ATATACTAATCTGCCG,0
ATATACTATCGCGACC,0
ATATACTTGTGAACGT,0
ATATAGCATTTGACTT,0
ATATAGCCTGCGTGGT,0
ATATAGCTCGCAACGA,0
ATATAGGCATTAAATT,0
ATATAGTAACAAATCC,0
ATATAGTATTTCAGAT,0
ATATAGTCAATCTTAT,0
ATATATAAGTGAGATA,0
ATATATAATAGGCACA,0
ATATATACCAAAAGCT,0
ATATATACTCTAAAAG,0
ATATATATTTCAATTA,0
ATATATCCACCTTACA,0
ATATATCTAGAACACG,0
ATATATGAAAATTTTC,0
ATATATGATGCAATTA,0
ATATATGCGTAAAGTG,0
ATATATTAAAACGGGC,0
ATATATTAGAACAGGA,0
ATATATTAGGATCAAG,0
ATATATTAGTCCCCTA,0
ATATATTTAGAATATG,0
ATATATTTGAACTATG,0
ATATATTTTATCCTGC,0
ATATCAAAAGCGACGC,0
ATATCAAACGTTCCTA,0
ATATCAAATGATGAAT,0
ATATCAAATTTTACAT,0
ATATCAACCCCTAGTT,0
ATATCAAGTGCTAATA,0
ATATCACACAATCCAA,0
ATATCACAGATAGCGC,0
ATATCAGAGACTTCAC,0
ATATCATACTTGTTCC,0
ATATCATCACGCGGTG,0
ATATCCACGATGTAGA,0
ATATCCAGAAATGGGA,0
ATATCCCGAAAGATAA,0
ATATCCCTACACTGCG,0
ATATCCGAACCTCCAC,0
ATATCCGACACTATGT,0
ATATCCGGTGCACACT,0
ATATCCTAATAAATAG,0
ATATCCTACTAGATAC,0
ATATCCTGGAAGACAC,0
ATATCGAACGGATTCA,0
ATATCGCAAAGAATGG,0
ATATCGCGAGATTTGG,0
ATATCGTTCCCATCGT,0
ATATCTATCAAAGCCT,0
ATATCTCATGAGAACG,0
ATATCTCGTAGTGGAA,0
ATATCTGAATAAGTAA,0
ATATCTGATTTCAAAA,0
ATATCTGCTAAGACAC,0
ATATCTTACAATCTAT,0
ATATCTTGCATACGAA,0
ATATCTTTGTTTAACT,0
ATATCTTTTTGAACAA,0
ATATGAAATCTCTTCA,0
ATATGAACATTAATGC,0
ATATGAACCCTTAGGT,0
ATATGAAGAAACAGGT,0
ATATGACAAGACGACC,0
ATATGACCACCGAACT,0
ATATGAGAATATGCAG,0
ATATGATACAAAGCAG,0
ATATGATACCCTGGAA,0
ATATGATGATCATGCC,0
ATATGATGCAACCTAT,0
ATATGCACTAACTTAG,0
ATATGCCGGCTGTTAA,0
ATATGCGACTAGCAGC,0
ATATGCGTAGACCAAC,0
ATATGCTAATCAACCA,0
ATATGGATATCTGCAA,0
ATATGGCAATACCAAA,0
ATATGGCACCGAAGAG,0
ATATGGCAGACATTCA,0
ATATGGGCGCTCCTAA,0
ATATGTAAACAAACCC,0
ATATGTACACGGCACC,0
ATATTAAACCTAAAAA,0
ATATTAAATAAGCTCA,0
ATATTAAATCAGCATA,0
ATATTAACCACATATC,0
ATATTAATAAAACGAT,0
ATATTACAGGAGTTGT,0
ATATTACAGTCTATAT,0
ATATTACGAACCAAAA,0
ATATTAGGGCAAAAAT,0
ATATTATACCATTGTA,0
ATATTATAGTCTTATG,0
ATATTATTACTAAAGA,0
ATATTCACTAAGCAGG,0
ATATTCAGTGCGGATA,0
ATATTCATTTTTTAGC,0
ATATTCCAGATTAGCA,0
ATATTCCATTTCATAG,0
ATATTCCTGGAATTGG,0
ATATTCGGTTCATAAA,0
ATATTCGTTTGTGAAG,0
ATATTCTCAAACGCTA,0
ATATTGCAACAAAATA,0
ATATTGCACGACATAT,0
ATATTGGTTTACCCGT,0
ATATTGTATAGGACGT,0
ATATTGTGAACAGAAT,0
ATATTTAAAGTGAAAG,0
ATATTTAATAGAATCC,0
ATATTTATCAAATAAC,0
ATATTTCCAGATACTA,0
ATATTTCTAATGGCAT,0
ATATTTCTAGATGCAT,0
ATATTTGAATTCCCCG,0
ATATTTGATAATAGAA,0
ATATTTTGGATCGAAT,0
ATCAAAAAATACAATA,0
ATCAAAAAATGGCCAC,0
ATCAAAAATGATAGGA,0
ATCAAAAATTAGGTCT,0
ATCAAAAATTGAAATT,0
ATCAAAAGTTTATAGA,0
ATCAAAATACGTTAGT,0
ATCAAAATCATAAGCT,0
ATCAAAATCATATAAA,0
ATCAAAATGCCTTAAC,0
ATCAAAATTATTTTCT,0
ATCAAACTACACTCAT,0
ATCAAACTAGAAAGAG,0
ATCAAACTGGAAGCTC,0
ATCAAACTTTAACATC,0
ATCAAAGACCTAGACA,0
ATCAAAGATTTTGTAA,0
ATCAAAGTGACATCTA,0
ATCAAAGTGACGAACG,0
ATCAAATGATTCCTCA,0
ATCAAATGCGAGCTAG,0
ATCAACAACACCCCAT,0
ATCAACAACTGTTGAA,0
ATCAACAGGAGAATAC,0
ATCAACAGTAAAAACT,0
ATCAACCAGTTTGGCA,0
ATCAACCCCGGCAATA,0
ATCAACCCTCATGTCC,0
ATCAACCGAACCTATT,0
ATCAACCGACAATTTC,0
ATCAACGACAACGGGG,0
ATCAACGCAGGGTCGC,0
ATCAACGTGAAGACCA,0
ATCAACTAAGCAGACC,0
ATCAACTGTGGATCCT,0
ATCAACTTTAACTGCT,0
ATCAAGAACATAAAAA,0
ATCAAGACAACACTAA,0
ATCAAGACGCACCTGA,0
ATCAAGAGAAGCTCTG,0
ATCAAGATCCTTTTTT,0
ATCAAGCGGTGAATTA,0
ATCAAGGTATATTTAA,0
ATCAAGGTTGCGCTTA,0
ATCAAGTACACGCTGG,0
ATCAAGTCAGCTCACA,0
ATCAAGTTAACAAAAA,0
ATCAATAAAATGCGCA,0
ATCAATAATTCAATTA,0
ATCAATACACACTATT,0
ATCAATACAGCTAACC,0
ATCAATACATCTCATA,0
ATCAATATTAGATACG,0
ATCAATATTGTAGGGA,0
ATCAATCAATAATCCA,0
ATCAATCAGATAGCGC,0
ATCAATCCCTAACCTG,0
ATCAATCTTAGAAACG,0
ATCAATGAATGGACTT,0
ATCAATGCACCCAACG,0
ATCAATGGCAAGAAGG,0
ATCAATTATTGCTTTG,0
ATCAATTCCACCCGCT,0
ATCAATTTGAGTGACA,0
ATCACAAACCAACCTT,0
ATCACAAGGCGGATAG,0
ATCACACCACTTCCAT,0
ATCACACGTGACATGT,0
ATCACACTTAGAGCGC,0
ATCACACTTTGAAGCG,0
ATCACAGAACTCTTAC,0
ATCACAGCAGCAGGGC,0
ATCACAGGGACTACTG,0
ATCACATTACCCAATT,0
ATCACCAAAGGAGAAA,0
ATCACCACGTAGTATT,0
ATCACCGAAAAAGTTG,0
ATCACCGTCTATAACT,0
ATCACCTTATATCCAC,0
ATCACGAAAAATAATA,0
ATCACGCCCCCTTAAC,0
ATCACGCGGAAAAGGT,0
ATCACGGCAAATTCGA,0
ATCACGTAGACACTAT,0
ATCACTAAACGCGCAA,0
ATCACTAAGAATTCGA,0
ATCACTCCGGAAGGAA,0
ATCACTGGAGTACCTA,0
ATCACTTAAGAGACAT,0
ATCACTTAAGATAGGT,0
ATCACTTCCAGTGACG,0
ATCACTTGCATTTGGT,0
ATCAGAACCAAGCGAG,0
ATCAGAAGAACACTTT,0
ATCAGAAGCCCGAGAG,0
ATCAGACCGTTTGACG,0
ATCAGAGCACAGTCCG,0
ATCAGATATGGGTTTA,0
ATCAGCAAATGTAGAT,0
ATCAGCAAGTAAGGTC,0
ATCAGCACCTCCTACG,0
ATCAGCATTCTCTATG,0
ATCAGCATTTGCTCAT,0
ATCAGCGCAGAGCTCA,0
ATCAGCGCCACCAGTC,0
ATCAGCGGTTTCTGGC,0
ATCAGCGTAGTGACAG,0
ATCAGCTCACACGACG,0
ATCAGGCTATCAAACC,0
ATCAGGGCCACATCGG,0
ATCAGTATGATTTATT,0
ATCAGTCCTTTCGGTG,0
ATCAGTCTAGATCGAA,0
ATCAGTCTGCGTAACG,0
ATCAGTGATATTACAT,0
ATCAGTGGTCAGAAGA,0
ATCAGTGTAGCTCTCA,0
ATCAGTTAATTAGTAG,0
ATCATAAACAAATAAG,0
ATCATAAACGGTATCT,0
ATCATAAACTCAATAG,0
ATCATAAGAATTAGAT,0
ATCATACAGAAACACA,0
ATCATACCGAGTAAAA,0
ATCATAGAACTGTTAA,0
ATCATAGAATTGAGAC,0
ATCATAGGTGCTTAGA,0
ATCATATACGCCATTA,0
ATCATATACTGGCATC,0
ATCATATTAACACCGG,0
ATCATCAATGGAATTC,0
ATCATCAGGGATAAAT,0
ATCATCATAATTAAAA,0
ATCATCATTAGCTAGG,0
ATCATCCTTGTTCTGA,0
ATCATCGGCGTAGAAA,0
ATCATCTGAAGAGACT,0
ATCATCTTAAATACGT,0
ATCATGACACACTTCG,0
ATCATGATTCAAATTT,0
ATCATGCACAAGGTAA,0
ATCATGTACAAGGTCA,0
ATCATGTGGTCAATTA,0
ATCATTAACGAACTCC,0
ATCATTAACTCACCCG,0
ATCATTAAGCAAAACT,0
ATCATTAATGCCTATA,0
ATCATTACAGTGAAAT,0
ATCATTAGTCTGTCAA,0
ATCATTAGTTCCAATC,0
ATCATTATAAAATGCG,0
ATCATTCACTTGATAT,0
ATCATTCATTCCGTGA,0
ATCATTCCAGAATATC,0
ATCATTCTACTAAACT,0
ATCATTGCATTGAGCA,0
ATCATTGCTACTAGCT,0
ATCCAAAACCAATCTT,0
ATCCAAAATTACGGTT,0
ATCCAAAATTAGATAC,0
ATCCAAACAGAATCAG,0
ATCCAACCTTATTCTA,0
ATCCAACGATAGGCAG,0
ATCCAAGAACCGAAAA,0
ATCCAAGATTTTATAA,0
ATCCAAGGAAATATGA,0
ATCCAAGTTTTCAAGA,0
ATCCAATAAACCAAAC,0
ATCCAATCATCTTCCC,0
ATCCAATTATTCGAAA,0
ATCCAATTGAGGAGAA,0
ATCCAATTTAATGCCG,0
ATCCACAAACACCACC,0
ATCCACACAAAGAGCC,0
ATCCACATGACAGACC,0
ATCCACCTAATCGTCC,0
ATCCACGATCAGAGGC,0
ATCCACGGGAAAGTAT,0
ATCCACTAAAGACATG,0
ATCCAGAATAGAATAC,0
ATCCAGAATGAAATCA,0
ATCCAGATCACTATAG,0
ATCCAGCACACCTTGA,0
ATCCAGCTATATTCCC,0
ATCCAGTGGGTTCTTC,0
ATCCATATGAATTTGA,0
ATCCATCGGAATTTAA,0
ATCCCAACAATTAAGA,0
ATCCCAATCACATACT,0
ATCCCAATCCAACCGT,0
ATCCCAATCTCTCTCT,0
ATCCCAATGTATTAAG,0
ATCCCAATTTACCAAG,0
ATCCCACAAAGTCAAA,0
ATCCCAGCTAGATCCC,0
ATCCCATAAGGTATCT,0
ATCCCATAGAAAACAG,0
ATCCCATTGGACGTAA,0
ATCCCATTGGTATATT,0
ATCCCCAATGGATGCG,0
ATCCCCCAACGCCCGA,0
ATCCCCCTCAAACATC,0
ATCCCCGAAAAACTAA,0
ATCCCCTGCTTAGCAA,0
ATCCCGATGTAACTGA,0
ATCCCGATTTGAGGCC,0
ATCCCGCATTATAAAA,0
ATCCCGGACTCAATGT,0
ATCCCTAATGTGTTGC,0
ATCCCTACGTTGTCAT,0
ATCCCTATACACATGT,0
ATCCCTGCGCTCACCA,0
ATCCGAAGTTAATGGA,0
ATCCGACAGCTGAACA,0
ATCCGACGATTAAGGA,0
ATCCGACTTTGGAGCC,0
ATCCGAGAAAGCTAGC,0
ATCCGAGAGCGAGAAT,0
ATCCGATGAAACAAAA,0
ATCCGCACAATATTAT,0
ATCCGCAGCCAACTTT,0
ATCCGCCATGCGTTTT,0
ATCCGGATAAGTAACA,0
ATCCGGCTCTATGACC,0
ATCCGGGGTCAGTATC,0
ATCCGTAAGATCGAAA,0
ATCCGTAGAAATAAGT,0
ATCCGTATAATCGCTG,0
ATCCGTCTCATAAACT,0
ATCCGTGGAATGAAGT,0
ATCCTAAAATGAAACT,0
ATCCTAACCAGAAAAA,0
ATCCTAACCGAGCCTA,0
ATCCTACAATGACAGA,0
ATCCTACACTGACAGT,0
ATCCTAGAATGATATA,0
ATCCTATCACCTATTT,0
ATCCTATCTCCCGATC,0
ATCCTCGACTAGCCCA,0
ATCCTCGTATAAACCC,0
ATCCTGAACAGTCACT,0
ATCCTGCAACCTGACA,0
ATCCTGGCAAGAAAAA,0
ATCCTGTCAACATGGG,0
ATCCTTCATAGCAGCA,0
ATCCTTGTTGTGCACA,0
ATCGAACAAGATAACC,0
ATCGAACAATATATTT,0
ATCGAACCGTGGCATT,0
ATCGAACTCCGCATGA,0
ATCGAAGCGAAACCCG,0
ATCGAAGTAACGGGTC,0
ATCGAAGTCATCCGAC,0
ATCGAATACCCCCAAA,0
ATCGAATTGACCGATA,0
ATCGACACCTTTTATA,0
ATCGACACGGATAGCC,0
ATCGACACTATACACC,0
ATCGACCAGGAGAACT,0
ATCGACGGAACAAAAG,0
ATCGAGACATATATTT,0
ATCGAGATGAGCAATG,0
ATCGAGCTCTTATAAG,0
ATCGAGTACTATATGG,0
ATCGAGTTTAAGCCCC,0
ATCGATCAAATCTAAT,0
ATCGATCCAGACCCCC,0
ATCGATCCGATCCAGT,0
ATCGATCCTCAGTCAA,0
ATCGATTTATATCTAT,0
ATCGCACTCTGACCAG,0
ATCGCAGAACTGGTGT,0
ATCGCAGGCAGTACCG,0
ATCGCATAGAGTTTAA,0
ATCGCCACCAGTAAAA,0
ATCGCCCTGTCACGCA,0
ATCGCCTAGAGGCCTC,0
ATCGCCTGTAGACATA,0
ATCGCGAATTGACCAA,0
ATCGCGGACATTTGTC,0
ATCGCTAGCGGTGCAT,0
ATCGCTCCTAATCACT,0
ATCGCTGCCTAGGTCA,0
ATCGGAACAGGTTATC,0
ATCGGACTAGCGGCAC,0
ATCGGAGAGATGTCTT,0
ATCGGAGCTCAAGTCG,0
ATCGGATGACACATAA,0
ATCGGCAAACTCCAGC,0
ATCGGCACATTCATAA,0
ATCGGCATACGACTTA,0
ATCGGGTAATTATAAC,0
ATCGGGTGGAATAGCT,0
ATCGGTAGTCGCAGCG,0
ATCGGTATTTTCCAAA,0
ATCGTAACAGACCCCA,0
ATCGTACACAGGATAA,0
ATCGTAGATCTTATAA,0
ATCGTAGCTATCAGAA,0
ATCGTAGGACAAAAAT,0
ATCGTAGGATAAATAA,0
ATCGTAGGGTGACGTA,0
ATCGTCTCGCAGGGGT,0
ATCGTGAAACACACTT,0
ATCGTGAACTGGCTTG,0
ATCGTGAGCCCATGCA,0
ATCGTGATGCTAGAAT,0
ATCGTGGGCGGTAATA,0
ATCGTGTCTCATAGAG,0
ATCGTTAAGGGCACTT,0
ATCGTTCCTATACACG,0
ATCGTTGTAGAACTAC,0
ATCGTTGTCGGTAGTA,0
ATCTAAAAACTTTTAA,0
ATCTAAACAAAATTAT,0
ATCTAAACATAAAAAC,0
ATCTAAAGGAATGTTA,0
ATCTAAATCTAATTAT,0
ATCTAACTCGACATCT,0
ATCTAACTTTTTTTGC,0
ATCTAAGACTGACAGT,0
ATCTAAGTCTAATACT,0
ATCTAATAATGAACAA,0
ATCTACAGCTAAAAAA,0
ATCTACCTAAGTTCAT,0
ATCTACTAATAACAAA,0
ATCTAGAGACTATAGA,0
ATCTAGCGTCAATAAA,0
ATCTAGTCGTATACTG,0
ATCTATAGTATGAAGC,0
ATCTATATCAACCTAC,0
ATCTATCGCGGAATTG,0
ATCTATCTCATTGTTC,0
ATCTATTGCAAGGAAC,0
ATCTCAAAAAATCTGA,0
ATCTCAATCTACGATA,0
ATCTCAATTCAGGTGT,0
ATCTCACACTGATACA,0
ATCTCACCCCTCCACA,0
ATCTCACCTAAAATGA,0
ATCTCAGGAAATTTGA,0
ATCTCATATATCACAA,0
ATCTCATCACATCACG,0
ATCTCATCTCGATGAC,0
ATCTCATCTGCTACTG,0
ATCTCATGAGATAACA,0
ATCTCATGCTAAATTA,0
ATCTCATGGAGCTCCT,0
ATCTCCAATAAATATT,0
ATCTCCACCTATATAC,0
ATCTCGGAAAGGAGAC,0
ATCTCGTCTAACCACA,0
ATCTCGTTGAAACATA,0
ATCTCTAATACTGTCA,0
ATCTCTAGAATCTTTT,0
ATCTCTCAATCATCAA,0
ATCTGAAAACCTCATG,0
ATCTGAAAATCAGAGT,0
ATCTGACAGACACCTA,0
ATCTGAGAATCTTGTC,0
ATCTGATACTCAAGCA,0
ATCTGCAGACCATTTG,0
ATCTGCATAATTCCCT,0
ATCTGCATCCCCTAAC,0
ATCTGCCAAATGAGAC,0
ATCTGCGGAGATTGGT,0
ATCTGCGGTACCGTCC,0
ATCTGCTCAAAAAAAC,0
ATCTGCTTTTCCACAT,0
ATCTGGACTGTCTGTA,0
ATCTGGATAAAGTATT,0
ATCTGGATATCTTACC,0
ATCTGGCCATAACAGA,0
ATCTGGGCTTTTTAGA,0
ATCTGGTCGACCTACA,0
ATCTGTACAAAACACT,0
ATCTGTACTTGTGCTG,0
ATCTGTACTTTTCGGA,0
ATCTGTGACGAACTTT,0
ATCTGTGGAACTGAAG,0
ATCTTAACCCTTCCAC,0
ATCTTAAGTGTGGTTA,0
ATCTTAATCGGCTAGC,0
ATCTTACATTCAACGA,0
ATCTTACATTTGGATG,0
ATCTTACGCAAAACCT,0
ATCTTACTAACAGTTG,0
ATCTTACTGTTTCACT,0
ATCTTAGATCTCAGCC,0
ATCTTATCTTTATGTT,0
ATCTTCAACTTAACTA,0
ATCTTCAAGGAAAAGT,0
ATCTTCACCACAACAT,0
ATCTTCATGTTTGTCC,0
ATCTTCCAATAAAACT,0
ATCTTCGCGCGATTGA,0
ATCTTCTACTTCACTC,0
ATCTTGAAAATGCAAG,0
ATCTTGCATAATCTGA,0
ATCTTGCCAGGAACCC,0
ATCTTGTTACCACACA,0
ATCTTTATTTCTGAAA,0
ATCTTTCTGTGTCAGA,0
ATCTTTCTTTCAAAAT,0
ATCTTTTGCCAAAAAA,0
ATGAAAACACCAGAAC,0
ATGAAAACCTGACTAA,0
ATGAAAACTGGATGGA,0
ATGAAAATACAATCTT,0
ATGAAAATACGAGGTT,0
ATGAAACAATGAGGGT,0
ATGAAACCTAGTCCAT,0
ATGAAACGTCTATTTA,0
ATGAAACGTTCCTCAA,0
ATGAAACTGAGATCAA,0
ATGAAAGCACAATCAA,0
ATGAAAGGAGACTTGG,0
ATGAAAGTAAACCACT,0
ATGAAAGTCCGAATGC,0
ATGAAATATGCTTATA,0
ATGAAATCCCAGCTAT,0
ATGAAATGATAACGCT,0
ATGAAATTACTCTATG,0
ATGAAATTGTACTTGA,0
ATGAACAAAATAACCT,0
ATGAACACAAATTCAA,0
ATGAACAGATAGAGAA,0
ATGAACAGTTGGCAAA,0
ATGAACCCAACTCAGC,0
ATGAACCTGCCCTGAC,0
ATGAACCTTACGAAGA,0
ATGAACGAAACATAAG,0
ATGAACGTAGGCATAC,0
ATGAACTACGAAAAGA,0
ATGAACTATGATCACC,0
ATGAACTCAGCGATCA,0
ATGAACTCCTGGTTGT,0
ATGAACTCTACTACTG,0
ATGAACTTTCCGAAGT,0
ATGAAGAACATAATAA,0
ATGAAGAATTGGCAAC,0
ATGAAGACCCCTAAAA,0
ATGAAGGGAGCCATTG,0
ATGAAGGTCCGCCGAT,0
ATGAATAAAAAATGCT,0
ATGAATAGAAATGCCG,0
ATGAATAGAATAGCAC,0
ATGAATAGTCAGTGAT,0
ATGAATAGTCCGACAA,0
ATGAATATCAATTAAC,0
ATGAATATTCAAAAAA,0
ATGAATCAATGATGCG,0
ATGAATGACGAAAGAC,0
ATGAATGACGTCTGGC,0
ATGAATGCAGGCATAT,0
ATGAATGGTCAGAAAC,0
ATGAATTGTCACCATA,0
ATGACAAAGTTGGTTT,0
ATGACAAGGGACGGCA,0
ATGACAATAATCTGCG,0
ATGACAATGCGAAACT,0
ATGACACAATAACTAG,0
ATGACACAGAAGCGTC,0
ATGACACAGGATAAAG,0
ATGACACTCTTTAAAC,0
ATGACCCCTTGATAAA,0
ATGACCGAACTGGAAT,0
ATGACCGCATGGTCTA,0
ATGACCTTCATCATGA,0
ATGACGACACCACGAA,0
ATGACGAGGAACAAAC,0
ATGACGCCACTTCGCT,0
ATGACGGGGAAGCTTG,0
ATGACGGTCTGTTGGA,0
ATGACGTCATACTCTA,0
ATGACGTTACAACAAT,0
ATGACTCTCTCATCCT,0
ATGACTCTGATATCAA,0
ATGACTTAATTAACCG,0
ATGACTTCAGGCCACC,0
ATGAGAAAACTGGAAC,0
ATGAGAACAGTGGATA,0
ATGAGACAGGGTTAAC,0
ATGAGACTGCCGGACA,0
ATGAGAGAAAACAGGC,0
ATGAGAGGGCGAGCGA,0
ATGAGAGTTCTTGCCT,0
ATGAGATACTTTAACC,0
ATGAGATGACATTGAC,0
ATGAGATTACGGGTAT,0
ATGAGCACAAGTAAGA,0
ATGAGCACCAATTATC,0
ATGAGCCACATTGCAG,0
ATGAGCCACGGAACCT,0
ATGAGCTACGCCGTAC,0
ATGAGCTTAACGTTAG,0
ATGAGGCATGATGAAA,0
ATGAGGCTTCCTTTAA,0
ATGAGTAAAAAACTCT,0
ATGAGTCCAACATAAA,0
ATGAGTCTCTCAATTG,0
ATGATAAACCACCGAA,0
ATGATAAATACTACAA,0
ATGATAACTAAGAGTT,0
ATGATAAGAGAGGATC,0
ATGATAATATTACTTT,0
ATGATACACTATTAAA,0
ATGATACATCGCTGCT,0
ATGATCAAAATAGGCT,0
ATGATCAATTCTTTTA,0
ATGATCCCGACAGTGT,0
ATGATCGACATATCGC,0
ATGATCTAAGAGAAAT,0
ATGATCTGAATACAAA,0
ATGATGAAGAACTAAG,0
ATGATGATAACATAAT,0
ATGATGGAAATCCACA,0
ATGATGGCCCATGGAG,0
ATGATGTTAGTCTCAT,0
ATGATGTTGTATCGTA,0
ATGATTAAATTAGTAT,0
ATGATTCATTGATCGA,0
ATGATTTAGTATAGTA,0
ATGATTTCCTGTAGAC,0
ATGATTTTAAAACCAG,0
ATGCAAAAATCTGATA,0
ATGCAAAATTGCGACT,0
ATGCAAACAATCCCAG,0
ATGCAAACTATGTACA,0
ATGCAACCTATTCCTA,0
ATGCAAGCAGTGCTCA,0
ATGCAAGCATCAGAAA,0
ATGCAAGGACCTGGAA,0
ATGCAATGATCCCGCA,0
ATGCAATTCACGTAAC,0
ATGCACAACCTCGCTG,0
ATGCACAGTCAGTCTC,0
ATGCACATATTTATTC,0
ATGCACCGATAAGAAA,0
ATGCACGAGAATATTG,0
ATGCACTACAAAGTGA,0
ATGCACTGTCAAAAGG,0
ATGCAGAAAGATAGTA,0
ATGCAGAATTGGAAGC,0
ATGCAGACTCCTGCAG,0
ATGCAGATTTCAGGCA,0
ATGCAGCCGCGCACTG,0
ATGCAGGCGCTTACTA,0
ATGCAGTTGAAAAGAT,0
ATGCATAATAAATCAC,0
ATGCATATAGATAACG,0
ATGCATATTTTCGTGA,0
ATGCATCCGAATACGC,0
ATGCCAAACATCCCTA,0
ATGCCAAAGAACTCAA,0
ATGCCAAATTAAGACA,0
ATGCCAACACTTATAA,0
ATGCCAACCAGTAAGC,0
ATGCCACTGTAGACCA,0
ATGCCATATGAAACTG,0
ATGCCATCCATTAGCC,0
ATGCCATTCCCGAACG,0
ATGCCCAAATTTGAAA,0
ATGCCCATACTACTGG,0
ATGCCCGCCATGGTTA,0
ATGCCCGCTTACGCTT,0
ATGCCCTAGTGGACTG,0
ATGCCGCACGATTTAT,0
ATGCCTCACTTATAAG,0
ATGCCTCATTCACAAC,0
ATGCCTCCCGTGCTCC,0
ATGCCTTACAGGCTGG,0
ATGCCTTCGTCTTGGA,0
ATGCGAAATAGTCACC,0
ATGCGAGTAAAACAAT,0
ATGCGAGTAGACAAGG,0
ATGCGATAGTTGCCAT,0
ATGCGCAAACGAAACG,0
ATGCGCATACTATGAA,0
ATGCGCCCTAAAAAAA,0
ATGCGCGCCTTTCCAG,0
ATGCGGCATACATAAT,0
ATGCGTAAATAACCAC,0
ATGCGTATTGCGTACT,0
ATGCTAAGACTATACA,0
ATGCTAATTTCTTACC,0
ATGCTACTCAAATATT,0
ATGCTAGCGATCATTA,0
ATGCTAGTAACTCCTT,0
ATGCTCAACGTCATAA,0
ATGCTGAAGCCAGGTA,0
ATGCTGACTTACACCT,0
ATGCTGCCCATAACCG,0
ATGCTGGAATTCTAAT,0
ATGCTGTAATGTGTTG,0
ATGCTGTGCATCCCAA,0
ATGCTTAAATTTTGTG,0
ATGCTTATATGTGTCG,0
ATGCTTGACCATCATA,0
ATGCTTTCAAAACTGA,0
ATGCTTTCCACATATG,0
ATGGAAAAGGGCATAA,0
ATGGAAACGGGTCCAC,0
ATGGAACAATTAATGA,0
ATGGAACACCTGTAAA,0
ATGGAACCAACTATAA,0
ATGGAACGGATTTGAA,0
ATGGAAGAATATACGC,0
ATGGAATAGTACGTTC,0
ATGGAATGTTAAAGAG,0
ATGGACAACCAACTGT,0
ATGGACAATATAGGTT,0
ATGGACGCATATCATA,0
ATGGACGGTTTTCGGA,0
ATGGACTGTGTGAAAA,0
ATGGACTTAAGATAAC,0
ATGGAGAATTTGACCC,0
ATGGAGCAATGTCCAT,0
ATGGAGCCAGGCATTT,0
ATGGAGCTAACATAGG,0
ATGGAGGCCCCGATAC,0
ATGGAGTTAAATTAAG,0
ATGGAGTTATCACAGT,0
ATGGATAACTAAATTG,0
ATGGATAAGACGAACT,0
ATGGATATAAAAGTAT,0
ATGGATGTCTCGATCA,0
ATGGATTAATGACTCC,0
ATGGATTTAATAGGCC,0
ATGGCAACTACTAATC,0
ATGGCAATAGTAATCA,0
ATGGCATAAATCATAA,0
ATGGCATCCGGTTATT,0
ATGGCCAGATATACCG,0
ATGGCCATAGCGTCCA,0
ATGGCCCTAACTTTTT,0
ATGGCCTTTATCTGCC,0
ATGGCGGTCCCCAGGC,0
ATGGCGTTTATATTTA,0
ATGGCTGCGCAACCGA,0
ATGGCTGCTAATGATT,0
ATGGCTGTCTTTAATA,0
ATGGCTTTGTCGTGTC,0
ATGGGAAATGGGATAG,0
ATGGGAATGGATAACC,0
ATGGGACAGGATGCTT,0
ATGGGACATTTAAAAA,0
ATGGGATATTACATCC,0
ATGGGCACAAGGGGTG,0
ATGGGCCCAAAAGGAT,0
ATGGGGCCACGATACC,0
ATGGGGTGCATTTACT,0
ATGGGTAATCTTACAG,0
ATGGGTGACTGCACCA,0
ATGGGTTTTTCAAGGG,0
ATGGTAAAACCTATAC,0
ATGGTACAGCACAGGA,0
ATGGTAGAACTCTTTA,0
ATGGTATATGCACTCC,0
ATGGTCAAATGCAAAA,0
ATGGTCGAAGACAATC,0
ATGGTCGAGATACTAT,0
ATGGTCGTTCCAATAT,0
ATGGTCTAACTAGTAC,0
ATGGTCTAGCACCTTT,0
ATGGTCTATTCAAACG,0
ATGGTGAAATTTGACC,0
ATGGTGATAAACTTAA,0
ATGGTGCTTTCCAACT,0
ATGGTTAATATCGTAA,0
ATGGTTAGAGTCGCCA,0
ATGGTTCAAATATCAT,0
ATGTAAAAAGGATTAT,0
ATGTAAAATTACTACC,0
ATGTAAACTTTGCATA,0
ATGTAAAGCATCAGAA,0
ATGTAACGCTACACTA,0
ATGTAACGTGAATCAA,0
ATGTAACTCAAATTCA,0
ATGTAAGAAACGCATC,0
ATGTAAGCTACAGCAC,0
ATGTAAGGACTATGAA,0
ATGTAAGTAACAGTTA,0
ATGTAATAACACTGCC,0
ATGTAATAACCTAACT,0
ATGTAATCCTAGACTA,0
ATGTAATTATCAAAAT,0
ATGTACGCCCGTTAAA,0
ATGTACGTACCTATCA,0
ATGTAGACTTATACGA,0
ATGTAGCCTAAGCTAC,0
ATGTAGGTGAATTCAC,0
ATGTAGGTGAGAATCT,0
ATGTAGTAGTTACAAG,0
ATGTAGTGAAGTCCAT,0
ATGTATAACTACACGC,0
ATGTATACCATGTGCG,0
ATGTATAGCCCGGAGT,0
ATGTATATGGAGACAA,0
ATGTATGCTAGTAAAC,0
ATGTATTACTATTGGT,0
ATGTCAAAAAGTCATA,0
ATGTCAAAGGCTCGAC,0
ATGTCAACACTTGATT,0
ATGTCAACATAAAGAA,0
ATGTCAATAGATAAGT,0
ATGTCACCCTAAATTT,0
ATGTCACGCTGTGGGT,0
ATGTCAGTAATTTGAA,0
ATGTCCAGTCAATATG,0
ATGTCCTTATGTATTC,0
ATGTCCTTTCGGACAC,0
ATGTCGAAACTACAAG,0
ATGTCGCTCGATGATT,0
ATGTCGGAATAAACTC,0
ATGTCGGCTTTTATTA,0
ATGTCGGTTGATCTAT,0
ATGTCTAACAAATTAT,0
ATGTCTCGCGAGACTA,0
ATGTCTCGGGGACTGA,0
ATGTCTGAATTAATGG,0
ATGTCTTGAATGTCGC,0
ATGTCTTTGACCGATA,0
ATGTGAAGCATCACAA,0
ATGTGACAAAACTTAT,0
ATGTGACTAACAAAAT,0
ATGTGACTACCCACAA,0
ATGTGATGTGAGCAGG,0
ATGTGCATTTAGAGTA,0
ATGTGCCCTTTAAAAC,0
ATGTGCGAGTCATATG,0
ATGTGCGTAAACTTTC,0
ATGTGTGACCGAGAAT,0
ATGTGTTATAACCACC,0
ATGTTAAAATAGTTCA,0
ATGTTAAGCTTGGATT,0
ATGTTACCCCAAATAA,0
ATGTTAGTCTGAGAGA,0
ATGTTATAGAGAATAG,0
ATGTTATTCAACAGCT,0
ATGTTCAAAATTGGGA,0
ATGTTCACAAGTGTAT,0
ATGTTCATACAAATGA,0
ATGTTCATGCACTTAT,0
ATGTTCCAATGAAAAT,0
ATGTTCCTTCTTAAGA,0
ATGTTCCTTTTAGCGA,0
ATGTTCGACGTATATT,0
ATGTTGATAAATTGGT,0
ATGTTGCTTACACACC,0
ATGTTGGAGCCAATAC,0
ATGTTGTAAACATGTA,0
ATGTTGTGTATATAAT,0
ATGTTTAAATCTAATA,0
ATGTTTACTATAGCCA,0
ATGTTTAGAAATGAAC,0
ATGTTTATACACCGTC,0
ATGTTTCGACAGACGC,0
ATGTTTGGAAAAATAA,0
ATGTTTTAATTATCCA,0
ATTAAAAAAAAAAACC,0
ATTAAAAAATAAGAAA,0
ATTAAAAACTGTCTGT,0
ATTAAAAATCGCTCCC,0
ATTAAAAATTAGTGTT,0
ATTAAAATGGTAGAAA,0
ATTAAACATACCGCGA,0
ATTAAACCACCAAGAC,0
ATTAAACTGAACAAAG,0
ATTAAACTTTAGCAGA,0
ATTAAACTTTTGTAAT,0
ATTAAAGACCGTAGCC,0
ATTAAAGACGTTATAT,0
ATTAAAGATACCGAAA,0
ATTAAAGGCTTAATCC,0
ATTAAAGTCAATGAAT,0
ATTAAATAATAGTCAT,0
ATTAAATATTCGACAA,0
ATTAAATCCTCATCAT,0
ATTAAATGTGTATTTA,0
ATTAAATTAGGCTAGA,0
ATTAAATTATGCAGGA,0
ATTAAATTCACATAAC,0
ATTAACAAACCGTAAA,0
ATTAACAAATCGCTAA,0
ATTAACACCAAGGACA,0
ATTAACAGAAGCAGAC,0
ATTAACAGAGTGACTC,0
ATTAACCAGTGATTAA,0
ATTAACCGTAACGTAG,0
ATTAACCGTTTGATAG,0
ATTAACCTACCAGGTA,0
ATTAACCTGATCTACG,0
ATTAACCTTCAAACAC,0
ATTAACGCAATTACCC,0
ATTAACTATTGCTAGA,0
ATTAACTCGCGACCCT,0
ATTAACTTTGCAGAAA,0
ATTAAGATTCTTAAAC,0
ATTAAGCGAACAATGT,0
ATTAAGGAACACATGC,0
ATTAAGGATTAATAGA,0
ATTAAGGGGAATTGAC,0
ATTAAGGTATGAACTG,0
ATTAAGTAGATTCAGA,0
ATTAAGTTGCCTTATG,0
ATTAATAACTGACCTT,0
ATTAATAGCCTAAAAG,0
ATTAATATACTATCTG,0
ATTAATATTATTAACC,0
ATTAATCAAGATCAAA,0
ATTAATCCAACATAGG,0
ATTAATCGAAATCAAA,0
ATTAATGAGGGGTCGA,0
ATTAATTAATGTAGTT,0
ATTAATTACAACCTCG,0
ATTAATTATATAATCT,0
ATTAATTCATCCGATC,0
ATTAATTCGTGTACAT,0
ATTAATTGATAAATTA,0
ATTAATTTAAACCATT,0
ATTAATTTGAATGAAT,0
ATTACAAAAGATCTGA,0
ATTACAAATCCGATAC,0
ATTACAACAATGTTCT,0
ATTACAACAGCTTTCA,0
ATTACAAGCAATTCGA,0
ATTACAAGGGAGATAT,0
ATTACACATCGATATA,0
ATTACACCTCCAAGTC,0
ATTACACTAACTTTTC,0
ATTACAGAGCCTAAGA,0
ATTACAGATACAACCA,0
ATTACAGGAAAATCTC,0
ATTACAGTTGGGCCTA,0
ATTACATAGGAAGATA,0
ATTACATGTCCAGATT,0
ATTACCCTACTTAACG,0
ATTACCGGCTTATCAC,0
ATTACCGGGCGTCCTC,0
ATTACCTAAAGCAACT,0
ATTACCTTAAGTTGCA,0
ATTACGAATGGTTATG,0
ATTACGATTATCGGAA,0
ATTACGCAATTATTAG,0
ATTACGCCATGACAAG,0
ATTACGTGGCTAAGAA,0
ATTACTAAATACCCGT,0
ATTACTACTCTTGATG,0
ATTACTAGGCAAAACA,0
ATTACTATAATGGCGA,0
ATTACTCAACATGATG,0
ATTACTCAATGCATGG,0
ATTACTCTTTACTACA,0
ATTACTGTAAACATTA,0
ATTACTTCACCCTTAC,0
ATTACTTTTGAAAGTG,0
ATTAGAAAATTACGAC,0
ATTAGAAAGAAATCAG,0
ATTAGAATATCAAATT,0
ATTAGAATCCTTCATC,0
ATTAGACCCTTTGGAA,0
ATTAGACCTGAAATAA,0
ATTAGAGATCTAAGCG,0
ATTAGAGGCCGCACAG,0
ATTAGATAACGTGCGT,0
ATTAGATTTCAGGGCG,0
ATTAGCAATATTCTAC,0
ATTAGCAGGGATTTTA,0
ATTAGCCGGTATACCT,0
ATTAGCCTCGCCCCGT,0
ATTAGCCTCTATAAAA,0
ATTAGCGGAAAACTTA,0
ATTAGCGGTAAACTAG,0
ATTAGCTAAAATATAA,0
ATTAGCTAATGTAGAT,0
ATTAGGACAAAAAATG,0
ATTAGGACGCACACTT,0
ATTAGGATCCCCCCAC,0
ATTAGGATTAAACAGC,0
ATTAGGCAATAGCGCG,0
ATTAGGCTGGTGCGGA,0
ATTAGGTATGCATACG,0
ATTAGGTCCGGCAGAT,0
ATTAGGTTCTCACTAT,0
ATTAGTAGGAACGTGG,0
ATTAGTGTATTCAAAT,0
ATTAGTGTGCCTAAGT,0
ATTAGTTCGAAATTTT,0
ATTAGTTGGGAGATGA,0
ATTATAAAAACTGTAT,0
ATTATAAAGATACATA,0
ATTATAAATACCCAAA,0
ATTATAACCTACTGCC,0
ATTATAACCTGAGAAC,0
ATTATAACTACGGATT,0
ATTATAACTTATTGGA,0
ATTATAAGTTGGATAC,0
ATTATACACGAAATGC,0
ATTATACTTAGACTTG,0
ATTATAGACCAGACTC,0
ATTATAGCCGAACCTA,0
ATTATAGTCTGACAAA,0
ATTATAGTGAGAAACT,0
ATTATATAACAACAAT,0
ATTATATAGCGGCGTC,0
ATTATATCTTAACTTT,0
ATTATATTGCCATTCG,0
ATTATCACTGTGGTTC,0
ATTATCAGGATGCTGT,0
ATTATCATCATCTTGG,0
ATTATCCAAAGTAAAA,0
ATTATCCCCCTGGCAG,0
ATTATCGCGGGGGGTG,0
ATTATCGGCTATCCAC,0
ATTATCTATGATATGC,0
ATTATGAACGGGCCTT,0
ATTATGAAGACCGTTA,0
ATTATGAATGGCACCA,0
ATTATGCCAAACAGGA,0
ATTATGCCCCTTGCAC,0
ATTATGGGCGCACGAT,0
ATTATTAACTGATAGA,0
ATTATTAATAGACATA,0
ATTATTACAACTATTT,0
ATTATTACCAGGGTTG,0
ATTATTCCAAGTTGAA,0
ATTATTCTACTATCGG,0
ATTATTGGATTAAATC,0
ATTATTGTACTCCCCT,0
ATTATTTCGAAATTTT,0
ATTCAAAAAATCGTAT,0
ATTCAAAAACAAAGCT,0
ATTCAAATAAGCAAGC,0
ATTCAAATACCTAGAT,0
ATTCAACAATCCGCGC,0
ATTCAACACTCACCTA,0
ATTCAACAGTAGGTTC,0
ATTCAACTATTTTGCC,0
ATTCAAGCAACTGGTA,0
ATTCAATAGGCCAAAA,0
ATTCAATCACGGGAAG,0
ATTCAATGGGCGTCCC,0
ATTCACATGCCTAGGG,0
ATTCACCAACCCAGGC,0
ATTCACCATGTATTCA,0
ATTCACGATGGAAACT,0
ATTCACGCTTCGCTTA,0
ATTCACGGTACTGCAT,0
ATTCACTAGAATATAC,0
ATTCAGAAGCTACCAT,0
ATTCAGAGACCTTCGT,0
ATTCAGATGTTCAATA,0
ATTCAGGGGAGAAATT,0
ATTCAGTGCAGCCGAA,0
ATTCATAAAGACTAAT,0
ATTCATAAGATAATGA,0
ATTCATACCACGAATG,0
ATTCATACGACCAATG,0
ATTCATACTACCATTA,0
ATTCATATAGTCTACA,0
ATTCATCCCACGGCAC,0
ATTCATGAAGCGTAGG,0
ATTCATGCTTGGTCAG,0
ATTCATGGTAAATAAT,0
ATTCATGTACTAGCTT,0
ATTCCAAATTGCCAAG,0
ATTCCAATTCTACTGT,0
ATTCCACAAGATAAAA,0
ATTCCACCAGTAGCAA,0
ATTCCAGAGCTGATAT,0
ATTCCAGCCAAACATG,0
ATTCCATAGGTACTAT,0
ATTCCATCCTGAGGAA,0
ATTCCATTGATACAAA,0
ATTCCCATCGGAATGC,0
ATTCCCATGCTTGATT,0
ATTCCCCGATTGCTCA,0
ATTCCCGGCGACAGCG,0
ATTCCCGGCTTAGCGG,0
ATTCCCTCAATAGTTC,0
ATTCCCTCCCCCAAAA,0
ATTCCCTTATATATAG,0
ATTCCTAAACAATCTG,0
ATTCCTAAGGACGGAA,0
ATTCCTAGGGATGGAT,0
ATTCCTATTAGCAAGT,0
ATTCCTCAACCTTTAA,0
ATTCCTCATTATTCCA,0
ATTCCTCGCAGAGATA,0
ATTCCTCTCACTATAC,0
ATTCCTTATGATGAAG,0
ATTCCTTGCTAAGAGT,0
ATTCGATAACCGATCA,0
ATTCGCAAAACTCTCA,0
ATTCGGTAATATTGAT,0
ATTCGTATGAGAGAGA,0
ATTCGTCAGTTTGACC,0
ATTCGTCCACCAGGAC,0
ATTCGTTAATTATCTA,0
ATTCGTTGAATTCAAT,0
ATTCTAAAACTTTCAC,0
ATTCTAAAAGTATCAC,0
ATTCTAAATCTGACAG,0
ATTCTAAGAGGACATA,0
ATTCTAATAAAAAAAC,0
ATTCTAATACCTGCAG,0
ATTCTACCTATGCCTA,0
ATTCTACTTTTATCAT,0
ATTCTATTACAATAGC,0
ATTCTATTACACCACG,0
ATTCTGAATAACTGTC,0
ATTCTGACAAGACTGT,0
ATTCTGCAGACTCATG,0
ATTCTGCGAAATGCAA,0
ATTCTGCTAATAAACT,0
ATTCTGTAACGGAACA,0
ATTCTTATAAAAGATG,0
ATTCTTCCTAGCACTT,0
ATTGAAAACTACACCG,0
ATTGAAAAGAACATAC,0
ATTGAAAATACTCGCA,0
ATTGAAAGAACAATCT,0
ATTGAAAGATATCGCA,0
ATTGAAATAAAGTGCC,0
ATTGAACAAAATCTAT,0
ATTGAACCGAAAGAAT,0
ATTGAACCGGCGAGGA,0
ATTGAACCGTGTATTG,0
ATTGAACGATAAACAT,0
ATTGAACTCTACGGAC,0
ATTGAAGAGCACAATC,0
ATTGAAGATTAAATAG,0
ATTGAAGCGCAGGAAA,0
ATTGAAGCTCACTAAA,0
ATTGAATAATAAAATA,0
ATTGAATATACAAAAC,0
ATTGAATGTAGACCAT,0
ATTGAATTATAATACT,0
ATTGAATTTTACCTTA,0
ATTGACAAAAACGTTT,0
ATTGACATAACGCTCG,0
ATTGACATAGAATGTC,0
ATTGACCGGTACGCTA,0
ATTGACGCCTGTACCG,0
ATTGACTCAATATTGC,0
ATTGAGACATTGCCTA,0
ATTGAGCTGATATATC,0
ATTGAGTATCCTCGTC,0
ATTGATAAAGTTTAGC,0
ATTGATGTAGTTTCAT,0
ATTGATTCCCAGAACT,0
ATTGCACATAATCCTT,0
ATTGCATAAACCGAAT,0
ATTGCCAACTATCCAC,0
ATTGCCACGACGGGCA,0
ATTGCCGGGATGACTC,0
ATTGCGATCATGCCTC,0
ATTGCGCAGGTAATCC,0
ATTGCGCCCAAGAAAT,0
ATTGCGGATTATTGCA,0
ATTGCGGTGAAACCAG,0
ATTGCGTCCCGTTAAA,0
ATTGCGTGACCAAGCT,0
ATTGCTAACCCCAAAT,0
ATTGCTACATTCAAAG,0
ATTGCTATAATGTCGT,0
ATTGCTCATTAAAACC,0
ATTGGACCCGCAACTA,0
ATTGGAGGCTTCAAAC,0
ATTGGCACGTAGTGAA,0
ATTGGCTTAAAAATGT,0
ATTGGTAAAGGAGCAA,0
ATTGGTCTTATTTTCT,0
ATTGGTGGATCCACAG,0
ATTGGTTACGATCTGA,0
ATTGGTTCACGCGTAC,0
ATTGTAAAATGAGGAA,0
ATTGTAAACATTGATG,0
ATTGTACCATCTGCTG,0
ATTGTAGAACATAAAT,0
ATTGTAGATGGATTAC,0
ATTGTCATTCCAGACC,0
ATTGTCGCACAATGGC,0
ATTGTCTACAAGTCCA,0
ATTGTCTGAAGAAGAA,0
ATTGTGAATTTTTACA,0
ATTGTGAGCATAGCAA,0
ATTGTGGTGCAGATAA,0
ATTGTTACACTGCCGA,0
ATTGTTACTTATTCGG,0
ATTGTTCTAGACCCCA,0
ATTTAAAATCTTTTTC,0
ATTTAAACCAACTTCA,0
ATTTAAACCCCACCTC,0
ATTTAAACTAAACCTG,0
ATTTAAATACAGTTCC,0
ATTTAACAAGACTGAG,0
ATTTAACATACATGAT,0
ATTTAACCCTGAGGAG,0
ATTTAACGTTACGAAT,0
ATTTAACTTCGTACTA,0
ATTTAAGAACAAATGG,0
ATTTAAGATAGGTATC,0
ATTTAAGCCCATTTAG,0
ATTTAAGGGGACATAT,0
ATTTAAGTAGTCTATG,0
ATTTAAGTCCGCTTAC,0
ATTTAATAACAATCTC,0
ATTTAATAATCACTAG,0
ATTTAATAGATGTAGC,0
ATTTAATCCCGAGAAA,0
ATTTAATTCACTTATA,0
ATTTACAACCTCACCT,0
ATTTACAACGATAAAA,0
ATTTACAATTATCTTA,0
ATTTACCATCTCATAA,0
ATTTACCCATATGAGG,0
ATTTACCCCACGCTTT,0
ATTTACCTTAGTCAAC,0
ATTTACGAAAATACTA,0
ATTTACGCTGCAGGCA,0
ATTTACGTTTATAGAA,0
ATTTACTCATACAAAC,0
ATTTAGCAAAGTATGG,0
ATTTAGCACACCTTAA,0
ATTTAGGATCTTAATC,0
ATTTAGTAAATACCTC,0
ATTTAGTCAGGGACAC,0
ATTTAGTCCATCTTAA,0
ATTTAGTGCAACCAAC,0
ATTTATAGCTACCCTT,0
ATTTATATATATTTTT,0
ATTTATATTAAGATGA,0
ATTTATCCTCCAATTT,0
ATTTATCGATACCAAT,0
ATTTATCGTCATCAGC,0
ATTTATGAGTATGAGA,0
ATTTATGGAATGAAGA,0
ATTTATTAAAGTCAAT,0
ATTTATTATAGATGTT,0
ATTTATTTAAATAAAA,0
ATTTCAAATCAGGGAA,0
ATTTCAAGGAAACTCA,0
ATTTCAATAATAGACA,0
ATTTCAATCGGTGTCG,0
ATTTCACTCAACCTAA,0
ATTTCAGGAACCAAAT,0
ATTTCATAGGCGGTCA,0
ATTTCATTTTTGGACA,0
ATTTCCAAAAAAAAGA,0
ATTTCCAAATCTCTCC,0
ATTTCCACCCGGAGTA,0
ATTTCCCAAGTAACTG,0
ATTTCCCTCCATTGGC,0
ATTTCCGAGCGTTGAT,0
ATTTCCTAATGAGAAG,0
ATTTCCTTTGGGTAAT,0
ATTTCGACAAAAAAAA,0
ATTTCGAGGATGAGAC,0
ATTTCGATCCCATACG,0
ATTTCGCCGACGGTAA,0
ATTTCTAATGAACACA,0
ATTTCTACCGTCGCTA,0
ATTTCTATAAATAACT,0
ATTTCTATACCATAAC,0
ATTTCTCGTCCACATG,0
ATTTCTGAAGGCGTCT,0
ATTTCTTAAAAGAGAA,0
ATTTGAACAACATAAA,0
ATTTGACAAAGGTACC,0
ATTTGACGATAAAACC,0
ATTTGAGCAAGTAAAA,0
ATTTGATACCGAATCA,0
ATTTGCAACTCCGACC,0
ATTTGCACCCACAAGT,0
ATTTGCAGTGATGATT,0
ATTTGCCGCTATAATA,0
ATTTGCTACAAAGACG,0
ATTTGCTACTTCGATG,0
ATTTGCTAGGACACAT,0
ATTTGGACTGAGCTCA,0
ATTTGGATGGGACACT,0
ATTTGGCATCCCACGT,0
ATTTGTAAAATGAACC,0
ATTTGTATGTGGGATA,0
ATTTGTGAAATCTAGT,0
ATTTGTGTTTCCAGAT,0
ATTTGTTCCTAAGCAG,0
ATTTTAAATAAAACAT,0
ATTTTAAGACCAAAAG,0
ATTTTACATAACTAAC,0
ATTTTACCGGTCATGC,0
ATTTTACGATTGCTCA,0
ATTTTACGCGAGCATT,0
ATTTTACTAGGGCCGG,0
ATTTTAGGGAATTTCA,0
ATTTTATCTGAAGAAA,0
ATTTTCAAGTTCCGCG,0
ATTTTCAATACCCCCA,0
ATTTTCACAACATACA,0
ATTTTCCCGGAAAACA,0
ATTTTCCGAGGCACTT,0
ATTTTCGCCAAGAAAA,0
ATTTTCTACCCATCTG,0
ATTTTCTAGCTGGCGT,0
ATTTTCTCTCAAATCG,0
ATTTTGACAAAAACAA,0
ATTTTGAGGATTATAA,0
ATTTTGAGGTTGTACA,0
ATTTTGCAGAAAACAC,0
ATTTTGCAGTAATGAT,0
ATTTTGGATACAGTAT,0
ATTTTGGCCAATATAC,0
ATTTTTAACGCGAGAA,0
ATTTTTACATACACGC,0
ATTTTTATTGAGGCAC,0
ATTTTTGCGTCCTTAC,0
ATTTTTTAGTAATATA,0
ATTTTTTTTCAAGATG,0
CAAAAAAAAACAAGAG,0
CAAAAAAAACCACAAA,0
CAAAAAAAATTCAACG,0
CAAAAAAACATGTATA,0
CAAAAAAACCAAAACT,0
CAAAAAAAGTCAGATA,0
CAAAAAACAATGAAAC,0
CAAAAAACACTACTTA,0
CAAAAAACAGCCATTA,0
CAAAAAACATGAAAAT,0
CAAAAAACCTTGCGCG,0
CAAAAAACGACTATCC,0
CAAAAAAGGAATAGTA,0
CAAAAAATACCTCCGA,0
CAAAAACAAGGAACCC,0
CAAAAACACAGAACCC,0
CAAAAACAGATGTCGA,0
CAAAAACAGCAAAGGC,0
CAAAAACATAGTAGCC,0
CAAAAACGCGCTCTCT,0
CAAAAACTTAACAGTT,0
CAAAAACTTTTCATCG,0
CAAAAAGAAACCCCAG,0
CAAAAAGCCCGATTTT,0
CAAAAATCATAAACAT,0
CAAAAATCTCAGAAGG,0
CAAAAATGAAAGTCTC,0
CAAAAATGTATCGGCG,0
CAAAAATTAACTATGA,0
CAAAAATTAAGCTATC,0
CAAAAATTATCGTAAA,0
CAAAAATTCCTACTCT,0
CAAAAATTGTCACTCT,0
CAAAAATTTTATTATA,0
CAAAACAAAAAGTGAA,0
CAAAACAAATGATATC,0
CAAAACAACACTTGAG,0
CAAAACACACACATAA,0
CAAAACATACCCAATT,0
CAAAACCATCGCACGA,0
CAAAACCGTCATGCCC,0
CAAAACCTTCCGATGA,0
CAAAACGATACTAACC,0
CAAAACGCTATTCTTG,0
CAAAACTAGAAGAAAT,0
CAAAACTATTCTAAGG,0
CAAAACTCATTAAACA,0
CAAAACTGTATTCAGG,0
CAAAACTTAGAATAAT,0
CAAAACTTATGATCCT,0
CAAAAGAAGACAATCA,0
CAAAAGACACCAAAGA,0
CAAAAGAGCGTGTAAT,0
CAAAAGATCTAAATCC,0
CAAAAGCAATGAGTTA,0
CAAAAGCCAAGCAATT,0
CAAAAGCCGCTTCGTT,0
CAAAAGGAATAACACA,0
CAAAAGGCGTTACAAT,0
CAAAAGGTGTTTTGTA,0
CAAAAGTACAAATGGG,0
CAAAAGTGGCGTTGTC,0
CAAAAGTGTTACACCG,0
CAAAATACCCTGCCAC,0
CAAAATACGAAATGTC,0
CAAAATAGGTTAGAGT,0
CAAAATAGTACTCTAC,0
CAAAATCACTCTAAGT,0
CAAAATCCCCCATACC,0
CAAAATGCTCCGTTCT,0
CAAAATTAACCGAGGT,0
CAAAATTATGTCCAAA,0
CAAAATTCCATAGAGT,0
CAAAATTGTAAGTGCA,0
CAAAATTTACAGTATT,0
CAAAATTTTAGCCCCA,0
CAAACAAAAAACTACT,0
CAAACAAAACAACTTG,0
CAAACAAAATCATCAA,0
CAAACAAACGCCACGC,0
CAAACAAGATCTAGAG,0
CAAACACAATGCTGTC,0
CAAACACCAAATACAC,0
CAAACAGAGACTAAAG,0
CAAACAGAGGGCAAAG,0
CAAACAGATATGGGAT,0
CAAACAGATGGCACGC,0
CAAACAGCATGTTGAG,0
CAAACAGTAATAGCGC,0
CAAACATAAAAAATCC,0
CAAACATACAATCGAT,0
CAAACATACTGTAGTT,0
CAAACATATATAGAAT,0
CAAACATCGTAATCAT,0
CAAACATGACACGACA,0
CAAACATGTAGCGCAT,0
CAAACATTGATGGCCA,0
CAAACATTTGCAATGT,0
CAAACCAAACAGGTTT,0
CAAACCAAACTTTCGT,0
CAAACCACTTTACAGC,0
CAAACCAGAGTCCCTA,0
CAAACCAGGCCCTTAG,0
CAAACCATACATTTAC,0
CAAACCATGAACCTTC,0
CAAACCCACAGACTTA,0
CAAACCCATCCAGGAT,0
CAAACCCCTAATCAGT,0
CAAACCCGGAAGACCC,0
CAAACCCGTAGGGAGG,0
CAAACCGAACGCTCAC,0
CAAACCGTCATTATGA,0
CAAACCTTGCAGAAGT,0
CAAACGAAAAAGGTCC,0
CAAACGACTCGACCGA,0
CAAACGCTACATCCCT,0
CAAACGGGGCCCTGGA,0
CAAACGGTAGTCAGAC,0
CAAACGTAAGGAACCA,0
CAAACGTTATATTAGC,0
CAAACTAAAGTATAAC,0
CAAACTAAGCACTAAC,0
CAAACTACATCACGCC,0
CAAACTACCACAGATA,0
CAAACTATACTTAACG,0
CAAACTCATAAAAAGA,0
CAAACTCATTTCAACA,0
CAAACTCCCGAATTCC,0
CAAACTCTATCAATCT,0
CAAACTGCAGAAAGTT,0
CAAACTGTCCAAATAC,0
CAAACTTAAACGAATG,0
CAAACTTTTGATACAC,0
CAAAGAACGCCATCAA,0
CAAAGAAGTAATATAC,0
CAAAGAAGTATTAGCA,0
CAAAGAATCTAAACTA,0
CAAAGACACACATAAG,0
CAAAGAGGCCAAAACC,0
CAAAGATCAATGCCAA,0
CAAAGCAAAGCTAAAG,0
CAAAGCAAGTTTCGAA,0
CAAAGCATTACACTAT,0
CAAAGCCACCTATAAA,0
CAAAGCCAGTAGACAA,0
CAAAGCCCCAAATTTT,0
CAAAGCGCAAACTTCC,0
CAAAGCGTGACGTAAT,0
CAAAGCTCATTTTGAA,0
CAAAGGAAAGAATAGT,0
CAAAGGAAAGTCTAAA,0
CAAAGGAAGGAAATAT,0
CAAAGGACAACTTTCT,0
CAAAGGACATTTAAGT,0
CAAAGGACCTCTCGAT,0
CAAAGGAGCAGTAAGA,0
CAAAGGATTAAGGAAA,0
CAAAGGGCCATGGTAC,0
CAAAGGGGCAATCATT,0
CAAAGGGGTAGATCTG,0
CAAAGGGTCAATAAGC,0
CAAAGGGTGCGACATA,0
CAAAGGTCTGTGGAGC,0
CAAAGTAATTATACGA,0
CAAAGTACTGATTTAT,0
CAAAGTATTGATGGAC,0
CAAAGTCTCGCCGAGT,0
CAAAGTTACTCGGATA,0
CAAAGTTCATAATTTC,0
CAAAGTTCCTCTTGGG,0
CAAAGTTCGTTATGTC,0
CAAAGTTTATATTTGA,0
CAAATAAAAATAAACA,0
CAAATAAAACTCGATA,0
CAAATAAACCCACCCT,0
CAAATAAATAAAAGGT,0
CAAATAACACACTTTA,0
CAAATAACATTGCTTT,0
CAAATAAGTGAAATTC,0
CAAATACAAATTGGGA,0
CAAATACATTATTAGT,0
CAAATACCTGCCTGTG,0
CAAATAGAAAGAGTTC,0
CAAATAGATTGTACCA,0
CAAATAGTACATCTAT,0
CAAATATAAAGTCTAA,0
CAAATATAACAGACGT,0
CAAATATAAGGGCCCG,0
CAAATATCCAACAAAA,0
CAAATATGCAATCGTG,0
CAAATATGCCGCCTGT,0
CAAATCAAATAGGGTT,0
CAAATCAACCATCGGA,0
CAAATCAAGCCCTACC,0
CAAATCAATTTACGAC,0
CAAATCACCACCACAT,0
CAAATCACCCTTGCAT,0
CAAATCAGAATTAAGA,0
CAAATCAGATTGAAGT,0
CAAATCATGAACTAAA,0
CAAATCATTCGACAAC,0
CAAATCCAACAAGCTC,0
CAAATCGACGTCGACC,0
CAAATCGAGATCTACT,0
CAAATCGTGTGCCCCG,0
CAAATCTAACATAAGC,0
CAAATCTGATTGGAAC,0
CAAATGACGTGTCAGT,0
CAAATGAGGGCTTCAA,0
CAAATGATTACGCCCC,0
CAAATGCAACACTTTC,0
CAAATGCCGAGCCTTA,0
CAAATGCTGCTACATT,0
CAAATGGATGCGATTC,0
CAAATGGGCATTGCTA,0
CAAATGGTACACAACA,0
CAAATGTAGTTCTACG,0
CAAATGTCACTGGCAG,0
CAAATGTCGGTACTCC,0
CAAATGTGTCTAACCA,0
CAAATTACTCACCAAA,0
CAAATTAGCTTTAAAA,0
CAAATTATAATTAAGT,0
CAAATTATACTAAAAT,0
CAAATTATGGGTAAGG,0
CAAATTCAACAAGGAC,0
CAAATTCACAAAAATT,0
CAAATTCAGATTCATA,0
CAAATTCGGACAATCA,0
CAAATTCGTACAAACT,0
CAAATTGAGAATAGAT,0
CAAATTGATGGGTAAT,0
CAAATTGGCTACTACA,0
CAAATTTGTAATTTGA,0
CAACAAAATAAAAATA,0
CAACAACCTCAGCCAT,0
CAACAACCTGACTGAA,0
CAACAAGTCCGAATTT,0
CAACAAGTGATCAGCT,0
CAACAATACACCGGTG,0
CAACAATTACGCGCAA,0
CAACAATTGATTGAAG,0
CAACACAATTTACGAT,0
CAACACACGTACCCAC,0
CAACACACTCTTGAGA,0
CAACACAGATAAATGT,0
CAACACATATTCTGAT,0
CAACACCAGATCGCCA,0
CAACACCCAGACATAA,0
CAACACCTCAAGCTAA,0
CAACACGAGACAGTAG,0
CAACACGATACCGTAT,0
CAACACTATAGAAAAA,0
CAACACTCAACTTAGG,0
CAACAGACAGGCTCGG,0
CAACAGCAGAATCGTT,0
CAACAGCCCTTCCTCC,0
CAACAGGAACTACAAA,0
CAACAGGAACTCGAAA,0
CAACAGGCCTATGCTT,0
CAACAGTCGTATAACT,0
CAACATAAAAGGATAA,0
CAACATAAAGCAATTA,0
CAACATATGAAGCATT,0
CAACATCAAACCATAA,0
CAACATCACTTATAAC,0
CAACATTAAAGCGTAT,0
CAACATTAACGAACTG,0
CAACATTACCAGGTCG,0
CAACATTATCAAACGC,0
CAACATTGATCGGTAC,0
CAACATTTACTTGCCA,0
CAACCAAAGTATTGAC,0
CAACCAAATCCCCCTT,0
CAACCAATATATGTTT,0
CAACCACAATAGATCA,0
CAACCACAGAGGCTGT,0
CAACCACCAATGTAAG,0
CAACCAGCGACAAAAC,0
CAACCATGATACCGTA,0
CAACCATGGTAGAGGA,0
CAACCCAATTCCGTAG,0
CAACCCAGTCCAGTCG,0
CAACCCATAACGCGAA,0
CAACCCCATTCTAAAT,0
CAACCCGTACAAAAGG,0
CAACCGAGTGTCAAAT,0
CAACCGCTAACACAGG,0
CAACCTACTTCCGGCA,0
CAACCTAGCTTAAAAG,0
CAACCTCACCACCCTG,0
CAACCTCGCCGGTTAT,0
CAACCTCTCATGAGAC,0
CAACCTCTCTTAACGA,0
CAACCTGAGATCAAGA,0
CAACCTTACCTAATAT,0
CAACCTTGAAGTCCAA,0
CAACCTTGGTAGCGTA,0
CAACGAAACTTACATC,0
CAACGAATTTATATTA,0
CAACGACTCCACATAA,0
CAACGAGTAAAGGAAA,0
CAACGATAACAAGGTG,0
CAACGATGCAAAAATA,0
CAACGATGCCTAAGAC,0
CAACGCAATATTTTAA,0
CAACGCATAAAGTAAA,0
CAACGCATTTAACGAA,0
CAACGCCATCTCGAAT,0
CAACGCGTAAACTTGC,0
CAACGGATTATTAGTA,0
CAACGGCGCACACTGA,0
CAACGGTTATTTATGA,0
CAACGTAATTGGATAA,0
CAACGTCTGTGAAGTT,0
CAACGTGGTAAAATCA,0
CAACGTTAGTAGAATC,0
CAACTAACTAATTGAA,0
CAACTAAGAATTACGC,0
CAACTAAGTACGAACA,0
CAACTAATAATCTTAA,0
CAACTACCAATCAACG,0
CAACTACCCAACGTCA,0
CAACTACGGTTACAAG,0
CAACTAGTCATATTTT,0
CAACTATCAGCCTGTA,0
CAACTATGAAGAAAAT,0
CAACTCAATAGGATGC,0
CAACTCAGACATAGTA,0
CAACTCGAATAATAGT,0
CAACTCGGACGAACGT,0
CAACTCTAAAATCAGA,0
CAACTCTACTTGAAAA,0
CAACTCTATGGTATCA,0
CAACTGGCAAAGAAAA,0
CAACTGGGAAACACCC,0
CAACTTAAAATGTACT,0
CAACTTAATACACTCG,0
CAACTTATGCAGATGC,0
CAACTTCAATAAAAAT,0
CAACTTCCACGGGGAT,0
CAACTTCTAGCAATTG,0
CAACTTGTACGAACCC,0
CAACTTGTCAAGTATC,0
CAACTTTGTCACACGC,0
CAACTTTGTTCTCAGG,0
CAACTTTTGTTATCAG,0
CAAGAAAAAGTCCAAC,0
CAAGAAAACCAATGTT,0
CAAGAAAAGCTAACTT,0
CAAGAAAATTAATCCC,0
CAAGAAACCATTCACA,0
CAAGAAACTATGCCGA,0
CAAGAAATAGATACAT,0
CAAGAAATTCTCACTA,0
CAAGAAATTCTGAGAA,0
CAAGAACAACGCACAT,0
CAAGAACGTAGCACTA,0
CAAGAAGAACGTGTGT,0
CAAGAATAAACTGAAC,0
CAAGAATAATCTCAAG,0
CAAGAATCCTAATAAT,0
CAAGAATGATGGGATG,0
CAAGAATTGCTCTGCC,0
CAAGACGAGGTCAGGC,0
CAAGACGGAGACTACT,0
CAAGACTAGAATAACA,0
CAAGAGACACCTAGAC,0
CAAGAGAGAGCGGGTG,0
CAAGAGCAAGCGACGT,0
CAAGAGCGCCGGCTCC,0
CAAGAGGCAACAGTCC,0
CAAGAGTAATATGATT,0
CAAGAGTCTGAGTCTG,0
CAAGAGTGACTCAGTA,0
CAAGATACATTCAGAT,0
CAAGATAGATCAGTGG,0
CAAGATAGCAAGGACA,0
CAAGATATCATTAGCG,0
CAAGATATGTGGACGT,0
CAAGATCACTAAGCGA,0
CAAGATCATACCTCTT,0
CAAGATCCCATCACAT,0
CAAGATCTGAAACCGA,0
CAAGATGCATACAATA,0
CAAGATGCCCTATCAG,0
CAAGATGTACGCAATG,0
CAAGATTAAAACACCA,0
CAAGATTACACTTGAT,0
CAAGCAACTGGTAATA,0
CAAGCAAGGTTATGAC,0
CAAGCAATTGAGATTA,0
CAAGCATTAACAAGCG,0
CAAGCCAATCCAAGCG,0
CAAGCCACCTTCACCT,0
CAAGCCTATGAACCCA,0
CAAGCGACTCCTAGTT,0
CAAGCGATTGGAATGG,0
CAAGCGCAGTAGGAAG,0
CAAGCGCATAAACGTA,0
CAAGCGGAAAAGGGAA,0
CAAGCGGGTGTGTCCC,0
CAAGCGTGTTATAAGA,0
CAAGCTCAAATACAAG,0
CAAGCTCATACTAACA,0
CAAGCTTCACCGGCTG,0
CAAGGAAAATAGCCTA,0
CAAGGACTCGCTAAGG,0
CAAGGCCTTACGTATT,0
CAAGGCTACCTTGAAC,0
CAAGGGTACACGGTTT,0
CAAGGTATCTCACCGA,0
CAAGGTCTACCACAGA,0
CAAGGTCTATACTATG,0
CAAGGTGAAAGTCGAT,0
CAAGGTGACGGTGAAA,0
CAAGGTGACTAACTTG,0
CAAGGTGTTCAGATAG,0
CAAGTAAACACGCTTC,0
CAAGTAAATAAAAACA,0
CAAGTAACGTTCCTCA,0
CAAGTACTGGAGCTAT,0
CAAGTATTTATAAAGT,0
CAAGTCAAGAGTTCTA,0
CAAGTCAAGGAAGTGT,0
CAAGTCAATATTTAGT,0
CAAGTCACTTCTAGAA,0
CAAGTCAGTATGCGTT,0
CAAGTCCGGTAATAAT,0
CAAGTCGAGATTAATT,0
CAAGTGAAACACGTAT,0
CAAGTTATTAATTACG,0
CAAGTTCAGGAATAAG,0
CAAGTTGAACACATGG,0
CAAGTTGCATATAGAT,0
CAAGTTGGCCCACTAA,0
CAAGTTGTGCTATAGG,0
CAAGTTTACCGCCGGA,0
CAAGTTTCCACCACAT,0
CAATAAACAATCGAAA,0
CAATAAATTAGTCGCC,0
CAATAACACTAAAGCA,0
CAATAACACTTATGAT,0
CAATAACATAATGTCA,0
CAATAAGAAAAAACAC,0
CAATAAGAACAAGAAA,0
CAATAAGAAGTTCCTT,0
CAATAAGACCAGAAGT,0
CAATAAGAGATATAAG,0
CAATAAGTTATATTTT,0
CAATAATACCACGAGC,0
CAATAATACCTATGAT,0
CAATAATCAAAATGGA,0
CAATAATCCCACTGCT,0
CAATAATTTCGACTTT,0
CAATACATTAGATTTC,0
CAATACCCAACGGGAT,0
CAATACCGCTTAAGCA,0
CAATACCTAAACATTT,0
CAATACGAAAAAGGAT,0
CAATACGATATACGAA,0
CAATACGATCATGAAA,0
CAATACGTTCATGAGT,0
CAATACTAAGCTGCAG,0
CAATACTTCAAGGATA,0
CAATAGAATCCGGAAT,0
CAATAGCAAAAATAAA,0
CAATAGCGCTATCTCA,0
CAATAGTAAACGGTTG,0
CAATAGTACCTTGTGG,0
CAATATAACCATTGCC,0
CAATATACCCAGTACC,0
CAATATACTCTTAAGA,0
CAATATAGATTAATAA,0
CAATATATCTAACTCG,0
CAATATCGATAACAGC,0
CAATATCTATTCATAA,0
CAATATCTCGATTGTT,0
CAATATGTGACAAATT,0
CAATCAAGTGCACCCC,0
CAATCAATACACCACT,0
CAATCACAAGTTAAAA,0
CAATCACAATAATTGA,0
CAATCACTATAAAGAT,0
CAATCAGAATACCGCA,0
CAATCATAAATAGCTC,0
CAATCCAACAATTACT,0
CAATCCAAGTCCAGCG,0
CAATCCACTTGCTGTC,0
CAATCCATGACTGGAT,0
CAATCCATTACGAATA,0
CAATCCCAAAGTAAAG,0
CAATCCCCGGCCTCAG,0
CAATCCCCTATGAATC,0
CAATCCCTATACTAAA,0
CAATCCGTATATGCGA,0
CAATCCTAGATGTTAT,0
CAATCCTATGGATGGC,0
CAATCCTATTGCGCGG,0
CAATCCTCATAAAATC,0
CAATCGACATTAAGAA,0
CAATCGATAGTAGAAA,0
CAATCGCTTGGCGGTG,0
CAATCGGAAGACAAAA,0
CAATCGTTAAGAACTA,0
CAATCTACCCTTATGT,0
CAATCTATCAAGTAGA,0
CAATCTCAGGTTTCTA,0
CAATCTCCATCGAGGG,0
CAATCTCGGTTATCTT,0
CAATCTCTGGTGAAAA,0
CAATCTGAATGAGAAG,0
CAATCTGTGACTAGTT,0
CAATCTTAGACGAAAC,0
CAATCTTTGGAAGCGA,0
CAATGAAACAGTATAA,0
CAATGACCATCGAACC,0
CAATGACCTTTCAAAC,0
CAATGACTACTGGAAG,0
CAATGACTCCAAGAAG,0
CAATGAGATAGATAGG,0
CAATGAGCAATTAGCT,0
CAATGAGGCAGTCAAG,0
CAATGATGAAATATAA,0
CAATGCAAAGTACAAA,0
CAATGCAAGAAGTAGC,0
CAATGCCAGCTCGTGG,0
CAATGCCATTACGTTG,0
CAATGCGCTGGCTACG,0
CAATGCTATGTAAAAA,0
CAATGGATTTTGCAAT,0
CAATGGGATCATGTCA,0
CAATGGGTATTATCGT,0
CAATGGGTTACATTCA,0
CAATGGTAAAAATTTT,0
CAATGTCGATTTACTA,0
CAATGTGATCATGGTA,0
CAATGTTAACATTTGA,0
CAATGTTATATGATCA,0
CAATGTTGGCATACAT,0
CAATTAAAAAATCAAT,0
CAATTAAGAGTCACCT,0
CAATTAATGTATCAAG,0
CAATTACAACGATACC,0
CAATTACCATGAACGA,0
CAATTACCGGTGGGCG,0
CAATTACTATAAACTA,0
CAATTAGACTAACACT,0
CAATTATCAAATGGAA,0
CAATTATCAATTAAAT,0
CAATTCAAGTCCAGCC,0
CAATTCGTTCGAAAAT,0
CAATTCTACAAGCTAT,0
CAATTGAATTCACAGC,0
CAATTGATTAAGAAAT,0
CAATTGCGAACAAGGT,0
CAATTGCGCCAGTTCC,0
CAATTGGAACTGGAAG,0
CAATTGGGGATATGAA,0
CAATTGTAGCTGCAAA,0
CAATTTAAAAATCGAT,0
CAATTTAAACGTCTAG,0
CAATTTAGACTTGCCA,0
CAATTTCGGACTAGAG,0
CAATTTCTGGTAAAGC,0
CAATTTGCGACAATTC,0
CAATTTTCGAAAGCTA,0
CAATTTTTGGTGATTA,0
CACAAAAATACTCAAA,0
CACAAAACATGATTGA,0
CACAAAACGGAAGTAA,0
CACAAAAGCCTAAGAA,0
CACAAAATAAGACAGG,0
CACAAAATGTCACGAA,0
CACAAAATGTGTGGGA,0
CACAAAATTTGAATTA,0
CACAAACATAGAGACA,0
CACAAACATTGTAACT,0
CACAAACATTTTCCCT,0
CACAAACGTATCATGT,0
CACAAACTAAAAAGCG,0
CACAAACTCATGATTT,0
CACAAAGAGGTTTAAG,0
CACAAAGGGTTCAGTG,0
CACAAAGTTATCCGAA,0
CACAAATTACCATCAC,0
CACAAATTTTAGGTAA,0
CACAACAAAAAAAGTA,0
CACAACAAACGCTTTG,0
CACAACAATAAGACGA,0
CACAACAGCGACAGTT,0
CACAACATTATCCAAA,0
CACAACATTCGGGGAA,0
CACAACCCCTGTTCCA,0
CACAACCGAAACAAGA,0
CACAACCGCACTAGAG,0
CACAACGGCATAAATT,0
CACAACTGAATGGTGT,0
CACAAGAAAGAAGTGC,0
CACAAGACCTGAACTC,0
CACAAGCTGAATCTTA,0
CACAAGGCCTTGTGAA,0
CACAAGTAGTAGAGGA,0
CACAATAAAATTAGCC,0
CACAATAAATATACCG,0
CACAATACTGATGACA,0
CACAATCCCTGGCAGA,0
CACAATCTCAAGATAA,0
CACAATGGTGATCGCG,0
CACACAAACCATGCTA,0
CACACAAACTTGACCA,0
CACACAAGTGTTAAGC,0
CACACACACCGACTCA,0
CACACACGCACGCAAT,0
CACACAGTAGCTGAAT,0
CACACAGTCACCTTGG,0
CACACATAAGGGTGAT,0
CACACATGAGAATCAT,0
CACACATTCAAAACTC,0
CACACCAAAGAATACT,0
CACACCGGCGTACCCC,0
CACACCGTTACAAAGT,0
CACACGACTCGCACGT,0
CACACGATAAATAAGA,0
CACACGATATAACTGA,0
CACACGATGATTGTCT,0
CACACGCGCTAGTCTT,0
CACACGGACTAAAAGT,0
CACACTAATGTTTAAA,0
CACACTAATTCCCCAA,0
CACACTACTGCCGAGA,0
CACACTATGTTAAGTT,0
CACACTCAGATTTAAA,0
CACACTCGCCACCAAT,0
CACACTGCCTCATTGA,0
CACACTTAGACCTGGT,0
CACAGAAAATGAACTT,0
CACAGAAAGTGGAGTT,0
CACAGAACGGGCCGAT,0
CACAGAAGTGCACAAC,0
CACAGACCGAGACGTA,0
CACAGACTACGTCATG,0
CACAGACTGTCTAATA,0
CACAGAGATCGACAAG,0
CACAGAGGCGAAATAA,0
CACAGCAACTAGAGGT,0
CACAGCACCAAAGAGT,0
CACAGCCCTGATTCCA,0
CACAGCCCTTTATATT,0
CACAGCGAATTAAGTA,0
CACAGCGCTAACATCT,0
CACAGGACAATGGAAA,0
CACAGGCATCATAGAG,0
CACAGGCTGGCAATAA,0
CACAGTAATAAATACA,0
CACAGTATAAGCACAC,0
CACAGTGAACACTAAG,0
CACATAAAATAAAAAA,0
CACATAAAATTTGTGG,0
CACATAAACAAATTAG,0
CACATAAAGACCACTC,0
CACATAACGTACTTTA,0
CACATAACTACCCACA,0
CACATAAGAGATATGC,0
CACATAATCCTCACTA,0
CACATACTGTTCTCTA,0
CACATAGAATGCACAG,0
CACATAGATTACATTC,0
CACATATACACCAACG,0
CACATATCCGCTAACA,0
CACATATGGAGAAAGC,0
CACATATTTGAGTAGT,0
CACATATTTTGCTTAT,0
CACATCCCGAAGCGAA,0
CACATCCTGACCAACA,0
CACATCGAGTGATGCT,0
CACATCGGAAGCCCGC,0
CACATCGTTAGATACC,0
CACATCTTCGATAGGG,0
CACATGAAACACAATA,0
CACATGACGTTATTAT,0
CACATGAGAAGGACTC,0
CACATGCACAGAAGTA,0
CACATGCTTATAAAAT,0
CACATGTAAAGGCGTG,0
CACATGTCAATACACC,0
CACATTAAAATTGACG,0
CACATTACATACCGTA,0
CACATTGATAGTGGTC,0
CACATTGCCTGACGGT,0
CACCAAAAAAGCCACA,0
CACCAAAATTAAATTC,0
CACCAAACACACACCA,0
CACCAAATTAAAAGTA,0
CACCAACCGGTCATTA,0
CACCAAGAAATTTTCC,0
CACCAAGCAGGAACAT,0
CACCAATAGGGCCACA,0
CACCAATCCTACCACA,0
CACCAATTGCAATGAA,0
CACCAATTGTTCACAT,0
CACCACAACATCTGCA,0
CACCACCAGCCCTAAG,0
CACCACTACATCAAAA,0
CACCACTTTACCATTG,0
CACCAGAAGGACAAAA,0
CACCAGAAGTTACAAA,0
CACCAGGCTACTGTTT,0
CACCAGGCTAGAAGAC,0
CACCAGTAAAAATGTA,0
CACCAGTATCGCCGCC,0
CACCAGTCACCAAGGA,0
CACCAGTTGTGGCCTG,0
CACCATATCAGGTCTC,0
CACCATCTACGCAGCA,0
CACCATGACCGAATCA,0
CACCATGTACTTATAG,0
CACCATTGGCGGATGT,0
CACCCAAACTAAAAAC,0
CACCCAACCGTTAAGG,0
CACCCACATTTAAAAA,0
CACCCACTAACTCAAC,0
CACCCACTCAAAAAGT,0
CACCCAGTAATCAGGT,0
CACCCAGTTACAACGT,0
CACCCATTTAGTCAAA,0
CACCCCACAGGTGAGT,0
CACCCCATCCAAACAC,0
CACCCCCGAACGGATA,0
CACCCCCTGGCCATGT,0
CACCCCTGAAAGTGAC,0
CACCCCTTGAGCCGTG,0
CACCCGCCATTCTATT,0
CACCCGCGCGACCAAA,0
CACCCTAACCGTTATT,0
CACCCTACAACTTCCC,0
CACCCTCAGATATCAT,0
CACCCTCGTCTATCCT,0
CACCCTCTTCAATACT,0
CACCCTGAAAACTAAC,0
CACCCTGCATGACCAC,0
CACCCTTCGGATCTAG,0
CACCCTTGAAGCGTCA,0
CACCGAAAAAGTATCT,0
CACCGAAACAAAAAAA,0
CACCGAAGGACTCAAA,0
CACCGACCCCCCGTAC,0
CACCGAGAATACACTA,0
CACCGAGACTATCATA,0
CACCGAGTACAACTCG,0
CACCGATACGGAAATA,0
CACCGATATCGGTGAT,0
CACCGATATCGTAGTC,0
CACCGATCCTAACAAA,0
CACCGATTGACTAATA,0
CACCGCAAATCGAGCC,0
CACCGCGAAGTCCATG,0
CACCGCGAGTATAATT,0
CACCGCGCACCTAATC,0
CACCGGAATAGATACC,0
CACCGTAAACACTAAC,0
CACCGTAAATCGATAT,0
CACCGTACAACAACAT,0
CACCGTATCCGCGAAG,0
CACCTAAGAAATCATA,0
CACCTAATCATAAGAC,0
CACCTAATGTCCATAC,0
CACCTACACATGCTTA,0
CACCTACATTTAACCA,0
CACCTACTGCCTAACC,0
CACCTAGAGCGAGGAA,0
CACCTATCAATGTAGA,0
CACCTATCATAATAGA,0
CACCTCAGTGTAAACA,0
CACCTCCAATAGCAAA,0
CACCTCCATACTTTAA,0
CACCTCCGACGTGTGG,0
CACCTCTATAGCTACA,0
CACCTCTGAGTTTGTC,0
CACCTCTTGTCCATCT,0
CACCTGAAAGTTGTCA,0
CACCTGAATAAGAATT,0
CACCTGACCCAGTGTG,0
CACCTGATTCTGACAA,0
CACCTGCGAAAAAAAC,0
CACCTGTCAGAACCGG,0
CACCTGTTAATCGATC,0
CACCTTGATGCAATCG,0
CACCTTTCTATGAAAC,0
CACGAAAAAAAATCCA,0
CACGAAAATATTTTCG,0
CACGAAACAAGGTAAG,0
CACGAAATGCTGCCTC,0
CACGAACACCGTGTGA,0
CACGAACACTTTAATA,0
CACGAACCAAAAGGTC,0
CACGAAGATCAGGAAA,0
CACGAATACATTCGAA,0
CACGACAAGGGTAACC,0
CACGACACGCCCCCCT,0
CACGACCATTTATGTC,0
CACGACGCTCGATCTT,0
CACGACGCTTCTTGTT,0
CACGACGTTATATGAG,0
CACGACTGACCATAGC,0
CACGAGATTTCTCGGA,0
CACGAGGTTTCAGACA,0
CACGAGTAACGAAGCT,0
CACGAGTCGATAGAGG,0
CACGAGTGAAGATCTG,0
CACGAGTGACCCAAGG,0
CACGAGTTAAACGGAC,0
CACGATAAGCAATCGG,0
CACGATACAATGGCGT,0
CACGATACTATGATAA,0
CACGATACTTCAAGCC,0
CACGATATATACCGGC,0
CACGATGGCAACGGAT,0
CACGATGTATACCACC,0
CACGATTTCTCACGAT,0
CACGCATTAGTATAAA,0
CACGCCCGTGGCTTAA,0
CACGCGAACGGGTGTT,0
CACGGAAAACGGAGGC,0
CACGGAAATACTGTCT,0
CACGGATAGAATAAAC,0
CACGGCAGAATCAACT,0
CACGGCCATCAAAACT,0
CACGGCTAGGACAACA,0
CACGGGGAACCCATAA,0
CACGGTAGGCTAAGAT,0
CACGGTCTTAAGCTGA,0
CACGTAAAGCCGTCGT,0
CACGTACGTCCACTCG,0
CACGTCATCTACTAAA,0
CACGTCTAATGCTTAA,0
CACGTCTACGGTAATA,0
CACGTGCCTAAACCCT,0
CACGTTTCGTATTGGG,0
CACGTTTGCTTAACCG,0
CACTAAAAACAGCAGA,0
CACTAAAAATCCGATA,0
CACTAAAACGGTTCTT,0
CACTAAGATTGATCCA,0
CACTAAGCTCAAAAAA,0
CACTAATAAAAAGACC,0
CACTAATATAAGTTAA,0
CACTAATCACGTCTGT,0
CACTACAAAAACCTAA,0
CACTACAACAATGTGA,0
CACTACCACCGCAGTT,0
CACTACCTATCATCCT,0
CACTACTTAAGAAATC,0
CACTACTTTATTCGAG,0
CACTAGAAATGTATTA,0
CACTAGAACTAAAAAT,0
CACTAGCGTTAGAACA,0
CACTAGCTAGAACAAA,0
CACTAGCTAGATGATC,0
CACTAGTTCGATCGCG,0
CACTATACCCGCAAAA,0
CACTATACTTCCATCG,0
CACTATAGCGCTACAT,0
CACTATAGTAATTCAG,0
CACTATATAATTGCTG,0
CACTATATGCTTTAAA,0
CACTATCTAAAAGAGA,0
CACTATGTGACCAGGA,0
CACTATTATTATTCGA,0
CACTATTCACTGGAGA,0
CACTATTTAGCCAAGC,0
CACTCAACGCTAAGTT,0
CACTCAAGAACAACAA,0
CACTCAAGAAGATGCA,0
CACTCAAGTGTGCTGT,0
CACTCAATTTCTGAAT,0
CACTCACCCTACTTCG,0
CACTCAGATATTAATT,0
CACTCAGGGCTACAAG,0
CACTCATAAATCTAGA,0
CACTCATTGTCAATTT,0
CACTCATTTAACCAAT,0
CACTCCACTATGACGG,0
CACTCCCATTACATCT,0
CACTCCTTTTAGATAA,0
CACTCGACCTTTTAAC,0
CACTCGCAACGTAACC,0
CACTCGTGAGCCGGCA,0
CACTCTAAGTTGTATA,0
CACTCTATGTATCTGT,0
CACTCTTCGAGCAGGG,0
CACTGAAAAACCTAAA,0
CACTGAAATGGTATCT,0
CACTGAATTCGCTAAG,0
CACTGAGCTAACTCTT,0
CACTGCATCTATCTAC,0
CACTGCGCCACAAGAA,0
CACTGCTATAAAAGAG,0
CACTGTAGATACAAAC,0
CACTGTATAAAGTGAT,0
CACTGTATAAGGCGTT,0
CACTGTCGGATTTAAG,0
CACTGTTTAAAGTCGG,0
CACTGTTTATTCAAAA,0
CACTTAACAGGAGCTA,0
CACTTACAAAACCAAG,0
CACTTACGATAGAAGA,0
CACTTAGAAACCACCG,0
CACTTAGTATCATCTA,0
CACTTATCTCAAAGGG,0
CACTTCACTGTGAATT,0
CACTTCCACTCTATGC,0
CACTTCGAATCAGTGG,0
CACTTCGTAAGCGTAA,0
CACTTCTCAGACCTCA,0
CACTTGAAATAACAGC,0
CACTTGCAGTAATACC,0
CACTTGCATCCCCCGA,0
CACTTGGGTATCTAAC,0
CACTTGGTTCTCAACA,0
CACTTGTCTGAACCCT,0
CACTTGTGAAAATGTT,0
CACTTGTGATTACATA,0
CACTTGTGCAAGACAA,0
CACTTGTGCCATCAAA,0
CACTTTACTGTTGTTT,0
CACTTTAGGAATTGGT,0
CACTTTATAACTTTAA,0
CACTTTATCGATGAGA,0
CACTTTATTAGTGACC,0
CACTTTCGCCCGAACG,0
CACTTTCGTACCCTAG,0
CACTTTCTGGAATTCC,0
CACTTTGCTAAGTTAC,0
CACTTTGGGCTTGGAA,0
CACTTTTCGACCAGTT,0
CACTTTTTATATGTCT,0
CAGAAAAAACTGACCC,0
CAGAAAAAGTAGTATA,0
CAGAAAATACAAGCAG,0
CAGAAAATCTAAGGAA,0
CAGAAAATGATACCCC,0
CAGAAACAAAAACCCT,0
CAGAAACTACTGAACG,0
CAGAAAGGTGATTCGC,0
CAGAAATAAGTATAAA,0
CAGAACAAAGAAACAG,0
CAGAACACAAAATTTT,0
CAGAACAGAAGACTAT,0
CAGAACCCAAAAGTGA,0
CAGAACCCGCTAGAGA,0
CAGAACCCGTTAAGAC,0
CAGAACCTTAAAATAT,0
CAGAACTAATAATTTG,0
CAGAAGATGCTACACA,0
CAGAAGCTAGACGACA,0
CAGAAGGAGCGGAAAT,0
CAGAAGTCAATCCTTA,0
CAGAATAAAGATCCTA,0
CAGAATACGTTATAGT,0
CAGAATATCATAATCC,0
CAGAATGATAAAGATA,0
CAGAATGTACTCTAAC,0
CAGAATTAATCCCCAG,0
CAGAATTCTGCTTCTC,0
CAGACAACAATCATCC,0
CAGACAAGAAAGAGTA,0
CAGACAATGGAAAATT,0
CAGACACACCCTTTCA,0
CAGACACGTAAGGAAA,0
CAGACATATACTCTAG,0
CAGACCAAGTGACAGG,0
CAGACCATTCTCCAAT,0
CAGACCCTACCTTAAA,0
CAGACCCTTACCACAA,0
CAGACCGTCGTCACAT,0
CAGACCTATAGCAAAG,0
CAGACCTCTGTTGGGA,0
CAGACGACCGAGATGC,0
CAGACGATATTTCGCT,0
CAGACGATGGACATAT,0
CAGACGCCCTATTGCC,0
CAGACGCGAAAGATAA,0
CAGACGGTTAAAGTCC,0
CAGACTAAAAAAATCC,0
CAGACTATCCTATTTT,0
CAGACTCCTAACAACT,0
CAGACTTTGCTGGATA,0
CAGAGAAAATCCGTTT,0
CAGAGAACCCAACTGG,0
CAGAGAGAGCGAGAAC,0
CAGAGAGCAGGGCATA,0
CAGAGAGGACAGTCAA,0
CAGAGCAATACCCTAT,0
CAGAGCCAAATTGAAA,0
CAGAGCCCGAAGATCA,0
CAGAGCGTAAACAAGG,0
CAGAGCGTAGTCTTGC,0
CAGAGCTCGCAGTACA,0
CAGAGCTGCCCGTATC,0
CAGAGGCAATCACTAC,0
CAGAGGTAACAATAAT,0
CAGAGTACGATCCCCT,0
CAGAGTATGTAGTAAA,0
CAGAGTATTATTACAA,0
CAGAGTCGTGCGTTGC,0
CAGAGTGTACATAGTT,0
CAGATAACAGAAACCT,0
CAGATAATGTAAATCG,0
CAGATACACTACCAAT,0
CAGATACTTTACTAAT,0
CAGATAGAAAAGACAG,0
CAGATAGTACTAGGAG,0
CAGATATTATTAAACA,0
CAGATCAACGGTGCCG,0
CAGATCCTATATGTTT,0
CAGATCGTTGAAGCCA,0
CAGATCTATCCATATG,0
CAGATGAGAAGCGTAG,0
CAGATGAGTAACCAAG,0
CAGATGGAACTTTTTT,0
CAGATGGACCCAACAG,0
CAGATTACACATTCTT,0
CAGATTAGACCTTAGT,0
CAGATTGATTGTGCGG,0
CAGATTGGACTATAAT,0
CAGATTGGTCTGTTCG,0
CAGATTTATATAACAT,0
CAGCAACCGTATCACC,0
CAGCAAGAATTAAACG,0
CAGCAAGCCGTATAGA,0
CAGCAAGCTAACCATA,0
CAGCAAGTAGTAAAAG,0
CAGCAATCCCGGCAAC,0
CAGCACAAAAGTTGAT,0
CAGCACAAATATACCG,0
CAGCACAGATGGCCCA,0
CAGCACAGCACTCATC,0
CAGCACATGGCCGGCG,0
CAGCACATGTTCTAAC,0
CAGCACGCCATGACAT,0
CAGCACTACTCGGCCT,0
CAGCACTGAGCAATGG,0
CAGCAGAAATCAATTT,0
CAGCAGAGATAAATAG,0
CAGCAGTGACGTTAAC,0
CAGCAGTGCTGTAAAT,0
CAGCATAAATTGCACT,0
CAGCATTAAACGCAGA,0
CAGCATTCGAACCGAA,0
CAGCCAAGTGATTTTT,0
CAGCCAATTAATACTT,0
CAGCCATAAAAAAAAA,0
CAGCCATGTGAATAAC,0
CAGCCCGAAAACAATT,0
CAGCCCGCTGTAAAAT,0
CAGCCCTTGTTATTAA,0
CAGCCGAAAGTACAAA,0
CAGCGAATCTAAACAA,0
CAGCGAGGACTAATTT,0
CAGCGGAGTTGAACTA,0
CAGCGTATGCAAATGG,0
CAGCGTTCCACTGGCT,0
CAGCGTTGAATCTCGT,0
CAGCTACGAAACACAC,0
CAGCTAGAGTCTCCAA,0
CAGCTCCCATCCTAAG,0
CAGCTCCGTCTTCGCG,0
CAGCTCGGCCCATCGA,0
CAGCTGCGCCCTAAAA,0
CAGCTGCTTGAATCAA,0
CAGCTGCTTTGGAAAG,0
CAGCTGTATGGACAAA,0
CAGCTTACAAGTACTG,0
CAGCTTAGAGAATATG,0
CAGCTTAGTTTCAATG,0
CAGCTTCCTATCTAAA,0
CAGCTTTTCACTAGAC,0
CAGGAAAAAGATGTGG,0
CAGGAAAACTAAGGCC,0
CAGGAAAGTGCCGCAT,0
CAGGAAGATAATAGAG,0
CAGGAATACTATCTAA,0
CAGGAATGCGAACAAA,0
CAGGACCGAAAATTCC,0
CAGGACCGTTGCCCTA,0
CAGGACGGAAACATTC,0
CAGGAGCAAGATGGCT,0
CAGGATGGTGAACGAC,0
CAGGCAACTTATTCTG,0
CAGGCAATAAAGTGGT,0
CAGGCACAATTGCTGA,0
CAGGCAGAAAATCAAA,0
CAGGCATAGCAAGAAA,0
CAGGCCGTTTGATGAA,0
CAGGCGACGGAGATTA,0
CAGGCGCTAGTTAAGG,0
CAGGCTATCTTGGGGG,0
CAGGCTCTACTATGGA,0
CAGGCTGCGACACGGC,0
CAGGCTTACAAACGAC,0
CAGGCTTCAATGCATA,0
CAGGGAACCTACAAGG,0
CAGGGATACGAATATA,0
CAGGGCATGACGTCGC,0
CAGGGCTTTATAGCGG,0
CAGGGGACAGGCGTAT,0
CAGGGGAGGTCGTCAG,0
CAGGGGCAGTTTAGGG,0
CAGGGTAGTCGCAACA,0
CAGGGTCACCCCGAGG,0
CAGGGTGGGGAGCCGC,0
CAGGTAATCGAGCTCC,0
CAGGTATGGTGGTCAA,0
CAGGTCAACGCTAATC,0
CAGGTCAACTTTACAA,0
CAGGTCATTATGAAGA,0
CAGGTGACATATAATT,0
CAGGTGCATTCTGAAT,0
CAGGTTAACACTATGT,0
CAGGTTGAAGTCGTAC,0
CAGGTTGAGTTCTATA,0
CAGTAAACAGAGTGGT,0
CAGTAAACTACTCATC,0
CAGTAAATCATCAGTC,0
CAGTAACATTTAGGTT,0
CAGTAAGCACCTAACC,0
CAGTACAGCATGTCGC,0
CAGTACCAAACAGTCA,0
CAGTACCATCTATAGC,0
CAGTACGCTACTTAAG,0
CAGTACTACGAGCGTG,0
CAGTACTCACCAAGAA,0
CAGTAGCAGTCCGTCA,0
CAGTAGGTTTCTAGAC,0
CAGTCAGAAAGATAGC,0
CAGTCAGAGGCCCATG,0
CAGTCATTCCTCCTCG,0
CAGTCCTGATCCATCC,0
CAGTCGCATACAGTCA,0
CAGTCTCCATGGCCAG,0
CAGTCTTAATAGAGAT,0
CAGTCTTACTTTAAAG,0
CAGTCTTGCGAACATG,0
CAGTCTTTATTTCAAC,0
CAGTGAACGAGAAAAG,0
CAGTGAAGAGCTACCT,0
CAGTGACACCTAACAT,0
CAGTGACCGCACATCT,0
CAGTGACTTACGCCTG,0
CAGTGAGATAATCCAC,0
CAGTGAGCAGGTTAAT,0
CAGTGATAAATGATCC,0
CAGTGATGATAGAATC,0
CAGTGCAATCGTAACT,0
CAGTGCAATTAGCCGT,0
CAGTGCACAATACTAC,0
CAGTGCCAATTTAAGT,0
CAGTGGGCGCGTGACC,0
CAGTGGTCGGGTTTTA,0
CAGTGGTTAAGTGTGT,0
CAGTGTAACGTTTACA,0
CAGTGTCGAAACATCC,0
CAGTGTGAGGTCGACA,0
CAGTGTTCGAGGGTAT,0
CAGTTAAACAACCAAG,0
CAGTTACAGCTAAAAA,0
CAGTTATAGCAATGCG,0
CAGTTCAAACTCCAAC,0
CAGTTCAGACTGCTCA,0
CAGTTCTGAACATCCA,0
CAGTTGACAGACACAT,0
CAGTTGCAAAAAGGAG,0
CAGTTGGCAGTGCCCG,0
CAGTTGGGGTCTATGA,0
CAGTTGTAACCAGGGT,0
CAGTTTATTAAAAAAT,0
CAGTTTCTACATGAAT,0
CAGTTTTGGACTGAGA,0
CAGTTTTTACCTACTG,0
CATAAAAAACCTTTCA,0
CATAAAAAATAACTAT,0
CATAAAAAATACCCGA,0
CATAAAACGAGAGCGA,0
CATAAAACGTTGGTCG,0
CATAAAATCGAAGAGA,0
CATAAAATTTGGCCCT,0
CATAAACAATAACAAT,0
CATAAACACATCAAAT,0
CATAAACATCTACATC,0
CATAAACCTTAAACCA,0
CATAAACGAATTTATA,0
CATAAACGAGCAAATG,0
CATAAACTGGTATTAA,0
CATAAACTGTCTCAGA,0
CATAAAGAAGAATACA,0
CATAAAGTATAAACAA,0
CATAAAGTCTAAAAAA,0
CATAAAGTGCATAAAA,0
CATAAAGTGCCACGAT,0
CATAAAGTTGTTAGCG,0
CATAAATACAAGAAAG,0
CATAAATCTTATTCAA,0
CATAAATTTAATCAAA,0
CATAACAACTGGCTTG,0
CATAACAACTTCCAGA,0
CATAACAAGTAATCTC,0
CATAACACAAACTAAC,0
CATAACACCTAAGTAA,0
CATAACACTCCCATAG,0
CATAACAGGTGGCTTC,0
CATAACATCATCGCTA,0
CATAACCAATATTTCG,0
CATAACCATAGTTTTT,0
CATAACCCAAGCTTTA,0
CATAACCGTCAGCACA,0
CATAACGACACCCATG,0
CATAACGCCTCGTGAC,0
CATAACTCTCATAGGA,0
CATAACTGGATTAGAG,0
CATAAGAACAATAGTA,0
CATAAGAACGGTGAAC,0
CATAAGAATTGCCATA,0
CATAAGACATAAAACG,0
CATAAGAGGAAATATA,0
CATAAGCTAATTAAGC,0
CATAAGTCTAGGGATT,0
CATAATAAGGGGATTT,0
CATAATAGAAAATATA,0
CATAATATCGCCGCGG,0
CATAATCATCTCTTCG,0
CATAATCCATGAGAAA,0
CATAATTAAACCGCTC,0
CATAATTTAGATATGC,0
CATAATTTATTAACAA,0
CATAATTTCCAAGAAG,0
CATACAAAAAGCTAGC,0
CATACAACAAACATCC,0
CATACAACTCCCTATA,0
CATACAAGAAGCTTAA,0
CATACAAGAGCTACCG,0
CATACACTTAAAGTAA,0
CATACAGCAGAACATG,0
CATACATAGAATAACA,0
CATACATATCCACGAG,0
CATACCAAAAATTCCG,0
CATACCAAAAGGAAGT,0
CATACCAACAAAAATC,0
CATACCAATTGGACTT,0
CATACCACCCGACCAC,0
CATACCATAAGTTGTA,0
CATACCCGAGAGATCG,0
CATACCCTGGAGTTTC,0
CATACCGCCGAGAGTA,0
CATACCGTTACCACAT,0
CATACGAATGTGACCC,0
CATACGTGAACGAGTT,0
CATACTACTCAATGCT,0
CATACTAGCATACCAA,0
CATACTAGTTGTTAAA,0
CATACTGCACAATCCC,0
CATACTGCAGTGAGAA,0
CATACTTATCCATCCC,0
CATACTTCCAATACAG,0
CATACTTTAGCACGCC,0
CATACTTTGCGTCGAC,0
CATAGAAACCCTCAGA,0
CATAGAACAAATGATA,0
CATAGAACATCCAAGC,0
CATAGACAAAATACCA,0
CATAGACCAATACAAA,0
CATAGACGCTTATCGG,0
CATAGACTTCGCTGAA,0
CATAGATGTGAGTTAC,0
CATAGATTACTTAAAA,0
CATAGCACCCTATATT,0
CATAGCCAATGACTCG,0
CATAGCCCTAAAGTAA,0
CATAGCGCACGCCTAA,0
CATAGCTACCGAACCG,0
CATAGCTACTAATATC,0
CATAGCTAGCCCCAGG,0
CATAGGAGCATACTGG,0
CATAGGCTATATATTG,0
CATAGGGTAAACTAAC,0
CATAGTACGAAGGCTG,0
CATAGTATACTCCAAA,0
CATAGTTTAGTACATC,0
CATATAAAAAGCACTT,0
CATATAAAGGGGACAA,0
CATATAAATATTTTCA,0
CATATAAGAGCGGCAT,0
CATATAATGCATTTTA,0
CATATACAAATTCAGA,0
CATATACACCATCAGG,0
CATATACATTAACGAC,0
CATATAGGTTAAACGA,0
CATATCACTCGTCAAC,0
CATATCATATCATTTA,0
CATATCATATGACGAG,0
CATATCCCCACTGTTC,0
CATATCCTAAGACAAA,0
CATATCTATCGCTCGT,0
CATATGAAGTAATCAG,0
CATATGAATGGGCATC,0
CATATGACTAATTACC,0
CATATGAGATATAGCA,0
CATATGATCGCTCATT,0
CATATGCACACCCTAC,0
CATATGCCAAGATCAC,0
CATATGCCATACATTC,0
CATATGCGATAATAAA,0
CATATGGTATTAAGTG,0
CATATGGTCCGCAAGC,0
CATATGTTTCGCATAT,0
CATATTAAAATTAGCT,0
CATATTAAACTCTCAT,0
CATATTAATTGGCAAT,0
CATATTACCCTTCAGC,0
CATATTACTAAGAAAT,0
CATATTAGTCTATAAA,0
CATATTCAAGTTAACC,0
CATATTCATTACATAA,0
CATATTCCGTAGATTC,0
CATATTGACTAGGCAT,0
CATATTGTCATGAACT,0
CATCAAAAGACGTATT,0
CATCAAAGACTTTGTC,0
CATCAAATAAGAAAAC,0
CATCAACAAACAAAGA,0
CATCAACTCATACTAA,0
CATCAACTTTTTAGAC,0
CATCAAGTAGTCTGAC,0
CATCAAGTAGTTCAGA,0
CATCAAGTGAACCTAG,0
CATCAAGTTGTAACGT,0
CATCAATGTCCCCATT,0
CATCACAATGAAAGCA,0
CATCACACCTTAGCTT,0
CATCACAGCGATCAAG,0
CATCACCCATAATTAT,0
CATCACCTAGTGATAC,0
CATCACCTGTTACGAA,0
CATCACGCCAAAAGAC,0
CATCACGTAATGTATG,0
CATCACTAACAACAAG,0
CATCACTAAGAATTCT,0
CATCACTGTCTCCTAC,0
CATCAGACATGATACC,0
CATCAGACGGAGTTGC,0
CATCAGACGTTGACGA,0
CATCAGCTACCAAAAC,0
CATCATACAACCTGTT,0
CATCATACGCAGTAGA,0
CATCATCGTACTACAT,0
CATCATCTAATTCGAT,0
CATCATTCAGCCGGTA,0
CATCATTTTATTTAAA,0
CATCCAACTAGGAGCT,0
CATCCAATAACCAAAA,0
CATCCAATGCATTCCC,0
CATCCACGTAAAACAC,0
CATCCAGGATCGGGCA,0
CATCCATGAATAGGAG,0
CATCCCAACATAGTAT,0
CATCCCAACTTTCATG,0
CATCCCAAGAATGCAA,0
CATCCCACTTATAACG,0
CATCCCACTTTAATTA,0
CATCCCAGCTCGAACG,0
CATCCCGCAATGAATA,0
CATCCCTAGATCCCAG,0
CATCCCTCGTGTATAA,0
CATCCCTTCAAAGAAG,0
CATCCCTTCACACCCA,0
CATCCCTTGTTAAATC,0
CATCCTCCAAGGGGGA,0
CATCGAATAAAACAAA,0
CATCGACGGTAAGACA,0
CATCGAGCGAATCAAC,0
CATCGAGGGGAGAAGG,0
CATCGAGTGTTTATAT,0
CATCGATGTTCTCTCG,0
CATCGCACCAGCCCGG,0
CATCGCCACAAAATAA,0
CATCGCGACTGGCACA,0
CATCGCTACGATAAAA,0
CATCGCTAGAGACACA,0
CATCGCTCAAGTGCTC,0
CATCGCTCACAACAAA,0
CATCGCTCATTAAAAA,0
CATCGGAAAATAACGA,0
CATCGGAAATTTCTAA,0
CATCGGGGTCACCAGA,0
CATCGTATGAAATATA,0
CATCTAAATTCTAAAC,0
CATCTAACCTTATAGT,0
CATCTAAGAGATGTAA,0
CATCTAAGGTTCGGGA,0
CATCTACAAACCAACC,0
CATCTACTCGCACAGT,0
CATCTATAACCAACAA,0
CATCTATTACACAACC,0
CATCTCAAAAGGTCTC,0
CATCTCATTGAGATAT,0
CATCTCGCCAGCACTG,0
CATCTGTGACAAGATA,0
CATCTTAAAGAGCGGA,0
CATCTTCAGATCCTTA,0
CATCTTGAATTCTCCC,0
CATCTTTTAACGTTCA,0
CATCTTTTCACAATGA,0
CATGAAAATAGAACGG,0
CATGAAAGCGAAATAC,0
CATGAAATCAGTCCCA,0
CATGAAATTATCGAGA,0
CATGAAATTCTCACGC,0
CATGAACAACCTGAGA,0
CATGAACCGGACACAT,0
CATGAACGACACCTTG,0
CATGAAGATCGTCCAT,0
CATGAAGCGACTATTA,0
CATGAATAAGTTTAGC,0
CATGAATACAGTATCA,0
CATGAATATCACGATA,0
CATGAATTTAATAAAA,0
CATGACCAAGACCATA,0
CATGACCCCGCTGAAT,0
CATGACCGAGATACCT,0
CATGACCGGTAAATTC,0
CATGAGAGCTATTCTC,0
CATGAGCATATACACC,0
CATGAGCGGCAGAATA,0
CATGAGTTCCGATTGT,0
CATGATACCATAAATT,0
CATGATACCGAAAGAC,0
CATGATATAAGTTTGC,0
CATGATCGCTTTGCCT,0
CATGATGAACGGGTGA,0
CATGATGCCCCACATA,0
CATGATTCCCTCACGG,0
CATGCAAATATCTTAG,0
CATGCAATTCTATTAG,0
CATGCACAAGATTTTG,0
CATGCACCCCCACATG,0
CATGCCACAACAAGAG,0
CATGCCGATGACCTCA,0
CATGCCGCACACGCCG,0
CATGCCTAATCTGAAC,0
CATGCCTCCTTAGTTA,0
CATGCCTGCCCGCAAC,0
CATGCGCAAAACATAT,0
CATGCGCAGCCCCAAG,0
CATGCGCGACGCGTGA,0
CATGCGGCGTACGTAG,0
CATGCTAAACCTATAG,0
CATGCTCTCTTGTGCG,0
CATGCTGTTTTGATGT,0
CATGGAAAATTAATAA,0
CATGGAATAATTACCC,0
CATGGAATATACATAG,0
CATGGACATTATCTGC,0
CATGGACGCTCTTTCG,0
CATGGAGTGACCGTTG,0
CATGGATACTTGACCA,0
CATGGCCTCACCCATC,0
CATGGCCTTAAACTCC,0
CATGGCGTAGTAATTA,0
CATGGGCCTCTGTAAA,0
CATGGGGAAAATAATG,0
CATGGTAGAAAAAATT,0
CATGTACATACCGTAA,0
CATGTAGGTAGAAATA,0
CATGTAGTAGCGTGCT,0
CATGTATACTCTTATA,0
CATGTATGTTTTCAGT,0
CATGTCATTTCAGACC,0
CATGTCGTAAACCCCT,0
CATGTCTCATACAATG,0
CATGTGTGTTCAAAGT,0
CATGTTAATTAAAATC,0
CATGTTACCCACTCAT,0
CATGTTACCCGAGTCC,0
CATGTTACTTAGCGCA,0
CATGTTAGTACCTTAG,0
CATGTTGAGCATGAGC,0
CATGTTTTTCAACAAT,0
CATTAAAAAGACAAAG,0
CATTAAAAGGAATAAT,0
CATTAAAGCCCATCAA,0
CATTAAAGCTTTGCCA,0
CATTAAAGTTATAACC,0
CATTAAATAGGTCTGG,0
CATTAAATAGTCTCTC,0
CATTAACACATAGTGA,0
CATTAACCACAACAAA,0
CATTAACCGATATCTT,0
CATTAACGCAAAGTTT,0
CATTAAGACTTGATGA,0
CATTAAGCCAGAAATA,0
CATTAAGGAAATCACG,0
CATTAATAGACTCTTA,0
CATTAATATAGCTATC,0
CATTAATGGTGGAGAT,0
CATTACAATTTATATC,0
CATTACATCACTGTCG,0
CATTACCAGATATGAC,0
CATTACCTAGACCACA,0
CATTACGAAGAAAGTT,0
CATTACGAAGTGGATG,0
CATTACGATTACCTAA,0
CATTACTGAAACACTC,0
CATTACTTTCATGAAC,0
CATTAGAAGAGTTCAA,0
CATTAGCGGGGTCCAA,0
CATTAGGTGAACACTA,0
CATTAGTCCCACGTTG,0
CATTAGTCTTTCAATC,0
CATTAGTGATGATCCA,0
CATTATACCTAACACA,0
CATTATACCTTAATGT,0
CATTATATACCCGGTA,0
CATTATATCCTACTTA,0
CATTATCCAAGGCCCG,0
CATTATCCGTAGACAC,0
CATTATGTTTGGTACC,0
CATTATTAATGGATAG,0
CATTATTATATGTAAT,0
CATTCAAAAGCTTAAT,0
CATTCAAACGCTGATT,0
CATTCAACGTAAACTA,0
CATTCAAGAGCCTAGA,0
CATTCAAGCCGCATTA,0
CATTCACTCATGTTTG,0
CATTCAGGGGCAATAG,0
CATTCATCAATGAAAA,0
CATTCCAAGCTTCTAC,0
CATTCCAATAGAGCAC,0
CATTCCCGAATGAGTG,0
CATTCCGCAAACGACT,0
CATTCCGCACAGGAGT,0
CATTCGAATTAATTCT,0
CATTCGAATTTATCAA,0
CATTCGAGTCGGAATA,0
CATTCGCTGTCCAATA,0
CATTCGCTTGTGCGTG,0
CATTCGTCGCTCTACC,0
CATTCTAAAAAATTCG,0
CATTCTACTATAACAT,0
CATTCTCCACTGCCAG,0
CATTCTCCGGACGTGA,0
CATTCTCTCCGTAAAC,0
CATTGAGCAAGTGATT,0
CATTGAGCAGTTCCAT,0
CATTGAGTCTATATCT,0
CATTGATCTACGGGTT,0
CATTGATGCTATTATT,0
CATTGCAAAGACAACG,0
CATTGCAGTAGACAAT,0
CATTGCCGGAACCGAC,0
CATTGCGTGAGTTCTG,0
CATTGCTGATATACAC,0
CATTGGACTAAAATAA,0
CATTGGCAAAGCTTAG,0
CATTGGTCCCCACCTG,0
CATTGTAAATACGAAG,0
CATTGTTGCAAGCACA,0
CATTGTTTAAATACCT,0
CATTTAAAATGCACCC,0
CATTTAAAATTGACTC,0
CATTTAAACCGGAAAA,0
CATTTAAATAGCCCCA,0
CATTTACAATATGTCT,0
CATTTACACTGTAGAT,0
CATTTACCGTAGAACC,0
CATTTAGATAAAATAA,0
CATTTAGATTTCCACC,0
CATTTATAGTAAGGAT,0
CATTTATCAAGAAGTT,0
CATTTATGATTTCTCT,0
CATTTCACAACGCAGC,0
CATTTCGACCTTGAAT,0
CATTTCTCCCGAAAGT,0
CATTTGAAGTACCAAA,0
CATTTGAGGCCCTAGT,0
CATTTGAGTCATGAAA,0
CATTTGCGCCTGGAAA,0
CATTTGGGAATGGCTC,0
CATTTGGTGCGTTAAA,0
CATTTGTTCGCCAACT,0
CATTTTCGAATGACCA,0
CATTTTTAATGCACTG,0
CATTTTTATAACCGAC,0
CCAAAAACTGAAACTA,0
CCAAAAATCGGAAAAA,0
CCAAAAATGCCCTGTT,0
CCAAAACACGACACGA,0
CCAAAACACGACCACT,0
CCAAAACATGAAAGTA,0
CCAAAACCAAAAATTG,0
CCAAAACGAAGATTAT,0
CCAAAACGGAAATCTT,0
CCAAAACTAAAGAAGT,0
CCAAAACTATGCCATA,0
CCAAAAGACTAAAAGC,0
CCAAAAGACTCGGCCA,0
CCAAAAGATTGGAATC,0
CCAAAAGCAAGTTAAA,0
CCAAAAGCACTATTGA,0
CCAAAAGCATTGACCA,0
CCAAAAGGACAAGAAG,0
CCAAAAGGCGATCAGC,0
CCAAAATAGTAAACAA,0
CCAAAATATACAAAGA,0
CCAAAATCTAGGGGAA,0
CCAAAATGAGATGAAA,0
CCAAAATGAGCGACTC,0
CCAAACAAACCAATTT,0
CCAAACACACCATATA,0
CCAAACCTTAAAATCT,0
CCAAACGATTGTTATG,0
CCAAACGCACTCGTAA,0
CCAAACGCGTACAACT,0
CCAAACTACGAAAGTG,0
CCAAACTATAATTGGT,0
CCAAACTATCTAAGCG,0
CCAAACTCCAACCTCG,0
CCAAACTTGGGTAATT,0
CCAAAGAACAAGCATA,0
CCAAAGAGACCCAGAA,0
CCAAAGCTACGGATAT,0
CCAAAGGAAAACCCCG,0
CCAAAGGCATAATAAA,0
CCAAAGGCTGGAACGC,0
CCAAAGGGCAAGTCCA,0
CCAAAGTAAACATATC,0
CCAAAGTAATACAATG,0
CCAAATAACAACCGCA,0
CCAAATACAGAACATT,0
CCAAATAGGGATCCGT,0
CCAAATCCGCAAGAAA,0
CCAAATGGGTAGGTAA,0
CCAAATTATAAACCGT,0
CCAACAAAACTCAAAG,0
CCAACAAACGACTCTG,0
CCAACAACCAACAATA,0
CCAACAACCCAAATTA,0
CCAACAACCCATAAGG,0
CCAACAATAGAAATGA,0
CCAACACATATTAAAT,0
CCAACACATCCACGGA,0
CCAACACTAAACAGTT,0
CCAACAGGAGTTGCGA,0
CCAACAGTACCACTTT,0
CCAACCAAAATAATTC,0
CCAACCACTTGATTCA,0
CCAACCGACTATCTGA,0
CCAACCGCATGGATTA,0
CCAACCTCAGAGCCTA,0
CCAACGAATTTTGTAA,0
CCAACGGTATTATATA,0
CCAACGTAGCCTTGAC,0
CCAACGTGTTTCTTAT,0
CCAACTAACTTTAACT,0
CCAACTACAACCCATG,0
CCAACTAGAAAGTATA,0
CCAACTATGGCCAAGT,0
CCAACTCCAGAGTCAC,0
CCAACTCGCGACCTCC,0
CCAACTTATGGCAACT,0
CCAACTTGCACGAAGC,0
CCAAGAAAAAATTGGC,0
CCAAGAAATCAACTAA,0
CCAAGAATCGAAAAGA,0
CCAAGAATTTCCAAAA,0
CCAAGAGAGACCCGTT,0
CCAAGAGGTACAAGGC,0
CCAAGAGTAACCTAAG,0
CCAAGCAAACTAGTCA,0
CCAAGCACAAGTTCAA,0
CCAAGCACTCAGGCTC,0
CCAAGCCTCATGTACA,0
CCAAGCCTGCTGTGCG,0
CCAAGCGAGACGAACG,0
CCAAGCGCCGACGAAA,0
CCAAGCTGGTACGAGA,0
CCAAGGAATAGAATGC,0
CCAAGTAACTCACGCA,0
CCAAGTAGTATTTGCA,0
CCAAGTCATACAGCGG,0
CCAAGTGAGATCCTAT,0
CCAAGTGTATATTGAA,0
CCAAGTTCGTAGCGAG,0
CCAATAAACTACTATT,0
CCAATACAAAAACATA,0
CCAATACAAGGCCTGC,0
CCAATACCTACTGCGC,0
CCAATACTCACAAATA,0
CCAATAGACATACCAA,0
CCAATAGTATTATTTT,0
CCAATAGTGATATTCG,0
CCAATATACGTATACC,0
CCAATATCTCATAGTA,0
CCAATATGCAGGGCAA,0
CCAATCACTCAGTTAC,0
CCAATCCATCTTCCGT,0
CCAATCCTATTCCGTA,0
CCAATCTCCTCTATCC,0
CCAATCTGAGACATTG,0
CCAATCTTGTCCCTAC,0
CCAATGCAGAGAAATA,0
CCAATGCCCTGAAAAT,0
CCAATGCGAAGATTAT,0
CCAATGCTTTAAACGT,0
CCAATGTACGTTAAAA,0
CCAATTAGACAAAATC,0
CCAATTCACCCTCCAC,0
CCAATTCACGGATGGT,0
CCAATTCATGTTTGAC,0
CCAATTCGCAACGACA,0
CCAATTGCCAAGAGCG,0
CCAATTGGGTATGATC,0
CCAATTGGTCCATCCC,0
CCAATTTAATTGAAAT,0
CCAATTTGAGACTACA,0
CCAATTTGATTATTTT,0
CCAATTTTACACAACA,0
CCACAAACCAGTACCA,0
CCACAAACTGGTTAAA,0
CCACAAATACTCAACT,0
CCACAACTTGAAAAGA,0
CCACAAGTTATACCAA,0
CCACAATCGACTGTTT,0
CCACACATCGAGCGTT,0
CCACACATTCCCCCGA,0
CCACACCACATCTGAT,0
CCACACCATTAAAGAT,0
CCACACCCCATACGAG,0
CCACACGCAATACATA,0
CCACACGGTTGCTACT,0
CCACACGTCTAAATCA,0
CCACACTGAGCTTCAA,0
CCACAGAGACCACACA,0
CCACAGCGGCTCGATA,0
CCACAGCTCAACAGCG,0
CCACAGGTACGATTCA,0
CCACAGTAAAAGACCA,0
CCACATAAATGGATGG,0
CCACATAAGCATGAGC,0
CCACATACAAACATTA,0
CCACATACCCACCTTT,0
CCACATATTTAAGAAT,0
CCACATATTTAATACC,0
CCACATCACAATTCAT,0
CCACATCAGCATGGGC,0
CCACATCTGTGATGTA,0
CCACATGCCCGCAAAT,0
CCACATTGGAAACGCA,0
CCACCAATTTAAAATA,0
CCACCACTTTTGGAAC,0
CCACCATATACATAAA,0
CCACCCAAAATTTACT,0
CCACCCACCTCAAACT,0
CCACCCATTTTACCAC,0
CCACCCCACAGAAAAG,0
CCACCCGAGTGTTTGG,0
CCACCGAAAATAACAT,0
CCACCGGAGCCTGCCA,0
CCACCGTCGTGACATA,0
CCACCTAAATAGAGAT,0
CCACCTAGTAATCAAC,0
CCACCTATTGTTCCGA,0
CCACCTGAGTCGTCAC,0
CCACCTTCGGCCACTT,0
CCACCTTTGGGTAACA,0
CCACGAAATTTAACAG,0
CCACGAATAATGTAAC,0
CCACGACATGTCCGAC,0
CCACGACCTTCACGAT,0
CCACGATAACACCCCC,0
CCACGATTCAGTGGAC,0
CCACGCACCGCAGTTG,0
CCACGCTACGCGCATA,0
CCACGGAGTAGCACAG,0
CCACGGCGATTAGGTT,0
CCACGGGCCGGTGATT,0
CCACGGTAATTTACTG,0
CCACGGTATATGGTTC,0
CCACGTACCTGTACAA,0
CCACGTATCGCCAAAG,0
CCACGTTCAGTCTCCA,0
CCACGTTCGATTGGTT,0
CCACGTTGCCTAACAT,0
CCACTAACAAAACTGA,0
CCACTAACGATCGTGA,0
CCACTAATAACCAACT,0
CCACTAATCGAAATGG,0
CCACTACCAAACGTCT,0
CCACTACTAAAAACGC,0
CCACTACTTGTGATTT,0
CCACTATACACCAGAA,0
CCACTATAGCTTCTGC,0
CCACTATCGGATATCA,0
CCACTCAGAAATTACC,0
CCACTGAAAATAACCA,0
CCACTTAGTACGCAAA,0
CCACTTGTTGGAGGGA,0
CCACTTTGCACCTATA,0
CCACTTTTAGATACTT,0
CCAGAAAATTGGCCAG,0
CCAGAAATAAGAACAT,0
CCAGAACAATCCCAAG,0
CCAGAACCGAGCATCC,0
CCAGAAGAACAAAATG,0
CCAGAAGGAAACCAGA,0
CCAGAATGAGCCTTCA,0
CCAGAATTATAGGGCG,0
CCAGACAGATGGAATC,0
CCAGACTAGGATGCAA,0
CCAGACTGGTATAAAT,0
CCAGAGAACATTCCAC,0
CCAGAGTAAGTAACAA,0
CCAGAGTCCAGCGCAT,0
CCAGAGTTAACGCCCT,0
CCAGATCATGTTGTCC,0
CCAGATCCCAACCTAC,0
CCAGATGAACAGATAG,0
CCAGATGAGGGCACAA,0
CCAGATTACATTAAAC,0
CCAGATTCAAGGCGAA,0
CCAGATTCTATCTAAA,0
CCAGCAAAATATATTA,0
CCAGCAAATATGGATA,0
CCAGCAACATCATCCA,0
CCAGCAATTAAAGCGT,0
CCAGCAGAAGCCATTT,0
CCAGCAGAGCGGTTAC,0
CCAGCAGTGGGGATGG,0
CCAGCATAGTTATGGA,0
CCAGCATCGATGAATA,0
CCAGCCCACTAGTACT,0
CCAGCCCCATCGCAGT,0
CCAGCGAGGTTGAATA,0
CCAGCGCTACACCCGC,0
CCAGCTAGCACTTGTA,0
CCAGCTCGACAATGCT,0
CCAGCTCGTATTATAT,0
CCAGGAAAGATAGCAA,0
CCAGGAGAATATGCGG,0
CCAGGAGGGCACAAAG,0
CCAGGATAACCAACAT,0
CCAGGCAAACGCAAAG,0
CCAGGCAAGCCCAGGA,0
CCAGGCACCGAGCAGG,0
CCAGGCACGTTTTTGT,0
CCAGGCCTTATAAATC,0
CCAGGCTATTACACGA,0
CCAGGGTAGCTGCATT,0
CCAGGTAGACGTGTTA,0
CCAGGTGTCTCTTCAG,0
CCAGTAAACTACCATT,0
CCAGTAACACGGAATT,0
CCAGTAACATAAGTCC,0
CCAGTAACGATACAAC,0
CCAGTAAGCCTATTAA,0
CCAGTATAAACCGAAT,0
CCAGTCAAAACATTAA,0
CCAGTCAAAACCCGAA,0
CCAGTCATAGAGACCG,0
CCAGTCCATGACACGG,0
CCAGTCTCTTCTATAT,0
CCAGTGCGCTGGCTGA,0
CCAGTGGATAAACAAA,0
CCAGTGTCAGCCCACA,0
CCAGTGTCCATTCCAC,0
CCAGTTACACACCATG,0
CCAGTTCAACCTGTAA,0
CCAGTTCTGAAACGTA,0
CCAGTTTTGCGTTATC,0
CCATAAAACAGTCAAC,0
CCATAAAACCCTAGTC,0
CCATAAACAAAACGAT,0
CCATAAACCACTAGAA,0
CCATAAAGCGGGAAGT,0
CCATAAAGTAAATTTG,0
CCATAAATTTGTATCC,0
CCATAACATACATATC,0
CCATAACGCCTAGATC,0
CCATAAGGGCCGAACA,0
CCATAATAACTCAAGA,0
CCATAATCTCTACTAC,0
CCATAATCTTGATAGG,0
CCATAATTGTTTACAA,0
CCATACAAGCTTATCT,0
CCATACACTCATACCC,0
CCATACATGATTGCTA,0
CCATACATTCAAAACA,0
CCATACATTCCGGGTT,0
CCATACCAGAGAACAA,0
CCATACCGCTGAGACA,0
CCATACTAATTCCCCA,0
CCATACTACTACGGTC,0
CCATAGAAAGTAAAAT,0
CCATAGACACATGTAG,0
CCATAGCACAAGATTG,0
CCATAGGAGTTCATTT,0
CCATATACGCGTAAAA,0
CCATATAGAAAACAAT,0
CCATATAGATGGCCAA,0
CCATATATAACATCCT,0
CCATATCACCAAGTGA,0
CCATATCGCCAATGGA,0
CCATATCGGTAAGCGA,0
CCATATCTCTTCGCGT,0
CCATATTATCTAAATA,0
CCATATTTCTATCCGA,0
CCATCAAAATAATCTT,0
CCATCAATCTGAATTA,0
CCATCAATTCAAAACT,0
CCATCAGGATAAACGT,0
CCATCATCAATATATC,0
CCATCATCGACCCGCG,0
CCATCCATTAAAAGTA,0
CCATCCCCAAAAGCTA,0
CCATCCCCCTGTTGCA,0
CCATCCGATAGGATCC,0
CCATCCTAAGGTCACC,0
CCATCCTGGGCTACGA,0
CCATCCTTGACATATA,0
CCATCGGTAGAAAGTA,0
CCATCGTAATACGAAA,0
CCATCTAAATAATACG,0
CCATCTCACCCTAAAA,0
CCATGACACGAAAGTC,0
CCATGATTGAACCCTC,0
CCATGCAACCTTAATT,0
CCATGCAAGGCTCATT,0
CCATGCCGCATACTTG,0
CCATGCGCTGACCTTA,0
CCATGCTAACGTGAGA,0
CCATGCTGTGTGGGAG,0
CCATGGAGAACTAAGG,0
CCATGGATCATGACAA,0
CCATGGATGATAGGTA,0
CCATGGCCGAATAGGA,0
CCATGTAAGACCAAGC,0
CCATGTAATAAATTGG,0
CCATGTACCAACGAAA,0
CCATGTGACTAATCTT,0
CCATTAAAAATTCAAT,0
CCATTACACACTCTAT,0
CCATTAGCAATTCTAT,0
CCATTATACAACACTG,0
CCATTCATGTACACGA,0
CCATTCGAAAATAGAG,0
CCATTCTAACATTATG,0
CCATTCTACTGCCTGG,0
CCATTGACGATAGTGA,0
CCATTGGGATCGAGAG,0
CCATTGTCAATTATGA,0
CCATTTAATCAAAGCA,0
CCATTTACAATGACCT,0
CCATTTATACGAGCAA,0
CCATTTCGTAGAAGCC,0
CCCAAAAACAACTACC,0
CCCAAAAACTAATAAT,0
CCCAAAAAGGTGGTCA,0
CCCAAAAATGTACGGT,0
CCCAAAACACTACAGC,0
CCCAAAAGACCTATAA,0
CCCAAAATACAAACCC,0
CCCAAAATGATAAAAA,0
CCCAAACAAAGAATAC,0
CCCAAACCCCGAGTTT,0
CCCAAAGAATATATAA,0
CCCAAAGCCATAACCA,0
CCCAAAGCGTTACAAA,0
CCCAAAGGAGAGGGGA,0
CCCAAAGTACATACTG,0
CCCAAATAAGGGATAA,0
CCCAAATGATAACCAA,0
CCCAAATGATAGCTAA,0
CCCAACCCATCAAATG,0
CCCAACGCTGGCTAAC,0
CCCAAGGACATGGCCC,0
CCCAATCGAATACTAA,0
CCCAATCTTAGTCTTT,0
CCCAATGTCCCTACGG,0
CCCAATTCTCTACACA,0
CCCACAAAGCGGGCGA,0
CCCACAATCAAAATCT,0
CCCACACAAAAAACAA,0
CCCACCACCCATGATA,0
CCCACCATAAAGGTAA,0
CCCACCATGAATTCAT,0
CCCACGATAAACTAAG,0
CCCACGGATGTATTTT,0
CCCACGTACTAATCTG,0
CCCACTAAAATGCATA,0
CCCACTAGGTAGATAC,0
CCCACTCATTAGTAAC,0
CCCACTCCCAAGGTTC,0
CCCACTCGAATCATAA,0
CCCACTGACAACATCC,0
CCCACTTAAATGGCTA,0
CCCAGAATGCATTCGT,0
CCCAGAGCAGGTAAAC,0
CCCAGAGCATTCAACA,0
CCCAGATTGTGCCCAC,0
CCCAGCACTCATTTTG,0
CCCAGCAGAACTCAAT,0
CCCAGCATAGCTACCA,0
CCCAGCATTAAAGCCC,0
CCCAGGACGACAAATT,0
CCCAGGATAAACTTAA,0
CCCAGGCAAGAAAATT,0
CCCAGGTCTATACGGG,0
CCCAGTATAGTGCAAT,0
CCCAGTGGTCATAACA,0
CCCAGTTCGGTTAACC,0
CCCAGTTTCTAGCGAA,0
CCCATAAGCATCAGAG,0
CCCATACGATTCCACA,0
CCCATATACTACTGTT,0
CCCATATTAATACATA,0
CCCATCACGACGGGAG,0
CCCATCACGCTAGCCC,0
CCCATCAGACCCACAA,0
CCCATCGATCAACACT,0
CCCATCGGACTAGCCT,0
CCCATGGTGACGATTC,0
CCCATGTACTCATAAA,0
CCCATGTGAAGATACT,0
CCCATGTTTGAAGAAC,0
CCCATTACAACCCAAG,0
CCCATTTACCTAACAA,0
CCCATTTCTCACGACT,0
CCCCAAAAATCTCCTT,0
CCCCAAAAATTCGTCA,0
CCCCAAATATTAAATA,0
CCCCAACAGATACAGA,0
CCCCAAGCAATTCCCA,0
CCCCAAGCCAGAAATT,0
CCCCAATCACCCGGCT,0
CCCCAATGAATTATTG,0
CCCCAATGGGGTCGTA,0
CCCCAATTCCTTAAAA,0
CCCCACACGTTTCATA,0
CCCCACATATCTCAAC,0
CCCCACATTTCCACAA,0
CCCCAGAGTACATAGC,0
CCCCAGATCTTGCCTG,0
CCCCAGCTAATGACGC,0
CCCCAGTTTTAAATAT,0
CCCCATACGGGTTCAA,0
CCCCATAGCTTCACCA,0
CCCCATCCAAATCGCT,0
CCCCATGCAAAGAATG,0
CCCCATGTCCTAGAAT,0
CCCCATTTAAGGCAGC,0
CCCCCAAGTTAGAATG,0
CCCCCAGAGATAACCT,0
CCCCCCCGCATGACCG,0
CCCCCCCTGGCACTGG,0
CCCCCCTATAGAATTA,0
CCCCCGACAATGTAAC,0
CCCCCGATGAATCTAG,0
CCCCCGGGCATAAACC,0
CCCCCTACAGCTTTCG,0
CCCCCTACGGTGGCAA,0
CCCCCTAGAATAAATG,0
CCCCCTTTTTAAGACG,0
CCCCGAATGCGTACTG,0
CCCCGATTAAAGAAAA,0
CCCCGCAAAAACCAAG,0
CCCCGCACAATGCATC,0
CCCCGCAGACGAAAGC,0
CCCCGTAGGCAGGATC,0
CCCCGTAGTATAAGGA,0
CCCCGTGATCACATTT,0
CCCCGTGGCGATAGGC,0
CCCCTAAATCCCCCGC,0
CCCCTAATAACGACCG,0
CCCCTAATCTGTTATT,0
CCCCTACACCCAGTTC,0
CCCCTACCAGTCACTG,0
CCCCTACTCAACCCTA,0
CCCCTCAAAGATATTA,0
CCCCTCAATGACTGAA,0
CCCCTCACTAAATAGC,0
CCCCTCATAAACACAA,0
CCCCTCCTCAACTCCC,0
CCCCTCCTTCGTCCCT,0
CCCCTGAGAACCAAAT,0
CCCCTTATAAGTGACA,0
CCCCTTATAATGAAAT,0
CCCCTTATATAAATTT,0
CCCCTTATCAGAGAAA,0
CCCCTTCATACAGATA,0
CCCCTTCATGCCTTAC,0
CCCCTTCGAATAAACT,0
CCCCTTTAATTGCTCA,0
CCCGAAAAAACAAACA,0
CCCGAAATATAGATTA,0
CCCGAACGGGAGCATA,0
CCCGAAGAACCCAGTA,0
CCCGAAGAGTGAAGAG,0
CCCGAAGATACTCAAT,0
CCCGAAGTAGAGAGAG,0
CCCGAATATACACACC,0
CCCGAATTACGGAAAA,0
CCCGACACTTACGGAT,0
CCCGACATCTTATGCA,0
CCCGACATTGACCCTC,0
CCCGACCTTCAGTAAC,0
CCCGACGAACCCCGGC,0
CCCGACTAGCGAAGCA,0
CCCGACTATTAACACG,0
CCCGATACACGCATTA,0
CCCGATACTCTCTGAC,0
CCCGATGAACTAAGGC,0
CCCGCAAAGACGGGTC,0
CCCGCAATTGAAAAGA,0
CCCGCACTCGGAGAAA,0
CCCGCATAAGACACTC,0
CCCGCCCAAGTTCTTC,0
CCCGCCTTCTCTGAAA,0
CCCGCGCATTCAGAAT,0
CCCGCGCGTCGATTCA,0
CCCGCGCTAAGAAACT,0
CCCGCTCTTGTATGCA,0
CCCGGAAAAAAATACA,0
CCCGGAATAATTCATT,0
CCCGGAATGCTAAGCC,0
CCCGGACACAATATAT,0
CCCGGACCCAAATATG,0
CCCGGCACAACAAACG,0
CCCGGCCCCCAAACAC,0
CCCGGCCTTATTATCA,0
CCCGGCTGAGCGCAGA,0
CCCGGGCCAGGTCCCA,0
CCCGGGTCAATAGAAT,0
CCCGTAAAAACCACTC,0
CCCGTAAATTACACAA,0
CCCGTACAACTAATCA,0
CCCGTACTTGACTGTA,0
CCCGTAGTAGCAAAAA,0
CCCGTATCTGTTAAAA,0
CCCGTCTGGAACAAAT,0
CCCGTGGCCCTCAAAG,0
CCCGTGTAATGGACAT,0
CCCGTTCTCCCGCAAT,0
CCCGTTGCTTCATCCC,0
CCCTAAACCCCTGCAA,0
CCCTAACATAACGAAA,0
CCCTAAGTCTATTTAT,0
CCCTAATCACAGTACA,0
CCCTACAAACCATTTG,0
CCCTACAATACTTGCA,0
CCCTACAATCTGTAGA,0
CCCTACCAAGATAAAT,0
CCCTACCCTTCATTCT,0
CCCTACCTTCATGGAT,0
CCCTACGACTAAGTAC,0
CCCTACTCGCCCCTCT,0
CCCTAGACATTTCAAA,0
CCCTAGGTATCAAGTG,0
CCCTATACAGCTACAC,0
CCCTATACCATTCTAT,0
CCCTATAGTAGACTAT,0
CCCTATATTACGACCA,0
CCCTATATTATTATCC,0
CCCTATCCGTTCCAGA,0
CCCTATGCATTATCAC,0
CCCTCAGTAAACACTC,0
CCCTCATTCCACCATC,0
CCCTCCACCCCCACCA,0
CCCTCCACTCCACTAA,0
CCCTCCCCTTACGACT,0
CCCTCCGTCCATTTAA,0
CCCTCGACGTCAGACT,0
CCCTCGACTGTAGAAC,0
CCCTCGCGAAACCACG,0
CCCTCGGGGGAGAAAT,0
CCCTCGGTCGAAGCCT,0
CCCTCTAGATGGCCAT,0
CCCTCTGGCCGCTAAT,0
CCCTCTTGAACAATTA,0
CCCTGAAATCCAAGAT,0
CCCTGACTGTCCGTAT,0
CCCTGATAGAAGAGGG,0
CCCTGCAATAAACAAA,0
CCCTGCCGCACGAGGT,0
CCCTGCGTTCTCTTAC,0
CCCTGGACTCGTATCA,0
CCCTGGAGCCATGTAT,0
CCCTGGATGAACCTCT,0
CCCTGTCAACTTTTTG,0
CCCTGTTGTAAAAGTT,0
CCCTTAACCTATACCT,0
CCCTTAAGAGTCCAAA,0
CCCTTACTAGGCCAAA,0
CCCTTAGCAAACCCCA,0
CCCTTATACTGACCTG,0
CCCTTATGGTGTGTAG,0
CCCTTCCCGTTGATAT,0
CCCTTCTCACAAGATT,0
CCCTTGAAAAACGAAA,0
CCCTTGACGCATTTGC,0
CCCTTGAGCTACTGAG,0
CCCTTGATATCCATTA,0
CCCTTGCATTCCCCGG,0
CCCTTTACTATAGAAC,0
CCCTTTATAATGGTGT,0
CCCTTTCAACCCTCCA,0
CCCTTTTTTAAGAGTA,0
CCGAAAACATTTATGT,0
CCGAAAATAAAGAATA,0
CCGAAAATAGTACGTG,0
CCGAAACATAACAGGA,0
CCGAAACCGAGCAAAA,0
CCGAAACCTCACAGTA,0
CCGAAATCAATTATAA,0
CCGAACAAAAACGATT,0
CCGAACATACGTACGG,0
CCGAACCACGGAACCA,0
CCGAACCGTAATAGCA,0
CCGAACGTTGTAAACA,0
CCGAAGAATCAGAGAT,0
CCGAAGAGTGAAAATT,0
CCGAAGTCATCACATG,0
CCGAATACTGTATAAA,0
CCGAATGAACATACCT,0
CCGAATTCCGACAATG,0
CCGACAACGGCGTGGA,0
CCGACAATATCCCACG,0
CCGACACATGTAGAAT,0
CCGACACGATCTTGAA,0
CCGACAGAAAACTCCA,0
CCGACATATGTTATTA,0
CCGACCAATAAAAAAT,0
CCGACCATAGATAACC,0
CCGACCGGGTGATATA,0
CCGACCTCAACGGAGC,0
CCGACCTCCGCTTACT,0
CCGACGATCAACAAGC,0
CCGACTATCAGAGCCC,0
CCGACTCCCCACGTCT,0
CCGACTGCTCGTAATA,0
CCGACTTAAAAACATC,0
CCGAGATAGTGCTTGC,0
CCGAGATCGAATCCTA,0
CCGAGATTCTTTATCA,0
CCGAGCTAACAAGATC,0
CCGAGGGATATCCAAA,0
CCGAGGTCACGTACAA,0
CCGAGTATCCGCTTCT,0
CCGAGTGATAGTGCAT,0
CCGAGTTACCACATAT,0
CCGATAACAACGAACA,0
CCGATACACCTAATCT,0
CCGATACGATCCAAGG,0
CCGATACGTGACCAGC,0
CCGATACTTAGTGAGT,0
CCGATAGGTGATGGTC,0
CCGATATAAACAGAAA,0
CCGATATATCTAACAG,0
CCGATATGGTCGATTA,0
CCGATCAAAAAGTAAA,0
CCGATCAACAAGTCAA,0
CCGATCAGGTACCCCA,0
CCGATCCCCGGAATTT,0
CCGATCGACACTGACA,0
CCGATCGACATTGCAA,0
CCGATCTTTATTATGT,0
CCGATGTCAGTAAGTC,0
CCGATGTCTAAAACTC,0
CCGATGTGCTAGATCA,0
CCGATTAACCAAGTAG,0
CCGATTATATTCTCCT,0
CCGATTATTCGAATAG,0
CCGATTCAACCGAGGC,0
CCGATTGAACTAATCG,0
CCGCAAATATGACAAA,0
CCGCAACCTAAAGTAG,0
CCGCAATAAAAGAAGC,0
CCGCAATCCTACTATG,0
CCGCACTGTTAGATTT,0
CCGCAGACACCAAATG,0
CCGCAGCAATAACTTC,0
CCGCATTGTTCCTTCT,0
CCGCCACAGAGCAACA,0
CCGCCACCAGACATGG,0
CCGCCAGGACATAACA,0
CCGCCATAATTAGCGG,0
CCGCCATGCTACATTA,0
CCGCCCAACCCACACC,0
CCGCCCAATGGTACGC,0
CCGCCCAGGCCAACAG,0
CCGCCCCGCTACTCAG,0
CCGCCCCGGCTCGACT,0
CCGCCGACTATGCCTG,0
CCGCCGATATTTGACC,0
CCGCCGCTGGCACAGA,0
CCGCCTATCAAAAACC,0
CCGCCTCACGTAACAC,0
CCGCGAAACCGCAGCG,0
CCGCGAGTACGGTTAT,0
CCGCGATAGGTTAGTC,0
CCGCGCAGCAGTACTA,0
CCGCGCCTTGGGATCC,0
CCGCGCGTTCGGCCTG,0
CCGCGGACTTTAACAG,0
CCGCGTATGATTAAAA,0
CCGCGTTTCATATAAT,0
CCGCTAAGGGCTTAAA,0
CCGCTATAAAAAACAA,0
CCGCTCTAGTTCGTTT,0
CCGCTGACGACTTAGA,0
CCGCTGAGAGTTATCA,0
CCGCTGCATAAGAATA,0
CCGCTGTTGTAAGACT,0
CCGCTTAAATTATTTA,0
CCGCTTTCAAAGAGAT,0
CCGGAACAGTCTGTCC,0
CCGGAACGCTTCCATC,0
CCGGAAGAACATTAGT,0
CCGGAAGGACGACGGC,0
CCGGAATATTGAACCC,0
CCGGACCATCGAAAAA,0
CCGGACTATATAACAA,0
CCGGAGAATCGAAGGT,0
CCGGAGCCGCTAAGAT,0
CCGGAGGAATTGTGAA,0
CCGGATCATCTGCATG,0
CCGGCACGTAGAAGCA,0
CCGGCCTAAGTAGTAC,0
CCGGCGAAGAAATTGT,0
CCGGCTATAAACTGAC,0
CCGGCTATATCTCCAA,0
CCGGCTTGAAGAGTTA,0
CCGGGAAGGAAAAACA,0
CCGGGACTTTACCTAT,0
CCGGGCCACCGCAGCG,0
CCGGGCCCTTCCCTTA,0
CCGGGCGTCTGGAAAC,0
CCGGGGATTAGATCGG,0
CCGGGTCCATACGCAC,0
CCGGGTCCTAGTAAAT,0
CCGGGTCGAGCGTACA,0
CCGGGTTCTAGAACCC,0
CCGGTAAATGATTGAA,0
CCGGTAAGCCATTTAC,0
CCGGTATACTGTATAC,0
CCGGTCATGTTGGTTG,0
CCGGTGGATGGTAGCC,0
CCGTAAAAATGAAGAC,0
CCGTAAAGAAACCTTA,0
CCGTAAAGCATAATTA,0
CCGTAATAAACAATTG,0
CCGTAATGCCTAGTAA,0
CCGTACGGGTGTTGAA,0
CCGTAGAAGGCCATCC,0
CCGTAGATTATGTAAA,0
CCGTAGGATCACCACG,0
CCGTAGTAAAATAGAC,0
CCGTATAATGAACAAG,0
CCGTATCGCCCCCCAA,0
CCGTATCGTTAGCACC,0
CCGTATGCAATGCAAG,0
CCGTATGGCTTAAAAC,0
CCGTATGGTAAATACT,0
CCGTATGTAATCAACT,0
CCGTATTACCGTTTAA,0
CCGTCAGAACCAGAGA,0
CCGTCAGAGACCGAAA,0
CCGTCATATTTTGAGA,0
CCGTCCGAAATAACAA,0
CCGTCCTGCCGGTGGG,0
CCGTCCTTCCAGAATC,0
CCGTCGTAAAACAAAC,0
CCGTCTAAGTAAACAT,0
CCGTCTCTACTAGTAA,0
CCGTGACGCTGAAAGA,0
CCGTGACTTTGGAATC,0
CCGTGCCTAATAATGA,0
CCGTGCGAAACCTCTG,0
CCGTGGAAGAGCAAAG,0
CCGTGGAATTTCCCGG,0
CCGTGGATTATTCTGT,0
CCGTGGCACACACGTC,0
CCGTTAAAAGCAAAAT,0
CCGTTACAAATGCAAA,0
CCGTTACAATCCCGAC,0
CCGTTATTAAGATGAC,0
CCGTTATTATTTAATT,0
CCGTTCACGTGCACAC,0
CCGTTCACTAGAAGAT,0
CCGTTCTAACTTAAAA,0
CCGTTGAACCACTGGT,0
CCGTTGATAAAAAACT,0
CCGTTGTATACAGAAC,0
CCGTTGTGACATTATA,0
CCGTTTACTGACTCAC,0
CCGTTTAGTAAATGGC,0
CCGTTTGACTTATTTG,0
CCTAAAAACAACTTTA,0
CCTAAAAACTTAAACA,0
CCTAAAACTCTACCCT,0
CCTAAAATTGTTACAT,0
CCTAAAATTTTAGAGA,0
CCTAAACCATGACTTA,0
CCTAAACCCCCGACAT,0
CCTAAACCTAAATCCC,0
CCTAAACGACTAACGT,0
CCTAAAGAGTAGTACT,0
CCTAAAGGATGAATAC,0
CCTAAAGGCACAGTCT,0
CCTAAATACAAACTGC,0
CCTAAATATCAATACA,0
CCTAAATGGAGTTCTC,0
CCTAAATTTTAATCCA,0
CCTAACAATGCAAACG,0
CCTAACACAGCTGAGA,0
CCTAACACATACTTAT,0
CCTAACACGCGGAAGC,0
CCTAACATTAATGTGC,0
CCTAACCAACAACTTC,0
CCTAACCCAACGCTTG,0
CCTAACGTCAGTAACA,0
CCTAACTAATATAGAC,0
CCTAAGAGCTTTACGG,0
CCTAAGATAAAGCAAG,0
CCTAAGATTAACTTAA,0
CCTAAGCAAGCCGACC,0
CCTAAGCCATAAGCAA,0
CCTAAGCGCTGAGTGG,0
CCTAAGTACATACAAA,0
CCTAATAAAATAGTGG,0
CCTAATAAAGAAAATG,0
CCTAATACCACGAAAT,0
CCTAATCCAGCTGCAA,0
CCTAATCCTCAAACCA,0
CCTAATCGAATGTCAC,0
CCTAATGTCTAGTCGA,0
CCTAATTGTGCACTCA,0
CCTACAAGAAGTATAT,0
CCTACAGCTCACGCTA,0
CCTACAGGGGTAAATA,0
CCTACCAAATTAATGG,0
CCTACCAATCTAAGAA,0
CCTACCATCAAAATGA,0
CCTACCCAATAGAACA,0
CCTACCCTGCTGACTA,0
CCTACGCCTGATTGAA,0
CCTACGGAACTCACCG,0
CCTACGTAGGAATCAG,0
CCTACGTCTACGCGGG,0
CCTACTGGTGTATGTT,0
CCTACTTCTACATGAA,0
CCTACTTTCATGAATA,0
CCTAGAACAAAGCGAT,0
CCTAGAACATTCGTCC,0
CCTAGAAGCATACTAT,0
CCTAGACATACAAAAT,0
CCTAGACATTTAAACA,0
CCTAGACTAACTAACT,0
CCTAGAGAATGATCAT,0
CCTAGAGCCTCGACCA,0
CCTAGATAAATAGGTG,0
CCTAGCACCAGAACCA,0
CCTAGCAGAAACGGGA,0
CCTAGCCCCTTCCAAC,0
CCTAGCCGTAAAAATC,0
CCTAGCGGAGGATCAA,0
CCTAGCTAACTTCTAC,0
CCTAGGAAATCGCACA,0
CCTAGGATACTGCAGT,0
CCTAGGTACAGAAGCC,0
CCTAGGTGCAAAACAA,0
CCTAGTCCGATAGGTA,0
CCTAGTTTCTACATTT,0
CCTATAACCATGCAAG,0
CCTATAACGGTTGTTT,0
CCTATAGCTCCGATCA,0
CCTATATACGAGTAGA,0
CCTATATCAATTCCGG,0
CCTATATTATTTAACT,0
CCTATCAAGAACTGGA,0
CCTATCGAAGCCCGAC,0
CCTATCTCAATCTAAA,0
CCTATCTTGTCACGGG,0
CCTATGAGCAGTAAGG,0
CCTATTACATAGGTTA,0
CCTATTACCTACCATC,0
CCTATTAGGCTCAAGC,0
CCTATTAGTAAGAGAG,0
CCTATTATACAACCTT,0
CCTATTTGTGACAAGA,0
CCTCAAACAGCGCCGT,0
CCTCAACAACTCGCGA,0
CCTCAAGAGGTTCGTG,0
CCTCAATCATACTGTC,0
CCTCAATTGATACTCC,0
CCTCACACGTACATGC,0
CCTCACACTTATCAAC,0
CCTCACAGAACACTAG,0
CCTCACGCAAAAACTG,0
CCTCACGCCATACGAC,0
CCTCACTCAATCAAAT,0
CCTCAGAGGACATTAA,0
CCTCAGCCGTGATTGA,0
CCTCAGCCTCGGAAGC,0
CCTCAGCTCCATACGC,0
CCTCAGTATCATGACA,0
CCTCAGTGACCAGAAA,0
CCTCATAAACTAGGTT,0
CCTCATGTCATAGGGC,0
CCTCCAAAGAGATTGG,0
CCTCCAAGAGATAACA,0
CCTCCAAGCTTTATAA,0
CCTCCCATACGTGTAA,0
CCTCCCCCCGTGTAAT,0
CCTCCCCTTATACCAA,0
CCTCCCTAACAACAAT,0
CCTCCGCCCCTGCACG,0
CCTCCTGAAAATGATT,0
CCTCCTGACAATCTAA,0
CCTCCTTACGGAGCAT,0
CCTCCTTGTTACCGGA,0
CCTCGAAATCCGACAT,0
CCTCGAGCCGCCAAGG,0
CCTCGAGTTTTGAACA,0
CCTCGGTACTGCATAT,0
CCTCGGTTTCCACGTA,0
CCTCGTAAAGCTTAAA,0
CCTCGTGATTGGCTCC,0
CCTCTAAATTATAGTG,0
CCTCTAACACAGTTAG,0
CCTCTACAGAAGTGGC,0
CCTCTACGCTACGCAC,0
CCTCTATCCGTGTAAA,0
CCTCTCACTGACTATG,0
CCTCTCGATACTAGAT,0
CCTCTCTAACAAGTAA,0
CCTCTGGATCGCCAAT,0
CCTCTGGCTATCTACA,0
CCTCTTGAGCAAAAGT,0
CCTCTTGATCTAAGTT,0
CCTCTTTGCTCGCTAA,0
CCTGAAAAAAGGAATC,0
CCTGAAATATCTACAA,0
CCTGAACACCTGACTT,0
CCTGAACAGTAGAAAA,0
CCTGAACATTAAAGCC,0
CCTGAAGACGCATAGA,0
CCTGAAGTCATGTCCC,0
CCTGAATATTCTCACG,0
CCTGACAATACCAGTC,0
CCTGACTGTATACTAT,0
CCTGAGAAATTAGTCC,0
CCTGAGCTGCGAGAAA,0
CCTGATACACGAGACG,0
CCTGATGGTATCGTTA,0
CCTGATTAAGGACAGC,0
CCTGATTGCTGCAGCT,0
CCTGCAACACTGGGGA,0
CCTGCACGGTGCATAT,0
CCTGCCTAAAAGACTT,0
CCTGCCTGTTCAAATG,0
CCTGCGGATCTACTTC,0
CCTGCTTTAACAACCA,0
CCTGCTTTTCATCGCA,0
CCTGGAAAAGCCACAC,0
CCTGGAACATATGCCC,0
CCTGGACCAAACCGAC,0
CCTGGACTGTAAAAAG,0
CCTGGAGTCACCATTG,0
CCTGGATATGCACCTC,0
CCTGGCAATAGACAAA,0
CCTGGCCCAACCACAG,0
CCTGGCCTCTCAAAAG,0
CCTGGGCATAGAAAAA,0
CCTGGGGCTCCGTGAA,0
CCTGGGTTCAATAGGA,0
CCTGGTATAGACTTAA,0
CCTGTAAAAATTCTAA,0
CCTGTACCACGAAATT,0
CCTGTCATCCCTCGCA,0
CCTGTCCGACAATAAA,0
CCTGTCCTACAAAATT,0
CCTGTCTCACAATCAA,0
CCTGTGACGTACCAGA,0
CCTGTTGAATTTTCCC,0
CCTGTTTTTTGGATTA,0
CCTTAAACCCCGCAAT,0
CCTTAAACGGCTTTCA,0
CCTTAAATACCCATCT,0
CCTTAAATACTCTCTA,0
CCTTAACATCTGACCG,0
CCTTAAGACCCAAGTT,0
CCTTAAGAGGATAGAA,0
CCTTAAGAGGCAATGA,0
CCTTAAGCACCACAAA,0
CCTTAAGTAGCAGCAG,0
CCTTACAAAGCCTGAA,0
CCTTACAGTTTACAGA,0
CCTTACATTAATGATC,0
CCTTACTATAGATAAA,0
CCTTACTCCTAGAAGG,0
CCTTAGAACATTGATA,0
CCTTAGCTCAGATTAG,0
CCTTAGGAAGAAGCCC,0
CCTTAGGTTCTACTAA,0
CCTTAGTACCTGTAAC,0
CCTTATACGTAACTAT,0
CCTTATGAGCCCTCCC,0
CCTTATGATTGAACTG,0
CCTTATGCTGAAGAAC,0
CCTTCACAGGAAAACT,0
CCTTCAGATATTTGGG,0
CCTTCATAAACCTTAA,0
CCTTCCAAACCTGGGA,0
CCTTCCAAGTCATACT,0
CCTTCCACCTTCGTAG,0
CCTTCCGCCTTCAAGA,0
CCTTCGAGTAACCCTC,0
CCTTCGCATCCAGAAA,0
CCTTCGCTTTAGAGAA,0
CCTTCGTCTCTAAAGG,0
CCTTCTCGAACATAGA,0
CCTTCTCTAGACAGTG,0
CCTTCTGAGGACATAC,0
CCTTCTTACCCTTACT,0
CCTTCTTAGAATCGAC,0
CCTTGAAAATAATAAG,0
CCTTGAATACGCAATT,0
CCTTGAATATATACCT,0
CCTTGACCTAAAAGCA,0
CCTTGACGGTTACCTC,0
CCTTGATTGGGGTAAT,0
CCTTGCATCAATGTAA,0
CCTTGCGAACGGCCAC,0
CCTTGCGCTGCTTAAA,0
CCTTGCTCTGGTCCGC,0
CCTTGGAATTTTACAC,0
CCTTGGGAAATTTTCT,0
CCTTGGGGCTCCATCT,0
CCTTGTACTCCGCCAA,0
CCTTGTGATTGTCCAA,0
CCTTTAAAATTTATCC,0
CCTTTAATGAAACAAA,0
CCTTTAGAAACACGGC,0
CCTTTATCAGCCCAAA,0
CCTTTCAAGTCAAACA,0
CCTTTCAGCCAAAGGC,0
CCTTTCCAATTGTCTC,0
CCTTTCGAGAGCCACC,0
CCTTTTAAAACCTCTT,0
CCTTTTAATAAGATAA,0
CCTTTTAATCTAAAGG,0
CCTTTTAGATACGTCA,0
CCTTTTAGGCTGGACG,0
CCTTTTCAATGGATAA,0
CCTTTTCGTTCAGGAG,0
CCTTTTGTCAAACACA,0
CCTTTTTATGTTCATA,0
CGAAAAAAGAACAACA,0
CGAAAAACTACGCTAT,0
CGAAAAAGCGTAATAG,0
CGAAAAAGCTCTGTCC,0
CGAAAAATAAACTCAT,0
CGAAAAATCGAGATAC,0
CGAAAACAATTTAAGG,0
CGAAAACACCTTCCTA,0
CGAAAACCTGGAGATG,0
CGAAAAGAGGAATAAT,0
CGAAAATCGGTAACAT,0
CGAAACATATTTCTGA,0
CGAAACATCAATAAGG,0
CGAAACCAATACCTCC,0
CGAAACCCGTATCATT,0
CGAAACCGTGTGGTAC,0
CGAAACGCATATACAC,0
CGAAACTAAGATCAAA,0
CGAAACTCCAAAGAAA,0
CGAAACTTTAAGAATA,0
CGAAAGCCACGACCGT,0
CGAAAGGCGACTCTCT,0
CGAAAGTAGCATGCCA,0
CGAAAGTATGGGAACA,0
CGAAAGTTAGTGACTC,0
CGAAATAGAGAACAGG,0
CGAAATATCTAGTGCA,0
CGAAATCTTAAATTTG,0
CGAAATGTCTATATTG,0
CGAAATTCTACCCATC,0
CGAAATTGCTTAAACC,0
CGAACAAAACGGCCTG,0
CGAACAATACCAAGCA,0
CGAACAATTCGCTATG,0
CGAACACAACGAAAAA,0
CGAACACAGGCCCGTA,0
CGAACAGTCCATTAGA,0
CGAACATAGCTATCAA,0
CGAACATCTTGAAAAA,0
CGAACCACAGTCGCAG,0
CGAACCAGTGGTGGAC,0
CGAACCATAAACTAGC,0
CGAACCATGACAACAT,0
CGAACCGTAATTTCAG,0
CGAACCTAAAAACACA,0
CGAACCTCATTATGGA,0
CGAACCTGGTTACTCA,0
CGAACGAAACCAAGGC,0
CGAACGAAAGAACACT,0
CGAACGCGAAGACTGA,0
CGAACGCGATCCCAGA,0
CGAACGCGGCAAACGT,0
CGAACGCTCTACCAAC,0
CGAACGGCATCCATGC,0
CGAACTACATTGATCT,0
CGAACTAGACTCGGAC,0
CGAACTCAATCATTTG,0
CGAACTCATCGTTCTT,0
CGAACTGCGAATTCCT,0
CGAACTGTTAGTCTAC,0
CGAAGAACAAATGATC,0
CGAAGAACAGTGCCGA,0
CGAAGAACTGGCATGG,0
CGAAGACTGATGTAAA,0
CGAAGAGGCAGATCAT,0
CGAAGAGTTATTCATA,0
CGAAGCATTCCAAGAG,0
CGAAGCGAAACACCGT,0
CGAAGCTTACTGTGTG,0
CGAAGCTTCTGCACGA,0
CGAAGCTTGCAACTAT,0
CGAAGGAATGGAGCCG,0
CGAAGGAGGTCTGGAT,0
CGAAGGAGTCTAAAGC,0
CGAAGGGCACTCTACT,0
CGAAGGGGTCGAATAG,0
CGAAGTCAGACTTCTA,0
CGAAGTTAACAAATTG,0
CGAAGTTACTCAAAAA,0
CGAATAAACCATATAA,0
CGAATAAATGCGTTGG,0
CGAATAACCTGTACTC,0
CGAATAAGACTAATGT,0
CGAATAATCAACCCTT,0
CGAATAATGAAGCTAC,0
CGAATACACATCACAA,0
CGAATACATCAATTTG,0
CGAATAGTAAGGGAGC,0
CGAATATAATTAGCTT,0
CGAATATATAAAAAAA,0
CGAATCACCACGTTAT,0
CGAATCATAAAGAATA,0
CGAATCGATTTCGGAT,0
CGAATCTCAAGGAGAA,0
CGAATCTCCAAATCAT,0
CGAATGAACCCGATTG,0
CGAATGCTTGATTATA,0
CGAATGGCTTGAGAAT,0
CGAATGGTGTCCCCCC,0
CGAATTAGAATCCAAC,0
CGAATTAGTAATAGAT,0
CGAATTCCAATAGAAG,0
CGAATTGGCAACAGTA,0
CGAATTGGTACCATAA,0
CGAATTTCCGATTAAA,0
CGAATTTCCTTCAAAT,0
CGACAAAACTAACCAG,0
CGACAACACCTCAGGG,0
CGACAAGAGGACCATG,0
CGACAAGAGTTTAATA,0
CGACAATAACGGAGCT,0
CGACAATACTCATCTA,0
CGACAATTGTTTGACA,0
CGACACCCATATTTAC,0
CGACACCGCTTGCCTG,0
CGACACTAACCTGCGC,0
CGACAGAAGACGTGGT,0
CGACAGAATATAAAAC,0
CGACAGACCTAGTATC,0
CGACAGGACCACGAAC,0
CGACAGGCGAAAGGAA,0
CGACAGGCTAAGTGAC,0
CGACAGGTCTCATTCC,0
CGACAGTCATCTTATG,0
CGACATAAAACCATGG,0
CGACATATACTCCGCT,0
CGACATATTGGACACT,0
CGACATGATGCTGAAC,0
CGACATTATGATGGGG,0
CGACCAAATAATCCTT,0
CGACCAATGCCGACAT,0
CGACCAGTCTTAATTT,0
CGACCATGTCTGTGAA,0
CGACCCCACTGCCTAT,0
CGACCCCCATAGTTGC,0
CGACCTAAACACAAGA,0
CGACCTACTCACCACA,0
CGACCTTAAATCTACA,0
CGACGAAAGAAGGCTA,0
CGACGAATTGGACCAA,0
CGACGACATATAAAGG,0
CGACGACATTAATGAT,0
CGACGCCCATCGAGCT,0
CGACGCTACACTGTTC,0
CGACGGCTCAGGTCAT,0
CGACGTAAAATGTAAT,0
CGACGTACACCCATAT,0
CGACGTCAAGCAGAAA,0
CGACGTGATGTACAAT,0
CGACGTTGGCCAAGTA,0
CGACTAAAAACGTGGT,0
CGACTACAAAAAACAA,0
CGACTACGTACTTTAA,0
CGACTCTGACACGGAA,0
CGACTGACCTGAGAAC,0
CGACTGATGAAGTACC,0
CGACTGTATTGGATAC,0
CGACTTAAAAATTAGC,0
CGACTTATATTTTGTT,0
CGACTTCTACCTAGGC,0
CGACTTGCTTGCATAA,0
CGAGAAACAGATGTTT,0
CGAGAAAGAAACCCTT,0
CGAGAAAGCAGGCTTA,0
CGAGAATCACGGCAAT,0
CGAGAATGTGACAAAC,0
CGAGAATTCACCCTGT,0
CGAGACAACAAAGGTA,0
CGAGACAAGCTAGAGA,0
CGAGACGGGAACAAAA,0
CGAGACTATGTGCAAA,0
CGAGACTGTAATAGTA,0
CGAGACTTCCTACATT,0
CGAGACTTTCCAACCA,0
CGAGAGCCTGAAAATA,0
CGAGAGCGCAAAAACC,0
CGAGAGGACTTGACAA,0
CGAGAGGGGAAATATG,0
CGAGATAGACCGACTG,0
CGAGATAGCCGTAGAG,0
CGAGATGAATTGGGAT,0
CGAGATTGGATGAACA,0
CGAGCAAAACACGCAA,0
CGAGCAACATAATCTA,0
CGAGCACAGGACCTAA,0
CGAGCACATTATTCTA,0
CGAGCACGCAACGCAT,0
CGAGCAGATAATTTTT,0
CGAGCCCGCCATAGTC,0
CGAGCGATAGTAAAAG,0
CGAGCGCGTGACTAGT,0
CGAGCGTCAAACAAAA,0
CGAGCTACCGATGTAC,0
CGAGCTATGATCACAA,0
CGAGCTCTGAGCCTCG,0
CGAGCTGGGCAGAAGT,0
CGAGCTTTAATCAAAC,0
CGAGGAATATGCCGCA,0
CGAGGATAAACCTTCA,0
CGAGGATATTCAAAAG,0
CGAGGCGACAAACATG,0
CGAGGCGATGGTACCG,0
CGAGGGGAGAATGACC,0
CGAGGGTCCCAGGCAC,0
CGAGGTACCCAGGAGC,0
CGAGTAAATATGATTT,0
CGAGTACATCTGTTTA,0
CGAGTACCGGCAAAAC,0
CGAGTACGACTTAAAT,0
CGAGTATAAAAAAGTC,0
CGAGTCCACTCTACCT,0
CGAGTCGCAATTTCTT,0
CGAGTCGTAAGCCCTC,0
CGAGTGATGAAACAAA,0
CGAGTTAAAACTGCTG,0
CGAGTTATTCATGCAC,0
CGAGTTTACTAATTGG,0
CGAGTTTGGTACTACA,0
CGAGTTTTAATCCCTC,0
CGATAAAAACGTCAAC,0
CGATAAAAACTAACCG,0
CGATAAACACGCACAC,0
CGATAACATGAAGACA,0
CGATAACCCCGAGTTA,0
CGATAACGGAATTGGG,0
CGATAACGTGGATAGA,0
CGATAAGAAGAAAATC,0
CGATAAGCGCACATAA,0
CGATAAGGGATCCAAA,0
CGATAATGCAAACCGT,0
CGATAATGCGCGTTCA,0
CGATAATTATTGAAAT,0
CGATACAAACCAGATG,0
CGATACAACACCTGCC,0
CGATACATAAGCACCC,0
CGATACGTTTATGCAT,0
CGATACTCGGTCATGT,0
CGATAGTTTTTGTAAT,0
CGATATCTATGTTAGC,0
CGATATGAGATGGCGA,0
CGATATTCATGGTGAA,0
CGATATTTCGCTTAAG,0
CGATCAAAAATTGCCC,0
CGATCAATAATATGCA,0
CGATCATGAATAAGAG,0
CGATCCGAAACTTCTA,0
CGATCGCGAGAAGGTC,0
CGATCGGTTAACGGAG,0
CGATCTAGGCCGTGCA,0
CGATCTAGTACAAAAG,0
CGATCTATCGCCATTT,0
CGATGAGCAATAATCA,0
CGATGATCATTAAACC,0
CGATGCAAAGTCTAAA,0
CGATGCAAATGCAAGA,0
CGATGCAGAAAAATGC,0
CGATGCATAGCGGTGT,0
CGATGGAAGTTGAATG,0
CGATGGAATACACTAT,0
CGATGGAGACGCTAAA,0
CGATGGAGATAATATT,0
CGATGGCAACCATAAT,0
CGATGTACCAAGAAAA,0
CGATGTATTAACAAAG,0
CGATTACGCTGTACTA,0
CGATTAGGTATACATT,0
CGATTAGTTTGAACCG,0
CGATTATAATTACTTA,0
CGATTATTCCAAGTTG,0
CGATTCACATCTGCCA,0
CGATTGACTACAGTCC,0
CGATTGTTGCTAGGAC,0
CGATTTAAGCGCTGTT,0
CGATTTATAGAACAAC,0
CGATTTGTGATATCTT,0
CGATTTTGTCACCAAG,0
CGATTTTTATACCTTT,0
CGCAAAAAGACCTTCA,0
CGCAAAAGATTGAAAA,0
CGCAAACAGAAATAGG,0
CGCAAACCATAAACTT,0
CGCAAACCGGACTAAA,0
CGCAAAGCAGGAAACA,0
CGCAAATAACTCAACA,0
CGCAAATCTACTGATG,0
CGCAAGAACCGGCACC,0
CGCAAGTCCTCAAGAC,0
CGCAATACCATACCTG,0
CGCAATACGCAACAAT,0
CGCAATCATTACTGAA,0
CGCAATCGTAAACATG,0
CGCAATCTCATGCCTC,0
CGCAATGACCCGACAA,0
CGCAATGCTGATTAAG,0
CGCAATTAGACCATTA,0
CGCAATTGGCTAGGCT,0
CGCACAACTAACTATG,0
CGCACACAAACATACG,0
CGCACACATTGAGAAT,0
CGCACACGTTAACATA,0
CGCACACTCTAGTAAA,0
CGCACAGTTCTCTATT,0
CGCACATTGAGAGTCC,0
CGCACCACAAAATGGA,0
CGCACCGTCTAAAAAA,0
CGCACCGTTTCTATTG,0
CGCACGATCCTTCCCA,0
CGCACGCACAGGGAGG,0
CGCACTTATGAAAAGT,0
CGCACTTGTGATACAT,0
CGCAGACGAGACTAAG,0
CGCAGAGCGGTCAGCG,0
CGCAGATCGACTACAC,0
CGCAGCGCAAATGCCC,0
CGCAGCGGACCTAGAT,0
CGCAGGTGGTAAAATA,0
CGCAGTAGGGCATTTA,0
CGCAGTATTTACGTCA,0
CGCAGTCTGCCTCCAG,0
CGCAGTTACTTCCCAA,0
CGCATAAATAATGATG,0
CGCATAACATAAGAAC,0
CGCATAACCTAAATGA,0
CGCATACACAAAGCCT,0
CGCATACGTTTGGAAA,0
CGCATCACTGCGCACA,0
CGCATCGATACAAAGC,0
CGCATCTTCCATGGTA,0
CGCATGAAACCATCTA,0
CGCATGCAATCTAAAA,0
CGCATGCGTCTTTGAT,0
CGCATTAAATTGAGAA,0
CGCATTACCCTCCTGA,0
CGCATTAGTCAATGAA,0
CGCATTATGAATTGAA,0
CGCATTGCAGGACAGA,0
CGCATTTGTTACGTGT,0
CGCCAAAAGTTGATTT,0
CGCCAACCGAATTTAC,0
CGCCAACTACCAGCAA,0
CGCCAATAATGCATAA,0
CGCCACCAGCAGAACG,0
CGCCACTCACCAGCAC,0
CGCCAGAGGACTGCAA,0
CGCCAGGCCAAATTCT,0
CGCCAGGGTTTTGGCC,0
CGCCAGGTGAAAGATA,0
CGCCATAAAAGACATG,0
CGCCATACGTAGAAAG,0
CGCCATCGATTTAAAT,0
CGCCATTTTCGAAGCA,0
CGCCCAACAATGCCTT,0
CGCCCAATTCTGGATG,0
CGCCCACAAATCAAAT,0
CGCCCACAGTCCAATA,0
CGCCCCAAAATATCGT,0
CGCCCCCTAGTTGGCA,0
CGCCCCTGAGAATGTT,0
CGCCCGGAATGACTAC,0
CGCCCGTTTCGCTTGG,0
CGCCCTTCCACTCTCC,0
CGCCGAAACATATAAA,0
CGCCGAAGTAGTACAT,0
CGCCGAGCATCTGGTT,0
CGCCGATAATATACTA,0
CGCCGATTGCAACCAA,0
CGCCGCAAATATATAT,0
CGCCGCGTACACAATT,0
CGCCGCTACCGATACA,0
CGCCGGAGCCATTACA,0
CGCCGGATGAGTGGAT,0
CGCCGGTGATAGAGAG,0
CGCCGTCCTATATTAA,0
CGCCGTGCCTCATTAC,0
CGCCTACAGATCTGAC,0
CGCCTACATTTGGTCG,0
CGCCTAGATACTTAAC,0
CGCCTAGTGAATAAGT,0
CGCCTCGGAAATCTAG,0
CGCCTGAATATTAGAC,0
CGCCTGAGGAACAATC,0
CGCCTTACAAGGTCGC,0
CGCCTTACATAAAGTG,0
CGCCTTGACTTAAGAA,0
CGCCTTTAGTACTCCT,0
CGCCTTTATCACCTAT,0
CGCGAAAGATCTCATC,0
CGCGAACAGAAACAGA,0
CGCGAATGGATTTCTC,0
CGCGACCTACTTGACA,0
CGCGAGAATTGCAAAA,0
CGCGAGGCATAAACTT,0
CGCGATAATATTCAAT,0
CGCGATCTAAGTCGAT,0
CGCGCAAAAAATTGTC,0
CGCGCAAAGAATAAAA,0
CGCGCAAGATGCCCTA,0
CGCGCAATTAGAAACA,0
CGCGCACGCCCATAGA,0
CGCGCACTGAGAGAAC,0
CGCGCATGTCACGGCA,0
CGCGCCAATCTTGATC,0
CGCGCCCGTTATAGGG,0
CGCGCTTCCGACAAGT,0
CGCGGAAAGCACGCAG,0
CGCGGCATCGCTCCTC,0
CGCGGCTATAACATAT,0
CGCGGGTAAGAATGCT,0
CGCGGGTCGGTCTAGT,0
CGCGGTCAATCTGGCA,0
CGCGTAAGTGTTAATT,0
CGCGTATCCATTAAAA,0
CGCGTCCAGATTATGC,0
CGCGTCGGCGGTGGAC,0
CGCGTGGCCAACATGT,0
CGCGTTCGGAAGCCCA,0
CGCTAAACATTGAGCA,0
CGCTAAACTACAAAGA,0
CGCTAAACTCGAAATC,0
CGCTAACAGACCAGCT,0
CGCTAACTGGGTACGC,0
CGCTAAGCTCATAAGC,0
CGCTAATAATAATGTT,0
CGCTAATCCAGAGGCC,0
CGCTACAATCCAAAAT,0
CGCTACACTTAACGTC,0
CGCTACCAGGCTGAAA,0
CGCTACCGCAGAGAAC,0
CGCTACCTGAACACAG,0
CGCTACTGATAAAAAC,0
CGCTAGGTACCCTTGC,0
CGCTATATAAATATTA,0
CGCTATCTGCTTGTTT,0
CGCTATTACGATTATA,0
CGCTCAATCGGCCTCA,0
CGCTCACCCCGAAGGC,0
CGCTCACGCATCACAT,0
CGCTCCATAGACCTAA,0
CGCTCCATCGCTTCAG,0
CGCTCGAAAAAATTTA,0
CGCTCGACGCTCAAAG,0
CGCTCGAGACACAATG,0
CGCTCGCACCTCACTA,0
CGCTCGCTTATGGAAC,0
CGCTCTAGCCATGAAA,0
CGCTCTCATCTGGTCG,0
CGCTGAAAAAGTAACC,0
CGCTGACGAAGTAATC,0
CGCTGACTCAAAGAAA,0
CGCTGATTATATCAAG,0
CGCTGCCCGGTTAATT,0
CGCTGCGATAATAGTA,0
CGCTGCTGCCACCCGG,0
CGCTGTGTTAATGACA,0
CGCTGTTCTCAACGTC,0
CGCTTAAGAATACCCA,0
CGCTTAAGTTACAACT,0
CGCTTAATCAAATCAA,0
CGCTTACGGAACTAAC,0
CGCTTCACCAGATAGA,0
CGCTTCCCGGACCAAG,0
CGCTTCCTATATACGT,0
CGCTTCTGAACATAGT,0
CGCTTGCTAGGTGACA,0
CGCTTGTCTTTAAAAG,0
CGCTTGTGTACCCTCA,0
CGCTTGTTTCCTTAAA,0
CGCTTTAACTACTCTC,0
CGCTTTCAAGTACCCT,0
CGCTTTTGACTGTTAT,0
CGGAAAAACACAAACA,0
CGGAAAACGTCCGTTG,0
CGGAAAATTCCATAGG,0
CGGAAAATTTCCGGTT,0
CGGAAACTCAGTTTCC,0
CGGAACTAAACCCATC,0
CGGAACTAACATACCG,0
CGGAAGCCTACCTTGG,0
CGGAAGGTGCATAAGG,0
CGGAATAAACTCAAGC,0
CGGAATATAAGACCTC,0
CGGAATATACGTCAAG,0
CGGAATATTTAGGTTG,0
CGGAATCCATGCTATA,0
CGGAATCGCATCCACA,0
CGGAATGAAATACAGT,0
CGGACAAAGCCGTGTC,0
CGGACAACACCCCTTT,0
CGGACAACTAATGCAT,0
CGGACAAGAGCTTCTC,0
CGGACACGCCCACTTT,0
CGGACATCGACCTGAC,0
CGGACATGGACTAAGC,0
CGGACCCGCGGGCAGT,0
CGGACCCTACTAAGGA,0
CGGACGAACGGGTATA,0
CGGACGACCATAAATC,0
CGGACGTGCAAGCCGT,0
CGGACTCCAGAGGGGA,0
CGGAGAACTTCCGATT,0
CGGAGACGAACCGAAA,0
CGGAGCACTCGACAAT,0
CGGAGCAGTGAGTAAT,0
CGGATAACGATGAAGC,0
CGGATAATAACATTTT,0
CGGATACTCAGTCAAA,0
CGGATCAATCCTTAGA,0
CGGATGAACATAAGAA,0
CGGATGAGTATCAGAC,0
CGGATTAACCCGCGAT,0
CGGATTAAGATAAAGA,0
CGGATTAGCAAAATCT,0
CGGATTCATTTAAGCA,0
CGGATTGACTCCTCGA,0
CGGCAAAACTCACTAA,0
CGGCAACACAAAGACT,0
CGGCAACTAGATAAAC,0
CGGCAATAATGACACA,0
CGGCACCGATAAAAGA,0
CGGCACTTGACCAAGC,0
CGGCACTTGACTATGG,0
CGGCAGAAAGACTCAT,0
CGGCAGAGAGTATAGA,0
CGGCAGCACGATCACT,0
CGGCATAAGCCTATTT,0
CGGCATAAGGCACGGT,0
CGGCATCATTAGTGAT,0
CGGCATGCGCCCGCAA,0
CGGCATTGTAACGGCT,0
CGGCATTTACCAACAC,0
CGGCCAAAGCACCAGT,0
CGGCCAAGCCTTTTCT,0
CGGCCCACCAATATAA,0
CGGCCCTAAAGGTCCT,0
CGGCCCTACAACCTAA,0
CGGCCCTCGTGAAGTT,0
CGGCCTAGATCCCACG,0
CGGCCTCAAAAGCTGC,0
CGGCCTGAACTAGGCT,0
CGGCCTGAATCAAATT,0
CGGCGAACGCGAGACC,0
CGGCGAACTAAGAAGT,0
CGGCGACCTCGACTTA,0
CGGCGATATACCATCA,0
CGGCGCCGACATTGCC,0
CGGCGCTTCTGACAGA,0
CGGCGTAGAGTTGCAA,0
CGGCTATATCAACCTG,0
CGGCTCTAAGTAACTA,0
CGGCTGACCCCGTCCG,0
CGGCTGCTGAGCTACT,0
CGGCTGTGAATTAAAT,0
CGGCTTTTAATGTATA,0
CGGGAAATCTACCCCA,0
CGGGAACCATACAGTG,0
CGGGAACCATGCCCAT,0
CGGGAATAACCTGTCA,0
CGGGAATGTCAATAAG,0
CGGGACAAACAGCGCG,0
CGGGATCAACAACTAC,0
CGGGCATGAATGTAAA,0
CGGGCCCAGTACACAA,0
CGGGCTTCTTTCTAAT,0
CGGGGAATAACGTTTT,0
CGGGGCACAACGGAAA,0
CGGGTACACAGAAATT,0
CGGGTGACCGCTGTAT,0
CGGGTGGCACATTTTG,0
CGGGTTAAAGACTGCA,0
CGGGTTCTAAACGCAA,0
CGGGTTGGATATTAGA,0
CGGTAAATTGCACTCA,0
CGGTAACACGAAACTA,0
CGGTAACTCGAATGTA,0
CGGTAATGGTGTTAAC,0
CGGTACAATCAGGAAC,0
CGGTACACACTACATT,0
CGGTACAGACAATCAG,0
CGGTACTATCACTCGA,0
CGGTATAAAACAAGAT,0
CGGTATATGAATAGTC,0
CGGTATCATAGTCACA,0
CGGTATGGGTAGCAAG,0
CGGTCAAAAAAAGGAT,0
CGGTCAACAAGCCGAA,0
CGGTCCTGCGCCGAAC,0
CGGTCGGTAACGCGAG,0
CGGTCTCTAATACTCA,0
CGGTGACGATAGCACG,0
CGGTGCTATAACAGGC,0
CGGTGGAACGCGGAGA,0
CGGTGGAATCGCGAAA,0
CGGTGGACCAAGCCCT,0
CGGTGGAGTGGATTAA,0
CGGTGGGTGTTAAGAA,0
CGGTGGTTTAGGATGC,0
CGGTGTATAGACGCCA,0
CGGTGTCCCGTGAAAA,0
CGGTGTGTACGGTATA,0
CGGTTAAAGCGGGTTA,0
CGGTTAAGATGAAACA,0
CGGTTACTCAAGCAAT,0
CGGTTGGAGAGTAAAG,0
CGTAAAACCAAGCGTC,0
CGTAAACATAAAAACC,0
CGTAAACTCGCCCTAA,0
CGTAAATAACGACCCA,0
CGTAAATAGTACTCCC,0
CGTAACAACCGGTGTC,0
CGTAACCATATAATGC,0
CGTAACCTCACGTAAA,0
CGTAACGGTTATTATA,0
CGTAACGTTTATATTT,0
CGTAACTAAAGCGGAG,0
CGTAACTGAATCTGAG,0
CGTAAGAAAATTTCGA,0
CGTAAGAAGTTCTCGA,0
CGTAATATCTTACATG,0
CGTAATGAACCGAGAA,0
CGTACAAGTTAACGGT,0
CGTACAGCACGAATAC,0
CGTACAGCTGCTATGG,0
CGTACATATCTGACCG,0
CGTACATATTCCCAAT,0
CGTACCCACGTGCTGG,0
CGTACCCTGTACGCAT,0
CGTACCGAACCTGTAA,0
CGTACTAAACATACAG,0
CGTACTACACCCAAGT,0
CGTACTACCGTTCACA,0
CGTACTAGGAACCGCC,0
CGTACTCCGTACGATT,0
CGTACTGTATACACCA,0
CGTAGAAAAATGAACT,0
CGTAGAAGGAAAAAGA,0
CGTAGATACCGAGACC,0
CGTAGATACTTACTTA,0
CGTAGCAAGCTAAGCA,0
CGTAGCGAAATAAACA,0
CGTAGGAGACTCACAC,0
CGTAGGTCTTATATTA,0
CGTAGTAATCGACCAT,0
CGTAGTATTGGCTAAA,0
CGTAGTGAAACACACA,0
CGTAGTGACCGAACAA,0
CGTAGTGATATTACAA,0
CGTATAAATTCTAGAA,0
CGTATACCGTGACCGC,0
CGTATACTGTTTCCTT,0
CGTATATATCCATAAC,0
CGTATATTATGTATTC,0
CGTATCAATGTCTACA,0
CGTATCCTACCTCATT,0
CGTATCGAGAACCACA,0
CGTATCTACCGAACAC,0
CGTATGCCTGCACATA,0
CGTATGCGCTGCACAA,0
CGTATGGCTAGCACCC,0
CGTATGTTTAAAGACG,0
CGTATTAACTAATACT,0
CGTATTACCGGCGTGT,0
CGTATTACGCTTGTAG,0
CGTATTATAACGTGCT,0
CGTATTCATATAGGCC,0
CGTATTGAACTGATCT,0
CGTATTGCATAACATA,0
CGTATTGTCATGGTAC,0
CGTCAATCAACCACCC,0
CGTCAATGTAAAAAAG,0
CGTCAATTAAACATTA,0
CGTCACAAACAACTTG,0
CGTCACAAGCCGTAAA,0
CGTCACGACAGATGTC,0
CGTCAGAATTACCCAA,0
CGTCAGACCTAGGAAT,0
CGTCATAATACTCTCG,0
CGTCATGAATTCACCT,0
CGTCCATGCAATTGTA,0
CGTCCCATTTTATCGC,0
CGTCCCCCGTGACACC,0
CGTCCGACCACGACAG,0
CGTCCGGACATAACCT,0
CGTCCGTACTGAAATT,0
CGTCCTAAATCTGTCT,0
CGTCGAAGCTACAACC,0
CGTCGCATATAAAGAC,0
CGTCTAAACAGTAAAA,0
CGTCTAAATGGTAAGG,0
CGTCTACAGACACCGA,0
CGTCTAGCAATGAAAC,0
CGTCTCCTGCTATTTA,0
CGTCTCTCTTTGGGAA,0
CGTCTTACTATACAGG,0
CGTCTTATAGTGTTTC,0
CGTCTTCTACAAATCG,0
CGTCTTGATAAATGTC,0
CGTCTTGGAAGTATGT,0
CGTCTTGTATGAAACC,0
CGTGAAAGACCAGCAC,0
CGTGAAAGTAAAGATC,0
CGTGAACGGAACCCTG,0
CGTGAAGAAAATTCCA,0
CGTGAGACAAAATCGA,0
CGTGAGATTTCAAAAG,0
CGTGATAACTCCAGCC,0
CGTGATATACGAATAA,0
CGTGATCTACCTAAGA,0
CGTGATTTAGACATCT,0
CGTGCAAGAAACTGCG,0
CGTGCCAAAATGAACA,0
CGTGCCCGAAGTTAAT,0
CGTGCGATTGAAAGCT,0
CGTGCTGACCTAGGTC,0
CGTGCTGTCTACAACA,0
CGTGGACCTAATACCC,0
CGTGGACTCGTCGATT,0
CGTGGTACCGAAACGC,0
CGTGTATCGAGGAGAC,0
CGTGTCAAATAATTAA,0
CGTGTCATGAGAACAA,0
CGTGTTATAATGTAAT,0
CGTGTTCAAAAAAGTA,0
CGTGTTCGGCACACTT,0
CGTGTTTCTCTATAAT,0
CGTTAAATCAATTGCT,0
CGTTAATCATACCACG,0
CGTTACCTTTTCAAAG,0
CGTTACTAATTAGGTG,0
CGTTAGCGGTCGCATG,0
CGTTAGTCTTATTAAA,0
CGTTAGTTAATCTGTA,0
CGTTATAGCAACATAA,0
CGTTATAGCTTACATA,0
CGTTATGCGACCCGTG,0
CGTTATGGCATTACCC,0
CGTTATTATTGGCCTT,0
CGTTATTGAGAATGCC,0
CGTTCAACAAAGGTGA,0
CGTTCAATACCTCCGT,0
CGTTCACACACCTGTG,0
CGTTCACGGATAATTG,0
CGTTCATAACAAACCA,0
CGTTCCTGTACCATAG,0
CGTTCGACGCACACTC,0
CGTTCGGAGAAATCTA,0
CGTTCGTTGCCTGTTA,0
CGTTCTAACGAATTGA,0
CGTTCTAATCTAGCGC,0
CGTTCTCAAAATTCAA,0
CGTTCTCTAATCAAGC,0
CGTTCTTATTTTTGCA,0
CGTTCTTTACACCTGT,0
CGTTCTTTCGCCTGTG,0
CGTTGAAAGATATACA,0
CGTTGAATTTAAATTA,0
CGTTGACAAACATAAC,0
CGTTGACATTTCTTCA,0
CGTTGACGGGCAATTT,0
CGTTGCCCCGATATGA,0
CGTTGCGCCCATAACA,0
CGTTGCGGACGCATTG,0
CGTTGGATGAATTGAG,0
CGTTGGCCTCTCAAAT,0
CGTTGGCGCGTCCCGC,0
CGTTGTACAAAACCCA,0
CGTTGTCCAGTAACTC,0
CGTTTAGAGAGGTACC,0
CGTTTAGTATTGATGC,0
CGTTTATTTAACATAA,0
CGTTTCAAACAACTCC,0
CGTTTCGATAACACGA,0
CGTTTGCACCCCAAAG,0
CGTTTTAAACTACGGT,0
CGTTTTCATCAGCCAA,0
CGTTTTTATGCTACAG,0
CTAAAAAAAAATTAAG,0
CTAAAAAACCAAAAAT,0
CTAAAAAATGGCGTCA,0
CTAAAAACTAATAAGT,0
CTAAAAAGCTTTCTAG,0
CTAAAACATGATGTTT,0
CTAAAAGAGTAACATC,0
CTAAAAGCACGCACCG,0
CTAAAAGCTAACGGAC,0
CTAAAATAAACTTCCT,0
CTAAAATAGACGATAT,0
CTAAAATATAAAGGAT,0
CTAAAATCATATGTCC,0
CTAAAATTGAATAACC,0
CTAAACAAAACTTACC,0
CTAAACAATGACAAAG,0
CTAAACATTCCTAAAA,0
CTAAACCATGAAATAA,0
CTAAACCTTAAAAATG,0
CTAAACGACAAAGAAC,0
CTAAACGATCAAATGC,0
CTAAACGATTGATTCG,0
CTAAACGGAGAACGTG,0
CTAAACGGATTAGTAC,0
CTAAACGTACACCACG,0
CTAAACGTCCTATTGA,0
CTAAACTCATGCAATC,0
CTAAACTCCCGTTAAA,0
CTAAACTGTGCAGCAT,0
CTAAACTTGAGATAAA,0
CTAAACTTGCTATCTT,0
CTAAAGAACTTCTTAC,0
CTAAAGACCGCCACCA,0
CTAAAGACTGTCCTGA,0
CTAAAGATGATAGCTT,0
CTAAAGATTTCTATGT,0
CTAAAGCTAACACCCA,0
CTAAAGTGATAAGTGG,0
CTAAATAACCATCTAA,0
CTAAATAATCGCACAA,0
CTAAATACATAAACAA,0
CTAAATATATACTTCA,0
CTAAATCCAAAGACTT,0
CTAAATCTCAGACGTT,0
CTAAATGGTCAAAAAC,0
CTAAATTCATAAACAC,0
CTAAATTTACGGGGGT,0
CTAAATTTTGTACTAA,0
CTAACAAAACCATAAC,0
CTAACAAACCAACCGA,0
CTAACAACATGATAAC,0
CTAACAACCTTCAACC,0
CTAACAACGTATTGAC,0
CTAACAACGTTAGTAT,0
CTAACACAAATAGGAG,0
CTAACACACGTTCAGT,0
CTAACACAGATAAACA,0
CTAACACTGATACCCA,0
CTAACAGCAATACAAA,0
CTAACAGCTTAAATAA,0
CTAACAGGCGTGCCAA,0
CTAACCCACAAAGACC,0
CTAACCCCTCAGTTTA,0
CTAACCGCTCATGATT,0
CTAACCGTTTGCCTAC,0
CTAACCTGCTTCCAGT,0
CTAACGACACTAGGTA,0
CTAACGAGATGCCTGC,0
CTAACGATAGTGAAAT,0
CTAACGCATGGATATA,0
CTAACGGCTAAAAACT,0
CTAACGTTCAGGTTTT,0
CTAACTAACGATATTT,0
CTAACTACCATCAGAA,0
CTAACTATGATAGGCA,0
CTAACTCAAGAAGAAC,0
CTAACTCCATACCACA,0
CTAACTTATCAGGGAA,0
CTAACTTGTTACTCGG,0
CTAAGAACTATGCTTA,0
CTAAGAATTACTCTAT,0
CTAAGACCAAGACATA,0
CTAAGACCATAGCCTG,0
CTAAGACGGTGGCCGC,0
CTAAGACTCCTGGTAC,0
CTAAGATAACTAATAA,0
CTAAGATGAGGATGAT,0
CTAAGATGATAAGAAA,0
CTAAGATTAAGATGCA,0
CTAAGCAAAAGTTGAA,0
CTAAGCAATTACCAGT,0
CTAAGCATGGTAGTAA,0
CTAAGGAAAACATAAG,0
CTAAGGAAAATTCCAG,0
CTAAGGAAGCCGGTTA,0
CTAAGGACTACCCTTT,0
CTAAGGGATTCTATGC,0
CTAAGTAATACCCTCT,0
CTAAGTCGAAGCATAC,0
CTAAGTGAACAATACA,0
CTAAGTGCGTAGACCA,0
CTAAGTGCTAATATCT,0
CTAATAACACTATAAT,0
CTAATAACTCGGTCCA,0
CTAATAAGGTGCGGAA,0
CTAATAATAATATATT,0
CTAATAATAGTGATGG,0
CTAATAATGTCTGTAA,0
CTAATACATCTGTAGC,0
CTAATACATTTGTAAT,0
CTAATACCCGGACTTA,0
CTAATACCTTAGTTCA,0
CTAATAGCCCCGGATA,0
CTAATAGGTTCTAATT,0
CTAATAGTGGGAGGGA,0
CTAATATACAAGAGTC,0
CTAATATCGGCTAAAC,0
CTAATATGTAGAGAAT,0
CTAATATTACTCAATT,0
CTAATCAGAGCAGTCC,0
CTAATCCATCTAAATG,0
CTAATCGCTTCTCCTT,0
CTAATCTCAATTCCCT,0
CTAATGATCATCACAA,0
CTAATGCGGCGCAGCT,0
CTAATTACAAGATAGC,0
CTAATTAGAGCGATCA,0
CTAATTCAAGATAGTT,0
CTAATTCCCCAATCGA,0
CTAATTTACCAACTAA,0
CTAATTTTATCCTAGT,0
CTACAAAAAAACCGAT,0
CTACAAAAAATCGGAT,0
CTACAAACGAGTTACT,0
CTACAAAGTACTACAT,0
CTACAACCTAGAGTAG,0
CTACAACTTACAGGCT,0
CTACAATAAAACGAAC,0
CTACAATAAACCGCCG,0
CTACAATGACCGAACC,0
CTACAATTAAGAGAAT,0
CTACAATTCCTACTTC,0
CTACAATTTCACCTCG,0
CTACACAACTAGAACA,0
CTACACAGTGCTGGCC,0
CTACACATACCTGCTC,0
CTACACCCAACTCGAA,0
CTACACCGAGTTAATG,0
CTACACGCGGAAATCT,0
CTACAGACAATAACCC,0
CTACAGAGAAAATACA,0
CTACAGAGCATGGTCA,0
CTACAGCACAAGATAG,0
CTACAGCGTCCTCAAT,0
CTACATATGGACAGTA,0
CTACATCAGCATAGAC,0
CTACATCCAGTTATAC,0
CTACATGAATTCACAA,0
CTACATTAAAGATCAG,0
CTACCAACATAACACA,0
CTACCAACCACGAGCG,0
CTACCAAGTTGTATAC,0
CTACCAATTTAGTAAT,0
CTACCACAACGAACGC,0
CTACCACGAATCACTT,0
CTACCACTATAGTTTG,0
CTACCAGATTAATATC,0
CTACCATACTATCAAT,0
CTACCCAGAAGCGATG,0
CTACCCAGCCGGTATC,0
CTACCCGAGTGTTCAG,0
CTACCCGTAGAATTAC,0
CTACCCTGTTCCTGCG,0
CTACCGATAGAATAAA,0
CTACCGCATAAGATTA,0
CTACCGGCTTATATGC,0
CTACCGTAACGTCAGT,0
CTACCTAATCATAATG,0
CTACCTACGCAAACAC,0
CTACCTAGGCGTGTCC,0
CTACCTCATTCCACCT,0
CTACGAAACCAGTCAA,0
CTACGAATCTAACATC,0
CTACGACCCTAACGTG,0
CTACGAGCGACCTCAC,0
CTACGAGTTACGCAAG,0
CTACGCATAATAAAAC,0
CTACGCTATTCTGTCC,0
CTACGGCCGAAAAGTT,0
CTACGGTATCTATTAA,0
CTACGTACCTCCAGCG,0
CTACGTATGTACGCAC,0
CTACGTCCGCAGATGA,0
CTACTAAAGGACCAGG,0
CTACTAACCAAAGCGG,0
CTACTAACTCACACAC,0
CTACTAGGAATACCAA,0
CTACTAGGTAAATAAT,0
CTACTATGTTACATAC,0
CTACTATTACTAAAGA,0
CTACTATTTCTTAATA,0
CTACTCAAAAAGATAC,0
CTACTCAACAAACACA,0
CTACTCACCGTACAGT,0
CTACTCATCGGTCTAC,0
CTACTCATGAATTGGT,0
CTACTCTTTGCTTATA,0
CTACTGACACCGGCAC,0
CTACTGTAAGACAGAC,0
CTACTGTTATTGTCGT,0
CTACTTAACAGTAAAG,0
CTACTTACACTGAGAT,0
CTACTTACTATGTTTT,0
CTACTTCGGTTAAAAG,0
CTACTTTCATAGATAG,0
CTAGAACCAAGTATTG,0
CTAGAACTCAACCAGG,0
CTAGAAGAACACATAC,0
CTAGAAGAATTCCCCA,0
CTAGAAGACGCCTTGT,0
CTAGAAGGTACTATGT,0
CTAGAAGTGAATTAAA,0
CTAGAATCCGAGACCA,0
CTAGAATTATACCGTG,0
CTAGACAATGGACAGA,0
CTAGACACGGGTATAA,0
CTAGACCTAGTGACCC,0
CTAGACCTTGATTGCA,0
CTAGACGAAGCAAACC,0
CTAGACGAGGGCCCCA,0
CTAGACGTTCAGCGGC,0
CTAGACTCCTAACACC,0
CTAGAGAAGTAATCTC,0
CTAGAGAGTAAAACCC,0
CTAGAGAGTGGACAGT,0
CTAGAGATCAAATCAA,0
CTAGAGCAATGAATGT,0
CTAGAGTCGCATCACG,0
CTAGATAACCTTTTCC,0
CTAGATCCCTCTCTCA,0
CTAGATGGCAAGCCCC,0
CTAGATGGCTTGGTAT,0
CTAGATTTTTGTAATT,0
CTAGCAACGATCTTAG,0
CTAGCAATAAATCAAT,0
CTAGCACTAAGGTCTA,0
CTAGCAGCCTCCCTCG,0
CTAGCAGGTTAAAAAA,0
CTAGCCACATATAGCA,0
CTAGCCATAGTTCGCT,0
CTAGCCCACATGCAAA,0
CTAGCCCTTGGTTCAG,0
CTAGCGACAATTGATC,0
CTAGCGCCTATCAGCA,0
CTAGCTAACAACTAAT,0
CTAGCTACGGAAACCC,0
CTAGCTAGGAATGAAG,0
CTAGCTATTCAGAACG,0
CTAGCTTGACCAACCG,0
CTAGCTTGGAATACTA,0
CTAGGAACGGTAGACC,0
CTAGGAACTTTCGGAG,0
CTAGGATAAGAATCTA,0
CTAGGATTGGTTAACA,0
CTAGGCACGCGCGTTC,0
CTAGGCAGTAAGTAAC,0
CTAGGTGGAAACCTGA,0
CTAGTAAAAGGATGAT,0
CTAGTAAATAAGAAAA,0
CTAGTAAGATGTTAAC,0
CTAGTACATTACCACA,0
CTAGTACCACGATGAG,0
CTAGTAGCGAGAGCTG,0
CTAGTATCGCACCAAC,0
CTAGTCAAAATAACAA,0
CTAGTCCAGTTGAGAC,0
CTAGTCCTACCCTAAA,0
CTAGTCGTAACTATCC,0
CTAGTGAATATAGCTT,0
CTAGTGAGCAAATTGA,0
CTAGTGGCACGTAAAA,0
CTAGTGTAGAAGGTAG,0
CTAGTGTTACCCTACT,0
CTAGTTAGACGAGCAT,0
CTAGTTCAGGGTGTCT,0
CTAGTTCTGAGGCTCT,0
CTAGTTGATTCGAACG,0
CTAGTTTGCAATCAAC,0
CTATAAAAACAAGGGC,0
CTATAAACAGACTAGA,0
CTATAAACTGAACCCA,0
CTATAAAGAGCCCATG,0
CTATAAATTAATGCGA,0
CTATAACAAGATTTGC,0
CTATAACAGATTTGCT,0
CTATAACATAGGAACG,0
CTATAACCAACCATAT,0
CTATAACGTGGCGGGC,0
CTATAACTTGTAGTCA,0
CTATAAGAAATAGGTA,0
CTATAAGAGAAATACT,0
CTATAAGTCCACAATT,0
CTATAATAATACAGCT,0
CTATAATACGATGGGA,0
CTATAATAGATAATCC,0
CTATAATCAGTAAACG,0
CTATAATGCTGAAGTA,0
CTATAATTATTAATGA,0
CTATACAGACTTTGGC,0
CTATACAGAGCCGGCA,0
CTATACCAAAATATGA,0
CTATACCAGACAGATG,0
CTATACCCACGAGACC,0
CTATACCTTTACCAGC,0
CTATACGACAAATCGT,0
CTATACTATCGAATTT,0
CTATACTTAATGACCA,0
CTATAGAAAGACACTA,0
CTATAGAAGTTATAAG,0
CTATAGAATCTCAAAA,0
CTATAGAGCATGAATC,0
CTATAGATCATGGTTT,0
CTATAGCGAACCACAT,0
CTATAGGAGTCTTTCA,0
CTATAGTAATGAGCAA,0
CTATATAACACTGTCG,0
CTATATAAGTAGAGAG,0
CTATATAATTCAAACT,0
CTATATACCACTTTTT,0
CTATATACCGAATAAT,0
CTATATATGCGAGGCG,0
CTATATCATAATATAG,0
CTATATCCTATCAGTG,0
CTATATGGAGGAAAAC,0
CTATATTCAATTTATG,0
CTATCAAGAGAATAGA,0
CTATCAAGCGTACTAA,0
CTATCAAGTACGAACA,0
CTATCACTAGTTATAA,0
CTATCAGTATTCGACT,0
CTATCATCTACAGAAT,0
CTATCCACAAGCATCA,0
CTATCCAGTTCAGCTA,0
CTATCCCTGCACAATG,0
CTATCGAATCTCAACA,0
CTATCGAGCAGGGGTC,0
CTATCGGCCTACAGAA,0
CTATCGTTATCAAATA,0
CTATCTACCAATCTCT,0
CTATCTAGACTCGAAT,0
CTATCTCGGGAGGTGC,0
CTATGAAACTACGTAA,0
CTATGAACCTCGTTTG,0
CTATGAACGAAAGGAA,0
CTATGAATGCAACATC,0
CTATGAGTAATTACAA,0
CTATGCAAAAATAGGC,0
CTATGCAAATAAATAC,0
CTATGCACCCGTAGAC,0
CTATGCATGAGAACCA,0
CTATGTACACGATTAA,0
CTATGTCGAACTGATG,0
CTATGTCGCATTAAAC,0
CTATGTGATAGCCCAA,0
CTATGTGCACGAGGAC,0
CTATGTGCCTTTTATG,0
CTATTAAACATCCAAC,0
CTATTAAACTTCAGTA,0
CTATTAAATCTTTACC,0
CTATTAACACTAAAAG,0
CTATTAACCTACAGGA,0
CTATTAAGGCATGTCT,0
CTATTACATGCGTATA,0
CTATTACGTGTGGGCA,0
CTATTACTGTTTAAAA,0
CTATTAGAGTTAGACA,0
CTATTAGTGGCGTGGA,0
CTATTATAAAGGTAAT,0
CTATTCACAACTAGAA,0
CTATTGACGACATCGA,0
CTATTGCTCGGGAAGG,0
CTATTGGCCATGTAAG,0
CTATTTGATATTCCGG,0
CTATTTGCAGTCTCAT,0
CTATTTGGATCAACCC,0
CTATTTTCACAGACAT,0
CTCAAAAGTAAAAGGA,0
CTCAAAATCAACGTTA,0
CTCAAAATCATTGAAC,0
CTCAAAATTTATCCTT,0
CTCAAACCGCGAGTAC,0
CTCAAAGAAAGTTCAT,0
CTCAAAGAACCCATAG,0
CTCAAAGCCTTACCTT,0
CTCAAAGTCGGAACGC,0
CTCAAATAGAGCGTAA,0
CTCAAATAGCACAACA,0
CTCAAATCAGCAATTA,0
CTCAAATCCTCCAAAT,0
CTCAAATGTTACGGAC,0
CTCAACAAAACCCTAC,0
CTCAACAAAATAACGC,0
CTCAACAAACCTCTCA,0
CTCAACAAGACCGCTT,0
CTCAACAGTCAACGAC,0
CTCAACCAGTCACTAT,0
CTCAACGCGGCTCAAA,0
CTCAACGTCACAATAA,0
CTCAACTAAAAATACC,0
CTCAAGCATGGACGCA,0
CTCAAGCGGCTTATTA,0
CTCAATCACGAATATG,0
CTCAATCATAAGCTGT,0
CTCAATCCTTCACCCT,0
CTCAATCGTTTCGTTA,0
CTCAATGATCGCCTCA,0
CTCAATTACTTAACGT,0
CTCAATTCACGTCTTT,0
CTCAATTGAAAGGTAA,0
CTCAATTTAAACAAAG,0
CTCACAACCTCAGAAC,0
CTCACAAGACATTACC,0
CTCACACACATGTGCC,0
CTCACACACCATTATG,0
CTCACAGCATAAAAGT,0
CTCACATCTTTGGAAA,0
CTCACATTGAAGCTAA,0
CTCACCATCAGCACTA,0
CTCACCCACGACAGCT,0
CTCACCCATATTCCCC,0
CTCACCGTGCTGTGAA,0
CTCACCTATTCTAAAA,0
CTCACCTCCGACGCAC,0
CTCACGAAAATCCGTT,0
CTCACGACCAGACCCT,0
CTCACGGATTACAAAT,0
CTCACGTACTTCCGAT,0
CTCACGTTCGATTCAC,0
CTCACTAACATCACGG,0
CTCACTAACCGTGGTT,0
CTCACTAATTGACTTG,0
CTCACTCCATGCGGCT,0
CTCACTCTAATGAACG,0
CTCACTTGCTCCTATA,0
CTCAGAAAACTAAACC,0
CTCAGAATATTTATCA,0
CTCAGACGCATGTCTG,0
CTCAGAGATCTAAGGC,0
CTCAGAGGCGAAGATG,0
CTCAGATCACTAATAA,0
CTCAGATTGTGAGGGC,0
CTCAGCACTAAATCCA,0
CTCAGCGGATAGACAG,0
CTCAGGACATACAGAG,0
CTCAGGCTAAGCCGTG,0
CTCAGTCAAACATGCT,0
CTCAGTCTATTGAAAC,0
CTCAGTTCTAACAAGG,0
CTCATACATAACAGGA,0
CTCATACCCAAAGCCC,0
CTCATAGCAAAATCTC,0
CTCATAGCACTGCCGA,0
CTCATCACGTAGGAAC,0
CTCATCCCTTAAACTA,0
CTCATCGCACCAAGTT,0
CTCATCTCCAGTATAT,0
CTCATCTTTTGCGTAC,0
CTCATGATACGATCTG,0
CTCATGCGCAAACCCC,0
CTCATGTTAACAGAAT,0
CTCATTACCGCCGATT,0
CTCATTAGAATGGTCA,0
CTCATTATGATCTCCT,0
CTCATTGAAATCGCTG,0
CTCATTGAATGGACAG,0
CTCATTGCAAGCCTCG,0
CTCATTGGCTACTATT,0
CTCATTTAAGGAATCC,0
CTCATTTCCAGAAAAC,0
CTCCAAAAAAGCATGA,0
CTCCAAAAACCATCGC,0
CTCCAAAGTCTCCAAT,0
CTCCAAATAATTCTAG,0
CTCCAACACCTCCTAT,0
CTCCAACTCTGTCACT,0
CTCCAACTTTAACCTA,0
CTCCAAGAGGATATAC,0
CTCCACACGGCGATAA,0
CTCCACACTGTTAAAA,0
CTCCACCGATAAAACA,0
CTCCACTACCATGCGT,0
CTCCAGCTCCCTATAA,0
CTCCAGTAAGTCGAGC,0
CTCCAGTCAATATGCG,0
CTCCAGTGTCCAAAGA,0
CTCCATATTCATCTCG,0
CTCCATCATGTTAGAT,0
CTCCATCTACTCATAA,0
CTCCATTAGCTATTAC,0
CTCCATTTCGACTCAA,0
CTCCCAAGCTAGGAAT,0
CTCCCATGATGCTTGA,0
CTCCCATGCACGACCC,0
CTCCCATGCGGCAGAA,0
CTCCCATTTAACTGGC,0
CTCCCCCCAAACCGAC,0
CTCCCCCCGTGATCTA,0
CTCCCCCGGATTAAAA,0
CTCCCCCTCGTACCCA,0
CTCCCGCCTGAGCCAT,0
CTCCCGGCAAACAGAG,0
CTCCCTAAGGGGTAAC,0
CTCCCTCCCGGTCTTC,0
CTCCCTCTGTGTTTAA,0
CTCCCTTGGACCCAGA,0
CTCCGACCCTCACCCG,0
CTCCGATTAAGAGCTC,0
CTCCGCAACACAGGCT,0
CTCCGCACTTATGTAA,0
CTCCGCCACCTATCCC,0
CTCCGCCGAAATTCCG,0
CTCCGGGAGACCGTAA,0
CTCCGTAAACAAAGAA,0
CTCCGTATCTCGATAC,0
CTCCGTGTAGTTAAGA,0
CTCCTAAACTGAGAGA,0
CTCCTAAGACATCATA,0
CTCCTACCAGTATTAG,0
CTCCTACCATGAACGT,0
CTCCTAGAACCGGGTA,0
CTCCTATAGATCTCAA,0
CTCCTCAGTTCTTCCT,0
CTCCTCATACAAGATT,0
CTCCTGAATGAGATTC,0
CTCCTGCTCAGCCTCC,0
CTCCTGTATATTATTG,0
CTCCTTACGAAGCATC,0
CTCCTTCACAACGTAC,0
CTCCTTCGCGTGAGGC,0
CTCCTTGGAATAAAAA,0
CTCGAAAAAGAAATAG,0
CTCGAAACACAAATAA,0
CTCGAAACTAATACCG,0
CTCGAAACTGCGGAAA,0
CTCGAAATGGATCAGG,0
CTCGAAATTTACCAAG,0
CTCGAACATTCCATTA,0
CTCGAACCACAAAAAC,0
CTCGAAGTATTCTAAC,0
CTCGAATTGCGCTTAA,0
CTCGACCCTATAATAG,0
CTCGACGTTAACTAGT,0
CTCGACTTTGTGTGTA,0
CTCGAGAAGTAGACTA,0
CTCGAGGTGAACAAAT,0
CTCGAGTTCAACTGTC,0
CTCGCACGACGCGTAT,0
CTCGCATTTATATACG,0
CTCGCCTATTTCCCTA,0
CTCGCGTCCAGACTTC,0
CTCGCGTTTTCGAATT,0
CTCGCTCTCTCAAGCA,0
CTCGGAACCTATAATG,0
CTCGGACTCCTCCCTG,0
CTCGGATGAGCTTATG,0
CTCGGCACCAATCGCA,0
CTCGGCCGAGACTAAC,0
CTCGGGAGGATCTAGA,0
CTCGGGATGAGACGTA,0
CTCGGGTTCAGACCAA,0
CTCGGTAATAAATTCT,0
CTCGGTGAAGGACTGA,0
CTCGTAAATGCGTGGA,0
CTCGTAAGCCTAAATT,0
CTCGTAAGCGCCCGGT,0
CTCGTAATGTTGTAAT,0
CTCGTGAACCATTGGA,0
CTCGTGTCGACTAAAT,0
CTCGTTCCGCCGCATG,0
CTCGTTCCTCTTGAGT,0
CTCGTTGGCATCAGTA,0
CTCGTTGTATGTACTC,0
CTCGTTTGAAAAGTAA,0
CTCGTTTTGAAATAAG,0
CTCTAAATTTACGATC,0
CTCTAACCTAAGAACT,0
CTCTAACCTGATCGGA,0
CTCTAATAACATCTAT,0
CTCTAATCCAAATATG,0
CTCTAATGCCCAGGTC,0
CTCTAATGTACAACTA,0
CTCTAATGTGACGTAA,0
CTCTACACCTTTTCTG,0
CTCTACAGCACAACCA,0
CTCTACCTCTACCAAC,0
CTCTACGGAGCGCATT,0
CTCTACTCAACAACTG,0
CTCTACTTAGACAGCG,0
CTCTATCTAGCTGAAC,0
CTCTATTGCCTTACTA,0
CTCTCAAAGGCTAAGA,0
CTCTCAACACTACAGC,0
CTCTCACATTAAGGCT,0
CTCTCACCAGCTCGTT,0
CTCTCACCCTATTACA,0
CTCTCACCCTCATAGC,0
CTCTCAGACGACAAAA,0
CTCTCAGCTGACATCT,0
CTCTCCGAGCTATGCC,0
CTCTCCTTCGTATAAA,0
CTCTCGAACTGAAAAA,0
CTCTCGAAGACAACAT,0
CTCTCGCATAGCAAAT,0
CTCTCGTACTCGAGAG,0
CTCTCTAAGGAGACCC,0
CTCTCTAAGTGACAAA,0
CTCTCTCGACCACTTC,0
CTCTCTGTAACAAAAA,0
CTCTGAACAGTATGTG,0
CTCTGAATTGGAGATT,0
CTCTGACACGATTAAA,0
CTCTGAGGCACTACTT,0
CTCTGCGGACTGGTGC,0
CTCTGGAACTGACACA,0
CTCTGGTTGGTACCGA,0
CTCTGTAAATATAAAT,0
CTCTGTATTTCCAAAC,0
CTCTGTTTATAGGGCT,0
CTCTTAAATAACCACT,0
CTCTTAACAATTCTTT,0
CTCTTAACCCGTTCTG,0
CTCTTAATTCCTCGAT,0
CTCTTATCGAGGCGAC,0
CTCTTATGCACACTAA,0
CTCTTATTTGCACGCT,0
CTCTTCAACTGTTGCG,0
CTCTTCATTTGATTCG,0
CTCTTCCATCGCTCAC,0
CTCTTCTGTACAAGAT,0
CTCTTGCAATAATGAC,0
CTCTTGCCCAGCCATC,0
CTCTTGGAAAACAGAA,0
CTCTTTAACAAGTTAA,0
CTCTTTCTAGTAAATC,0
CTCTTTGAACGAATCC,0
CTCTTTGGAGAAGCCA,0
CTGAAAAAAACAATTC,0
CTGAAAAAGTAGTATC,0
CTGAAAAATTGCAGAG,0
CTGAAAACGATGTTTC,0
CTGAAAAGTAATCACA,0
CTGAAAATAACTGTAC,0
CTGAAACAGTATGGAT,0
CTGAAACCCAAGCATT,0
CTGAAACGGAGAAAAA,0
CTGAAAGATTTCTAAG,0
CTGAAAGGGATTTCCG,0
CTGAAAGTTCTGAACA,0
CTGAAATAAATTTCCT,0
CTGAAATACGAGATAT,0
CTGAAATGCATCAAAA,0
CTGAAATTATGAATGG,0
CTGAACAAAAAGTACC,0
CTGAACACGATTTCAA,0
CTGAACCAAACGAAGT,0
CTGAACCCAGGATTCC,0
CTGAACGCTATAAATA,0
CTGAACGTAGTAAAAG,0
CTGAAGATATTAACAA,0
CTGAAGATATTCCCGC,0
CTGAAGCACTAACAAG,0
CTGAAGCAGTCTAAGA,0
CTGAAGCGTCGGACTA,0
CTGAATAAAGAAACAT,0
CTGAATAATTTTCGTG,0
CTGAATACAACATCTA,0
CTGAATACAAGAGCTT,0
CTGAATATGACACCCA,0
CTGAATCATTTAAGAG,0
CTGAATCTTACTAAAG,0
CTGAATGCTAAACTAC,0
CTGAATGTATAAGATG,0
CTGAATTAATAGAGGC,0
CTGAATTTAATCCAAG,0
CTGACAAAACACGTAT,0
CTGACAAATGTCTGCG,0
CTGACAACTCAAAACA,0
CTGACAACTCACCACA,0
CTGACAAGTCAAGATA,0
CTGACAGCTTTGTTAT,0
CTGACAGGATTGCACC,0
CTGACCCCGAAAGTTG,0
CTGACCCCGCACACAA,0
CTGACCCTTAACACTC,0
CTGACCGAAGACCGTC,0
CTGACCGCTTATGCAT,0
CTGACGTACTATCCGA,0
CTGACGTCATGCTACG,0
CTGACGTGAACTATTT,0
CTGACGTTTCAAGAAA,0
CTGACTATAGTTACAC,0
CTGACTCTCCGATATC,0
CTGACTCTTTTCACTA,0
CTGACTGATTTAACAG,0
CTGAGAAATAACAAAA,0
CTGAGACATGGCGTAC,0
CTGAGAGACAAGTACG,0
CTGAGAGCCATTGACT,0
CTGAGATAGGTCCGTC,0
CTGAGATATCCTAAGA,0
CTGAGATGACATTTAC,0
CTGAGCAATGAAACGG,0
CTGAGCCAAAAACAGG,0
CTGAGCCCAACGGAAA,0
CTGAGTATCATTACGC,0
CTGAGTTACGACAAAA,0
CTGAGTTTTCCCCCGC,0
CTGATAACGGAACAAC,0
CTGATAAGAATGGAGA,0
CTGATAATCCACAAAA,0
CTGATAATCTACACCG,0
CTGATACAAAAGAGCT,0
CTGATCAAAAAGAGGA,0
CTGATCAACTTGTCCA,0
CTGATCAATATAGCTA,0
CTGATCCGTTCTCCAA,0
CTGATCGTAACAGCAC,0
CTGATCTATTGCATCA,0
CTGATCTGTTGGATAA,0
CTGATGAAACAGTATA,0
CTGATGATCTCGGGCC,0
CTGATGCCAATGACTA,0
CTGATGCTACAGCTAC,0
CTGATTAAAATGAACA,0
CTGATTATCAGCTAAT,0
CTGATTTAGAACGGGC,0
CTGATTTCAGATTTAC,0
CTGATTTTCGGGAAAC,0
CTGCAAAAAGTAAGAA,0
CTGCAAATGATTGCAA,0
CTGCAACTACCACTTA,0
CTGCAATATGAACTTC,0
CTGCAATGGGGCAAGA,0
CTGCACACAACATGAA,0
CTGCACGAAGAGCAGA,0
CTGCACGGCCGCACTA,0
CTGCACTGGTAATGTT,0
CTGCAGATTCAATATT,0
CTGCAGCTATAACTAT,0
CTGCAGGCGGCTTCTC,0
CTGCAGTGAGATGCTG,0
CTGCATAACCGAACCT,0
CTGCATGAGGATGGCT,0
CTGCCAAACTAAAATT,0
CTGCCAAGAGGCCATG,0
CTGCCAAGCACTGGTT,0
CTGCCACCACCTCTCG,0
CTGCCACCCGTAAAAA,0
CTGCCAGTACCTCAAT,0
CTGCCAGTCAACCCCA,0
CTGCCATAAACACGCG,0
CTGCCATGGTGGGCAG,0
CTGCCCACAACCACCC,0
CTGCCCACCAAAGTAT,0
CTGCCGATTAATTCTT,0
CTGCCGCATGAGATCT,0
CTGCCGTTTCCCAAAA,0
CTGCCTCAGAAAATTG,0
CTGCCTCCATGAAACA,0
CTGCGAACCCGTAAAA,0
CTGCGACCTATAAGAA,0
CTGCGCACGCTAAGTG,0
CTGCGCATAAGTTAAT,0
CTGCGCATTTTATCCA,0
CTGCGCCCGCCTAGTA,0
CTGCGCTATCCTTCAT,0
CTGCGGATAACGTCGT,0
CTGCGTCAAAGATCGA,0
CTGCTACGTGGATACA,0
CTGCTATATACGGACT,0
CTGCTCATCTAATACA,0
CTGCTGAAGATAGATA,0
CTGCTGCCAAAATATA,0
CTGCTGCGAGATACCT,0
CTGCTTAATCGCCACA,0
CTGCTTATATCTGCAC,0
CTGGAAAAGCCGGGAT,0
CTGGAAACTATAAAGC,0
CTGGAACGCTATAAAA,0
CTGGAAGAGAACAAAA,0
CTGGAATACACCCCTA,0
CTGGACAGCAAAGGAA,0
CTGGACCAATACCAAA,0
CTGGACGAGCAAACAT,0
CTGGAGATATCGACAC,0
CTGGAGGATAATACAC,0
CTGGATACATGCGATA,0
CTGGATAGATCGATCC,0
CTGGATCCTATACATC,0
CTGGATCCTTATTCTA,0
CTGGCAGAGCCAGCTC,0
CTGGCTTCTGCGGAAG,0
CTGGGACAAATATCTT,0
CTGGGACAGCATTGAA,0
CTGGGCAGAAAAAGAA,0
CTGGGTAAGATAGTAC,0
CTGGGTATTCCAAAGT,0
CTGGGTCATGCACACA,0
CTGGTAGACGCCGGAT,0
CTGGTATCCGGCACAT,0
CTGGTATTGAAAAATA,0
CTGGTCAGCACAGTAA,0
CTGGTCTATACTTCTA,0
CTGGTGATAAACTCTT,0
CTGGTGATACAACTAA,0
CTGTAAACACATTGTA,0
CTGTAAACTATGGCCG,0
CTGTAAATCACACGCA,0
CTGTAAATCATCAGAC,0
CTGTAACAACTATGTC,0
CTGTAAGTTCGATGCT,0
CTGTAATCGCATCACA,0
CTGTACAGGCGTAGCA,0
CTGTACCCACATTGCT,0
CTGTACGGTTTAGCGA,0
CTGTAGAACATTTCGG,0
CTGTAGCCGTCCAATT,0
CTGTAGTAAAAAGGTC,0
CTGTAGTAATTTGTGA,0
CTGTATAAAAGAATGC,0
CTGTATAAAATTAACA,0
CTGTATAATGGCAGTA,0
CTGTATAGTAAGTGTA,0
CTGTATCTTGCGGCGC,0
CTGTATGAACCCGCGA,0
CTGTCAAAAATAGAAA,0
CTGTCAATACCTGGGT,0
CTGTCAATGATACAGG,0
CTGTCAGTGCACCTTA,0
CTGTCCAAGAAAACAG,0
CTGTCGACCTGAAGCA,0
CTGTCGGGCGGAGTAC,0
CTGTCGGTGCCCAAAT,0
CTGTCTAACATGATAC,0
CTGTCTACCCACTAAT,0
CTGTCTTTCCATACAC,0
CTGTGACAAGAGCAAT,0
CTGTGAGACTAGGCAG,0
CTGTGATTCATGTACC,0
CTGTGCCTATAGGTTT,0
CTGTGCTAGTGTGACT,0
CTGTGCTATAAAATAC,0
CTGTGGATTCCAAGAA,0
CTGTGGTCGTAATTGG,0
CTGTGGTTGAATAATA,0
CTGTGTACTACATCAT,0
CTGTGTTCATTGGGCC,0
CTGTTAAAACGTCCCA,0
CTGTTAAAAGGTGCTA,0
CTGTTAAAGACTCGCC,0
CTGTTAACACTAATCT,0
CTGTTAAGTTCCAAAT,0
CTGTTACCAAAAATTT,0
CTGTTACCTTACAAAC,0
CTGTTACGTTTTGAAG,0
CTGTTACTCTCACAGT,0
CTGTTAGCACAGATGA,0
CTGTTATTGCCGCAGA,0
CTGTTCAAAATTTCCA,0
CTGTTCAGAACGAAAG,0
CTGTTCTCGTATTTAA,0
CTGTTCTGCACGGTAA,0
CTGTTGCTACGTAAAA,0
CTGTTTAATCCATTGA,0
CTGTTTCGAGTTACGT,0
CTGTTTTTCATACGAA,0
CTTAAAACGGGCATCT,0
CTTAAAACTTACCAGT,0
CTTAAAAGTAACAAAT,0
CTTAAACAATCCTTTT,0
CTTAAACAGGAGTGTT,0
CTTAAACGGAAACACA,0
CTTAAAGAGATATATC,0
CTTAAAGTCATACATA,0
CTTAAATAAGTGAAAA,0
CTTAAATATCCCGGAC,0
CTTAAATCACAATATT,0
CTTAAATCAGGACATA,0
CTTAAATTCGATCGGA,0
CTTAACAAATGAAGAC,0
CTTAACAACTGACAAT,0
CTTAACAAGTCGCAAA,0
CTTAACACAAAAATTT,0
CTTAACCTACTGGTCT,0
CTTAACGGGGTTTCTA,0
CTTAACTAATTATACA,0
CTTAACTCATTCAATA,0
CTTAACTGTCGTGCCA,0
CTTAACTTAAAACCTA,0
CTTAAGAGTCTCATAA,0
CTTAAGATACCAATAG,0
CTTAAGCTAACAAATT,0
CTTAATATAAGATAAT,0
CTTAATCGTCCAATAG,0
CTTAATGGTCTTAGGG,0
CTTAATTAGAAATATA,0
CTTAATTGGAAAGTTT,0
CTTAATTTCTGTATGA,0
CTTACAACATGTAAAG,0
CTTACAATGACTTAAC,0
CTTACACAAATGAGCA,0
CTTACAGAATAACTAA,0
CTTACAGCACCGCGGT,0
CTTACATGGGGTATCC,0
CTTACCAAAATTGAAA,0
CTTACCAACTAGTTGG,0
CTTACCAGAACCATCG,0
CTTACCCAAGAAACAA,0
CTTACCCATCCACCAT,0
CTTACCCCGTCACTGT,0
CTTACCCGAAACACCT,0
CTTACCGCTCTACCAA,0
CTTACCGCTGATGATA,0
CTTACCTAGAACCTGC,0
CTTACGAGATTTTAGA,0
CTTACGATTTCCGGCG,0
CTTACGCTCCGTTTAC,0
CTTACGGGCCACGCCA,0
CTTACGGTTCCAAAAC,0
CTTACTATTGTACTAG,0
CTTACTCGTCCTTGGT,0
CTTACTGAACAAAGGG,0
CTTAGAAAAAGTTAAA,0
CTTAGAAAACAGTAAG,0
CTTAGAAAAGCAATCG,0
CTTAGAAAATCCAAAG,0
CTTAGAACGAAATCGT,0
CTTAGAATAACGTGAA,0
CTTAGAATAATAAGAG,0
CTTAGAGGGTAAAATC,0
CTTAGATAACGACTTC,0
CTTAGCACAGAACACA,0
CTTAGCCACTAAGATA,0
CTTAGCCCAGTCCAAA,0
CTTAGCCGATACTGAC,0
CTTAGCCGGAAAACTG,0
CTTAGCTAACTGCCGG,0
CTTAGCTATAATTTAT,0
CTTAGGAAATTTCATC,0
CTTAGGACTCCCTAAC,0
CTTAGGCTAGCTCTAA,0
CTTAGGCTCACACAAC,0
CTTAGTATCTAGTTTG,0
CTTAGTCTCACTAAAC,0
CTTAGTTCAGACAGTC,0
CTTATAATTACAATAT,0
CTTATAATTGAATTTC,0
CTTATACGTTTTCCAT,0
CTTATATATAACTTAG,0
CTTATATTTCACAAGG,0
CTTATCACCCGCTTAC,0
CTTATCCATTAGCGAC,0
CTTATCCTTAATTGGT,0
CTTATCGTATGTGTAT,0
CTTATGACACTTACGA,0
CTTATGTATCATTCAT,0
CTTATTGAGAACATGT,0
CTTATTTCCTCATAAC,0
CTTATTTTCAGTAAAC,0
CTTCAAACCAGGTTTC,0
CTTCAACCTATAATGA,0
CTTCAACTGTATGCGC,0
CTTCAAGATACTAGTA,0
CTTCAATAAAGTAAAG,0
CTTCAATAATTAGGTA,0
CTTCAATCGAATGGCG,0
CTTCACAAACAACGAT,0
CTTCACAATGAAAACC,0
CTTCACACCCGACAAA,0
CTTCACCGCGCAGGTG,0
CTTCACGATGCAACAA,0
CTTCACGGCGATAAAA,0
CTTCAGGCATTTTGAC,0
CTTCAGGCCACGGTTG,0
CTTCAGGGAAATTCGT,0
CTTCAGTCAGAAATAG,0
CTTCCAAATCTAATAA,0
CTTCCAAGGAGCTTAC,0
CTTCCAATCCCTAAGA,0
CTTCCACCAAGGAACA,0
CTTCCACGCAAAGAAA,0
CTTCCACTACATGACT,0
CTTCCATATACCCCAC,0
CTTCCCACCTCTGACC,0
CTTCCCCGATTCACAT,0
CTTCCCCTTTATATAA,0
CTTCCCGAAGGGGGTA,0
CTTCCCGCTGTACAAA,0
CTTCCGAACCTGACAA,0
CTTCCGATGACATTAG,0
CTTCCTATTAAAAGAA,0
CTTCGAAAACTACGAG,0
CTTCGAGTTATGAGGG,0
CTTCGCATATATAAAA,0
CTTCGCATCAAGCCGT,0
CTTCGCCTAACAACGA,0
CTTCGTAAAACATACG,0
CTTCGTAAGCTGTCTT,0
CTTCGTATAGTCCCTT,0
CTTCGTCACGTAAATT,0
CTTCGTGCACGATGAG,0
CTTCGTGTTGGCAATT,0
CTTCTAAATCAACGCC,0
CTTCTAACCAGGTATC,0
CTTCTAACCATAACAT,0
CTTCTAATGGCGCCAT,0
CTTCTACAAAAAAGGC,0
CTTCTACATTGCTATT,0
CTTCTACCACCCACTC,0
CTTCTAGACAGTGCAA,0
CTTCTAGTGGTCTGAG,0
CTTCTCAAAAACAAAA,0
CTTCTCAACCTGTTCC,0
CTTCTCAGCCATTGTC,0
CTTCTCGTTTGTCTGA,0
CTTCTCTATACCACAG,0
CTTCTGAATAAAGCTC,0
CTTCTGCAACACCTAC,0
CTTCTGCTGTCGTAAA,0
CTTCTTCACAACTATA,0
CTTCTTCACCATAAAT,0
CTTCTTCCGTAAGGAT,0
CTTCTTCCTAAAATAT,0
CTTCTTGCTACACTTT,0
CTTGAAAAGAAGAAGT,0
CTTGAAACCACACATT,0
CTTGAAGGCAGCCTCC,0
CTTGAATATTTATCGA,0
CTTGACACGAACGACC,0
CTTGACATTACAAGTC,0
CTTGACATTACTACTC,0
CTTGACGATAAATCCT,0
CTTGAGAAAACCACCT,0
CTTGAGCCCAGGCTTG,0
CTTGATATATTGGCGA,0
CTTGATCATAAGAGCC,0
CTTGATCCTTAACTGC,0
CTTGATGTCTATAAGC,0
CTTGATTAAACATATA,0
CTTGCAAAAAACCGAT,0
CTTGCAAAATAGATAA,0
CTTGCAAAATCCGGCC,0
CTTGCACAGTCACAAT,0
CTTGCACTTTGTTGGA,0
CTTGCCACAAAAAAAT,0
CTTGCCCATTTGCATC,0
CTTGCCCCTGCACCTA,0
CTTGCCCCTTGCCACT,0
CTTGCCGCGAGATAAG,0
CTTGCCGTCGAGCATG,0
CTTGCCTACAAAGAAA,0
CTTGCGAGCATCCAGT,0
CTTGCGTCAAATACAA,0
CTTGCTATCTCAAATG,0
CTTGCTCTAGCAAAAT,0
CTTGCTTCATTCTGTC,0
CTTGCTTCTACCAGAC,0
CTTGGAAACCTTCACT,0
CTTGGAACTGAAGATA,0
CTTGGAGAAAAACCCT,0
CTTGGATACCTTTGCG,0
CTTGGCACCATTAAAA,0
CTTGGCCCTTAAACCA,0
CTTGGCTTCCCGAACT,0
CTTGGGTAACATTTTT,0
CTTGGTGAAAAACAAA,0
CTTGGTTCTTCAAGAT,0
CTTGTAAATGGTGACC,0
CTTGTAACGTCATAGC,0
CTTGTAAGTGGCCTGC,0
CTTGTCAAAAATCCCC,0
CTTGTCATTCGCATAT,0
CTTGTCGACTAAGCTA,0
CTTGTCGCAGCAGTCC,0
CTTGTCTACTAGAGAT,0
CTTGTGCTTAGACCAC,0
CTTGTGTATTCGATTT,0
CTTGTTAATGAAACAT,0
CTTGTTAATTCGAGTT,0
CTTGTTACGATACTAC,0
CTTGTTCAAATTCGAT,0
CTTGTTGATCCAGTGA,0
CTTTAAATGAATAATT,0
CTTTAAATGGATCCCA,0
CTTTAAATTAAAGGCA,0
CTTTAAGTCCGTGGGC,0
CTTTAATCAATAGCAC,0
CTTTAATTCAATTATC,0
CTTTACAAGCAAGGCA,0
CTTTACACAAAACCAG,0
CTTTACACAAAGATAC,0
CTTTACACATGCGTGA,0
CTTTACCCATGACCAG,0
CTTTACCCCCGAGCTG,0
CTTTACCCCGATTAAT,0
CTTTACCTTGAAACAT,0
CTTTACTGCTAAAGTA,0
CTTTACTTTACCAGCA,0
CTTTAGAAGCGTTATG,0
CTTTAGAATACACTCA,0
CTTTAGACTTAATATG,0
CTTTAGATGTTCAATG,0
CTTTAGCTACTCAAGA,0
CTTTAGGGACATCATA,0
CTTTAGTACCCGCTAC,0
CTTTAGTCCAAACACC,0
CTTTATAAAAAAAATG,0
CTTTATACTAAAACGT,0
CTTTATATAATGGCTG,0
CTTTATATATGCATCC,0
CTTTATGGTACAATTT,0
CTTTATTGAACCTACC,0
CTTTATTGCCAGATGT,0
CTTTCAAAGGCCACTA,0
CTTTCACATTTAACTG,0
CTTTCACCCTGAAGTA,0
CTTTCATAATGTTTAT,0
CTTTCATATTTAAGGG,0
CTTTCCAGAATATAAT,0
CTTTCCCCCCTTAAAG,0
CTTTCCTTGCAGTGGT,0
CTTTCGAAAACAGATT,0
CTTTCGAAAGGCGAAT,0
CTTTCGTAATAATCAA,0
CTTTCGTTCCACACAA,0
CTTTCTATGAACACGC,0
CTTTCTCTAAAGACAA,0
CTTTCTCTTAACAGAA,0
CTTTCTGCATACTTAA,0
CTTTCTTAACATAACC,0
CTTTCTTAACTAGAGA,0
CTTTGAACGTACCCTA,0
CTTTGACATGCATCAT,0
CTTTGATATACACAAA,0
CTTTGCCATGTCGCAA,0
CTTTGCTAGAACCTAA,0
CTTTGGCACCGCGCAC,0
CTTTGTATTCATGGCT,0
CTTTGTCAGAGCAAAG,0
CTTTTAAACACAAATA,0
CTTTTAACACTACACC,0
CTTTTACCACCGACAA,0
CTTTTACTGGGGTGAT,0
CTTTTACTTTGCGACT,0
CTTTTAGATAATAGCA,0
CTTTTATGTAAATCGA,0
CTTTTCAGTAATGAGG,0
CTTTTCATATGGCAAC,0
CTTTTCCTTAATGAAG,0
CTTTTCTCAATCCTAC,0
CTTTTGATTTCAGATA,0
CTTTTTAAATGAAATA,0
CTTTTTCCCAACGTTC,0
CTTTTTTAATCAGCGT,0
GAAAAAAACGGTCCGC,0
GAAAAAAGAATAGCGA,0
GAAAAAAGTAGAGCAC,0
GAAAAAATACGACAGT,0
GAAAAAATATGTATGC,0
GAAAAACACACTTCAC,0
GAAAAACAGGCTGATG,0
GAAAAACCAGGACCCA,0
GAAAAACCCCAAATTG,0
GAAAAACGACACAGAT,0
GAAAAACTCAAACATC,0
GAAAAACTTACTAGAA,0
GAAAAAGAAGTTGCGA,0
GAAAAAGCCGTAGTCC,0
GAAAAAGGACTAACTT,0
GAAAAATAAAGTATAA,0
GAAAAATACTCAAGTG,0
GAAAAATAGCACATAC,0
GAAAAATGCGTTGTAG,0
GAAAAATGTTATCTAG,0
GAAAAATTAGCCTCCT,0
GAAAACAAACAGTTCT,0
GAAAACAAACGAGGGT,0
GAAAACAAATAAATGT,0
GAAAACACTTACCTCT,0
GAAAACAGATGTTTTG,0
GAAAACAGCACTTGTT,0
GAAAACAGCCCAATAG,0
GAAAACATGTGCGAAT,0
GAAAACATTCTCGCGG,0
GAAAACCTATAGCCTT,0
GAAAACCTCAAGATGA,0
GAAAACGAAGAAAATG,0
GAAAACGCGCAGAGCC,0
GAAAACGCTTGACCGA,0
GAAAACGCTTGGCGTT,0
GAAAACGGAGAAAACT,0
GAAAACGTGAGACTAG,0
GAAAACGTGTGTCTGA,0
GAAAACTAAAGACGGC,0
GAAAACTAAGATCCGG,0
GAAAACTACATAATTT,0
GAAAACTAGTCTTTAG,0
GAAAACTCTATCAGAA,0
GAAAACTTACATAAGC,0
GAAAACTTCATAAAAA,0
GAAAACTTCATATAAG,0
GAAAAGAAACCCATTC,0
GAAAAGAACATAGTTT,0
GAAAAGAATCCGACCT,0
GAAAAGACCCATCCGA,0
GAAAAGCAAGAAAGAC,0
GAAAAGCATAAGCGTT,0
GAAAAGCCAGTATGAT,0
GAAAAGGATTCCCCAG,0
GAAAAGGGTTAAAAAA,0
GAAAAGTAACTAAAAG,0
GAAAAGTCCCAGCTTC,0
GAAAAGTTATTGATCC,0
GAAAATAAAATTAATT,0
GAAAATAAAGCGGAAA,0
GAAAATAATCTACCTT,0
GAAAATAGATAAACAA,0
GAAAATATTAGTCCCT,0
GAAAATATTGATCTTA,0
GAAAATCATCGCAAGC,0
GAAAATCCCGCTTTAC,0
GAAAATCGAATAACTT,0
GAAAATCTGGGATTGT,0
GAAAATCTGTCTAAAT,0
GAAAATGAGTTGGAAA,0
GAAAATGCCGTATGTA,0
GAAAATTAAACGTTAT,0
GAAAATTAAATCCACC,0
GAAAATTAAGGCATAA,0
GAAAATTCAAAAAACT,0
GAAAATTCTCTAAAGG,0
GAAAATTGACCCAAAT,0
GAAAATTTAGCGATCA,0
GAAAATTTCAAGTCAG,0
GAAACAAACCTCACAG,0
GAAACAAATAAAAGTT,0
GAAACAAATACAAAAA,0
GAAACAAATACTCTGT,0
GAAACAACGGATATAT,0
GAAACAAGCTACTAAA,0
GAAACAAGTTGTAATC,0
GAAACAATAGTGGCAA,0
GAAACAATCATGCATA,0
GAAACACAAAGTAAAA,0
GAAACACACCCAGAAA,0
GAAACACCATGTAATC,0
GAAACACTTCATACCG,0
GAAACAGAACATTAGC,0
GAAACAGATATTTATG,0
GAAACAGCTACAGCAG,0
GAAACATAAGATCTAC,0
GAAACATACGATTTAA,0
GAAACATCTGACCAGT,0
GAAACCAACATCAAAA,0
GAAACCAATACTACCT,0
GAAACCACACCCATTT,0
GAAACCACCATTATGT,0
GAAACCATTAGGATAT,0
GAAACCCCCAAGATGG,0
GAAACCCCTCGCGATA,0
GAAACCGATCATAAAC,0
GAAACCGATGGGCGTA,0
GAAACCGCATGATATT,0
GAAACCGGGTAAATGT,0
GAAACCGTGCTTTAGC,0
GAAACCGTTGAACTGG,0
GAAACCTCCAATGAAT,0
GAAACCTGATAACAAT,0
GAAACCTGCGCATCCA,0
GAAACCTTACTGATTG,0
GAAACGAAGAGGAGTG,0
GAAACGAATAGAGGAC,0
GAAACGCAAAACCTAA,0
GAAACGCAATCCATGA,0
GAAACGCACAAGATAC,0
GAAACGCATATAACCT,0
GAAACGGACCTATAGT,0
GAAACGGTCTCATCCG,0
GAAACTAAAGTCGACG,0
GAAACTAACATAGGAT,0
GAAACTAAGAACGTGT,0
GAAACTACTTACCGTG,0
GAAACTAGAGTTTAAC,0
GAAACTATAGATTCAG,0
GAAACTATATGTTAGT,0
GAAACTCAACAGGGTT,0
GAAACTCATGGCGCAC,0
GAAACTCGATCCTACT,0
GAAACTCTAAAAAGCC,0
GAAACTTGCCACAGAT,0
GAAAGAACCAAATATT,0
GAAAGAACCGCAAGAA,0
GAAAGAAGGACGGAAA,0
GAAAGACAAACCACTC,0
GAAAGACTTCAATAAC,0
GAAAGATACCAATAAC,0
GAAAGATTATATCCAT,0
GAAAGCCAACTATTAA,0
GAAAGCCATTACGCTA,0
GAAAGCGCACCATGTA,0
GAAAGCGTAATCAGAC,0
GAAAGCGTAATCGAAT,0
GAAAGCTAACAAATTC,0
GAAAGGACATTCTATG,0
GAAAGGATAATCCTCC,0
GAAAGGATCAAAAAAG,0
GAAAGGCGTACTAGCT,0
GAAAGGGAAATAATTC,0
GAAAGGGGTGTAAGCC,0
GAAAGGGTCTAAAGGA,0
GAAAGGTATGGACCGA,0
GAAAGGTCTTGCCTAA,0
GAAAGTAAATTATTGA,0
GAAAGTACCAAAATCT,0
GAAAGTCACAATAGGG,0
GAAAGTCCGACTGGCT,0
GAAAGTCGAAGAGATC,0
GAAAGTCTCGAATTTG,0
GAAAGTCTCGAGTCTC,0
GAAAGTGGCGAGAAAA,0
GAAAGTTCTGAGCAGG,0
GAAAGTTGAATATACA,0
GAAAGTTGGAAAAAGA,0
GAAAGTTTACCAGTCT,0
GAAATAAAGTAACTTA,0
GAAATAACCAAGAAGA,0
GAAATAACTGAAAACC,0
GAAATAACTTAAATCT,0
GAAATAAGTGTATTTG,0
GAAATACAATGTGCCC,0
GAAATACACATAATAA,0
GAAATACCAGCAGGCT,0
GAAATAGACAAACCTT,0
GAAATAGCACTAAGGA,0
GAAATAGCCTCTGTAG,0
GAAATAGGAAAGCCTC,0
GAAATATAAGTGAACT,0
GAAATATACGCTAGAC,0
GAAATATATGTACCAC,0
GAAATATCAGACAAGA,0
GAAATATTAAAACGAA,0
GAAATCATTGACTTAC,0
GAAATCCCTGAAACAG,0
GAAATCCTGAGGGATA,0
GAAATCGACAAGGAGC,0
GAAATCGGATCTGAGA,0
GAAATCGTACATCACA,0
GAAATCTAACGAAAAA,0
GAAATCTGCCGAGAGC,0
GAAATCTGGATAGGGT,0
GAAATCTGGTAAAAAT,0
GAAATGAGAACATCCA,0
GAAATGAGTTAGCACT,0
GAAATGCGCATAGATT,0
GAAATGCTAATAGGCA,0
GAAATGCTATTAACTG,0
GAAATGCTTTAACAGA,0
GAAATGGACTAATGAA,0
GAAATGTAATGATTCG,0
GAAATGTAGGAGGGAC,0
GAAATGTGTGAGAAGG,0
GAAATTAACACGCCCA,0
GAAATTATCCTTTTAT,0
GAAATTCAAATTCCTA,0
GAAATTCAAGTTAAGT,0
GAAATTCCACAGAACA,0
GAAATTCCCTTATTGC,0
GAAATTCGTGTACTTA,0
GAAATTGAAAAGTAAC,0
GAAATTGAACACAGTA,0
GAAATTGCAAAAGTCT,0
GAAATTGCTATGAGCA,0
GAAATTGTTTCCGATA,0
GAAATTTAACATCAGC,0
GAACAAAAAATTTATT,0
GAACAAAACTAAAGCT,0
GAACAAAAGCGGGTAA,0
GAACAAACCATGACTA,0
GAACAAAGCTTGTCAC,0
GAACAAAGGCCATAGC,0
GAACAAATATCTCACA,0
GAACAAATGGTCATTT,0
GAACAACATACAGGAA,0
GAACAAGAAATCAGTC,0
GAACAAGTCAACAAGG,0
GAACAATACTAGTCGA,0
GAACAATAGCCAGACC,0
GAACAATGAAATACAT,0
GAACAATGACCATGAG,0
GAACAATGACTGGGTC,0
GAACAATTACTAAATC,0
GAACAATTAGAATACG,0
GAACAATTCGTTCTAT,0
GAACACAACCCTCGGA,0
GAACACAAGAGGCCCT,0
GAACACAATTTAAAAT,0
GAACACATAAAAAACA,0
GAACACATATCCTTGA,0
GAACACCCATTTACAG,0
GAACACCGAGTTGATC,0
GAACACCGGATACCAT,0
GAACACGAAATTTCAT,0
GAACACGCAACCGAAC,0
GAACACGTGGAGAATG,0
GAACACTAACGTTTCA,0
GAACACTGGGCTGCCG,0
GAACAGAAGGTCGTGC,0
GAACAGAGATTCATCG,0
GAACAGAGCATGTGTT,0
GAACAGAGCGTCAGAC,0
GAACAGCAATTTTATT,0
GAACAGGAGGTAATGA,0
GAACAGGTATACTTTA,0
GAACAGTAAACGTTAC,0
GAACAGTCACATACAG,0
GAACAGTCAGCTATAA,0
GAACAGTCCTATTAAC,0
GAACATAAAAGCATAT,0
GAACATAATCAGCATC,0
GAACATACATCTACTA,0
GAACATATAAATGGAT,0
GAACATATTTTTCGAC,0
GAACATCCCTATAGTA,0
GAACATGCAGTTTAAC,0
GAACCAAAAGTATAAG,0
GAACCAACATGCCATT,0
GAACCACGCACAAAGT,0
GAACCATCGTGTTTCA,0
GAACCATGCAAGTACC,0
GAACCCAAGTAAATAG,0
GAACCCAGGGAAGAAC,0
GAACCCCTCTGAGACA,0
GAACCCGAAACGACTA,0
GAACCCGCAGCACAGA,0
GAACCCTTGCGTCGAA,0
GAACCGACAAGACATC,0
GAACCGCTGGTAGAAT,0
GAACCGTAATGATACG,0
GAACCTAACATAAAAG,0
GAACCTAACCACGGTT,0
GAACCTAACTTAAACT,0
GAACCTACCCTGATAG,0
GAACCTACCTAATGGG,0
GAACCTACTCGAATTC,0
GAACCTATAGAATCCG,0
GAACCTATGAGATCCC,0
GAACCTCAATACTTGA,0
GAACCTCACGTACTAT,0
GAACCTCAGACACCGA,0
GAACCTCCAGTTAAAA,0
GAACCTGCAGACATTA,0
GAACGAAATGTTTGAC,0
GAACGAATATTAACGT,0
GAACGAATGTTCTGAT,0
GAACGACAAATTCCAA,0
GAACGAGATTACATTG,0
GAACGAGTCATTCAAA,0
GAACGATAGCGTATTC,0
GAACGATCGGTTAGCC,0
GAACGATTATAACCCA,0
GAACGATTGCGACAGT,0
GAACGCAAAAACACTC,0
GAACGCACCTCGACAT,0
GAACGCCACTTAACTA,0
GAACGCCTCTGTCTCA,0
GAACGCGAGCGCTCCA,0
GAACGCGGGTCCACCA,0
GAACGCTGTTCCCTCT,0
GAACGGAAGGCAACAC,0
GAACGGACTCGCCAGG,0
GAACGGATGTAAAAAT,0
GAACGGCACTGCCTAA,0
GAACGGTAAAGCGCAA,0
GAACGGTTACATACAA,0
GAACGTAATAATCTCA,0
GAACGTCACCTACTTT,0
GAACGTCATAAATAGG,0
GAACGTCTTAGTGACT,0
GAACGTGTCTTAACGA,0
GAACGTTACATGGTAC,0
GAACGTTTATGTCGAG,0
GAACTAAACCGAGGAT,0
GAACTAACATCAAACA,0
GAACTAAGGAATATGC,0
GAACTAATCAACTACT,0
GAACTACTATAGATTG,0
GAACTATAAAACCATA,0
GAACTATCAAACTTGC,0
GAACTATCATAAAGCA,0
GAACTATGCTAGTGTG,0
GAACTCAAGGCTTCGG,0
GAACTCAATAACATAA,0
GAACTCCATTCCCCAA,0
GAACTCCCTCTCTTCC,0
GAACTCCTATAAGCGA,0
GAACTCGAACTAAACT,0
GAACTCGTACAAATCT,0
GAACTCTATTCTATGT,0
GAACTGAAAAAGTGCA,0
GAACTGAAGCACTACT,0
GAACTGCATCACATCT,0
GAACTGGACGGCAAAT,0
GAACTGGAGTACAATT,0
GAACTGTTAAAAAACC,0
GAACTTAAGATAGCCG,0
GAACTTAATCAAGCAA,0
GAACTTACATATTACT,0
GAACTTCAGAGCTTAA,0
GAACTTCTCACACTAT,0
GAACTTGAGCCGCAGT,0
GAACTTTACTTGGTAA,0
GAACTTTTTGAGCCCA,0
GAAGAAAAATCAAATA,0
GAAGAAAACATTCCCG,0
GAAGAAAACTATGACT,0
GAAGAAATCGCATATA,0
GAAGAAATGAACACTT,0
GAAGAACCGAATATTG,0
GAAGAACGCAGTATCA,0
GAAGAACGTTAAAAAA,0
GAAGAAGCTCGTTAAA,0
GAAGAATAAAAACAGA,0
GAAGAATAGAAATATT,0
GAAGAATAGACGAGAA,0
GAAGAATCCTAAGGAT,0
GAAGACAAGCGCGTGG,0
GAAGACACACATAAAA,0
GAAGACCCTGTATTGA,0
GAAGACGGTTGGCGAA,0
GAAGACTTAGAAGACC,0
GAAGAGAAGCCGAGAA,0
GAAGAGACTGCGCAAT,0
GAAGAGAGTAATGCCT,0
GAAGAGATCGCTATCG,0
GAAGAGCTAGACCAAA,0
GAAGAGGTACTATTGA,0
GAAGAGGTTAGGAAAG,0
GAAGAGTTATAGAATT,0
GAAGAGTTTACGAACT,0
GAAGATAAAGACATGA,0
GAAGATAAGACTTACA,0
GAAGATAAGGCCAAGC,0
GAAGATAATACTCTCA,0
GAAGATACACAACGCA,0
GAAGATACAGAGACAT,0
GAAGATACATAAACTA,0
GAAGATAGACTTGAGC,0
GAAGATCCAATTGAAC,0
GAAGATTATGTAAATG,0
GAAGCAAAACGTAGGA,0
GAAGCAAACACTTTCA,0
GAAGCAAATGAACAAA,0
GAAGCAACACGACATA,0
GAAGCAATAACATAGG,0
GAAGCAATGCGATCAT,0
GAAGCAATGTATTACC,0
GAAGCAGAGTTCATCT,0
GAAGCAGCAGGGGGGG,0
GAAGCAGGAATCTTTG,0
GAAGCATTAGGCGTAC,0
GAAGCCAAAACACTCT,0
GAAGCCAGCTCCTACA,0
GAAGCCCTATAAAAAA,0
GAAGCCGTTAAAAAGC,0
GAAGCCTGGTGACGTA,0
GAAGCTAAGACCACGG,0
GAAGCTACCAGTCTCT,0
GAAGCTACCGTTTTGA,0
GAAGCTATTTAGTGGG,0
GAAGCTTGCCCGCGTT,0
GAAGGAAAGCACTGAA,0
GAAGGACATAGAACAC,0
GAAGGACGATGTCGTA,0
GAAGGACGTCGGTACT,0
GAAGGAGAAAAAAACC,0
GAAGGAGCAGAAATCC,0
GAAGGAGGCAGTTAGT,0
GAAGGAGTCAAGGTTC,0
GAAGGATATGTAATCT,0
GAAGGATCAACCAGCG,0
GAAGGATGGACATGAT,0
GAAGGCGTTGACGCTA,0
GAAGGCTAAGGCGAAA,0
GAAGGTAAACTTGATA,0
GAAGGTCAGATTACCT,0
GAAGGTCTAAAACGCG,0
GAAGGTGATCAGAACC,0
GAAGGTTTAAAGACAA,0
GAAGTAAAAAATTGCA,0
GAAGTAAAACTGGAAA,0
GAAGTAATTGGGGGTA,0
GAAGTACTTGTCATCT,0
GAAGTAGAGCTTTTAA,0
GAAGTAGTAAGTTATA,0
GAAGTAGTATACAAAG,0
GAAGTAGTGAGTCAAC,0
GAAGTATAGCGAAATT,0
GAAGTCAAGACGCTTC,0
GAAGTCCCACCGAACC,0
GAAGTCTAGGAGAATG,0
GAAGTCTATTACGCGT,0
GAAGTCTTCAAAGATA,0
GAAGTGAGACAGAACC,0
GAAGTGATGTTGACTT,0
GAAGTGATTCAAAAAT,0
GAAGTGTAATAATGAC,0
GAAGTTAACTCACCGA,0
GAAGTTAATTCCAAGG,0
GAAGTTATTGAGTTAA,0
GAAGTTCAATGTGTTT,0
GAAGTTCATGACCAAA,0
GAAGTTCCGTTGGAAA,0
GAAGTTTAAGAAATGG,0
GAAGTTTAATGTCTAA,0
GAAGTTTACCAGACTC,0
GAAGTTTGCATATTCA,0
GAAGTTTTAAATAGAA,0
GAAGTTTTGGGGCTGA,0
GAATAAACAGAAGAAC,0
GAATAAACGTGTATAT,0
GAATAAAGAAAAGATC,0
GAATAAAGGATAAACG,0
GAATAAAGTGACATCC,0
GAATAAATCCAAACAT,0
GAATAACAAATTAACG,0
GAATAACAGCTGAAAA,0
GAATAACCTCATAAGT,0
GAATAACCTGCCAACT,0
GAATAACGACGTCCGA,0
GAATAATAAAAAAGCC,0
GAATAATCTATGTAAA,0
GAATAATTAGCAACCG,0
GAATACACTATACAAT,0
GAATACAGACATTTGT,0
GAATACCACGCAGTTA,0
GAATACCAGAACTGAC,0
GAATACCGACAGAATT,0
GAATACCTCATTTCTT,0
GAATACGAGATTAATT,0
GAATACGCAAAAAACA,0
GAATACGCAATTTTCA,0
GAATACGTCTATCTGG,0
GAATACTCCTGATAAC,0
GAATACTGACAATTAA,0
GAATAGAGAGATTAGG,0
GAATAGAGGAACAATG,0
GAATAGATCCAATCAT,0
GAATAGCACAGATAGT,0
GAATAGCCGAACAAAA,0
GAATAGGCAATCAATT,0
GAATAGGCGATTGCTC,0
GAATATAAAAACACAA,0
GAATATACGCGAATTC,0
GAATATACTGTGACTA,0
GAATATAGCAAATCAC,0
GAATATGACGTGTACA,0
GAATATGAGCATGTGA,0
GAATATGCTTGAGCGA,0
GAATATGTACTTAACT,0
GAATATTAATAACGCG,0
GAATATTAATTGAACA,0
GAATATTTAAAAAAAA,0
GAATCAAACAAACGCG,0
GAATCAAAGTTATTAG,0
GAATCAACAGAAATAT,0
GAATCAAGAGAGATTA,0
GAATCAAGCACTAGCC,0
GAATCAATACTAGAAA,0
GAATCACAACTGGGTT,0
GAATCACGTTCAACAG,0
GAATCAGAAATATGGA,0
GAATCATAAACAGCCA,0
GAATCATGAAAAAAGA,0
GAATCATTCAGAAACA,0
GAATCCATATAAGAAG,0
GAATCCCACTATTTGA,0
GAATCCCCCTCTCGTC,0
GAATCCGATTGAAAGC,0
GAATCCTTAACCTCAG,0
GAATCCTTCCCAGCTC,0
GAATCGCAAACTGATC,0
GAATCGCTAACCGTGA,0
GAATCGTACAATCGTA,0
GAATCTACTAAATCTA,0
GAATCTAGAATATATC,0
GAATCTAGTGTAACGG,0
GAATCTCAATCTCATG,0
GAATCTCACGCCGACA,0
GAATCTCATACATACA,0
GAATCTCCGTGCTGAT,0
GAATCTTCACATCCTC,0
GAATGAAAAAGAAACG,0
GAATGAAAGAAGAACA,0
GAATGAATAGCCAAAA,0
GAATGACAACGTATCA,0
GAATGACACCTACTTA,0
GAATGACTCACGAGAC,0
GAATGAGATTTTCACT,0
GAATGATATCATAACC,0
GAATGCAGAAATCTTA,0
GAATGCCTGGTATAAC,0
GAATGCGTAAAGAACT,0
GAATGGATGTCGTTTA,0
GAATGGGGTCGGTTTA,0
GAATGTAAATCAGATT,0
GAATGTAGCTGTGCGA,0
GAATGTAGTGGATGAC,0
GAATGTATCTTACTAG,0
GAATGTGCCATTCCGT,0
GAATGTGGATAGCCTC,0
GAATTAAACAAATCGA,0
GAATTAAACATATATG,0
GAATTAAACGTCTTTC,0
GAATTAAAGGTAGGCC,0
GAATTAACAAAATAAC,0
GAATTAACACAAGGCA,0
GAATTAAGAATAAAAA,0
GAATTAAGACCACGTC,0
GAATTAATTTGCTTTC,0
GAATTACACTTGACGA,0
GAATTACGAAGAGAGT,0
GAATTAGAATTAATAA,0
GAATTAGCATCACTAC,0
GAATTAGTAAACACAC,0
GAATTAGTATTATGTG,0
GAATTATAATATCCAA,0
GAATTATTCAATGTTT,0
GAATTCCTTAAATTGA,0
GAATTCTACTAACAAT,0
GAATTCTAGAATGCAC,0
GAATTCTATATATTAT,0
GAATTCTCTCAATAGA,0
GAATTGATACACTTAT,0
GAATTGCACTTGTTAA,0
GAATTGCCCAACACAT,0
GAATTTAATAGAATAT,0
GAATTTAGCAGTGGTC,0
GAATTTATTGAGACCC,0
GAATTTCTAGAGCACT,0
GAATTTGAGTACAAGA,0
GAATTTGATAACAAAT,0
GAATTTGCTGACATTA,0
GAATTTGTGATGAATC,0
GACAAAAATCAACCAC,0
GACAAAAGAAGCGAAT,0
GACAAAAGATAGAGAT,0
GACAAAAGTAAAAATA,0
GACAAAAGTAATTGAC,0
GACAAACAAGTGAAGC,0
GACAAACAGATGGATA,0
GACAAACCACTAACCA,0
GACAAACCGCACCACC,0
GACAAAGCCACATCCC,0
GACAAAGTATAACCCG,0
GACAAATGGAAACGGT,0
GACAAATTGTTTAGAG,0
GACAACACACAAATGA,0
GACAACATAAGGGATA,0
GACAACATAGCCTTAT,0
GACAACATATATATAT,0
GACAACATTTATACAG,0
GACAACCGAATGCCAC,0
GACAACGACCATCAAG,0
GACAACGCCAAGCCAA,0
GACAACGCGGTTGTCT,0
GACAACGTATACACAG,0
GACAACTAATCCTACA,0
GACAACTATACCACGA,0
GACAACTGTGCAAGTT,0
GACAAGAACCAGGCCC,0
GACAAGACTTTAATAA,0
GACAAGCGTGGGCCAT,0
GACAAGGAAATTAAAT,0
GACAAGGAATCCATTC,0
GACAAGTGGAAGCAGG,0
GACAATACATGCTTAA,0
GACAATACTATAAAAC,0
GACAATATATGACACA,0
GACAATCCAGACACCC,0
GACAATCTTGGAACCC,0
GACAATGCTGACATGT,0
GACAATGTAAGACGTT,0
GACAATTGAGTCACGC,0
GACAATTGCCATTAGA,0
GACACAAACTGAAAGA,0
GACACAAATCATCCGG,0
GACACAACACAAACGA,0
GACACAATAAATTTCA,0
GACACAATGAACTGCG,0
GACACACATTTAACGC,0
GACACAGCAACGTCCG,0
GACACAGCCACGGGAA,0
GACACATAGTAGAGAT,0
GACACATAGTTTTGTG,0
GACACATTTTCCGCCA,0
GACACCAACCATATTA,0
GACACCCACTTCATTA,0
GACACCCTAAATTGAC,0
GACACGGAGAAGGACC,0
GACACTCCGGCATGTG,0
GACACTGAGCATGTAA,0
GACACTGTAGATGTGT,0
GACAGAACTACATACA,0
GACAGAATAAGACTAT,0
GACAGACATAAATAAG,0
GACAGATCGCAGTCGG,0
GACAGCAAACTTACGA,0
GACAGCCATCAAGTCC,0
GACAGCCTCAGAACAG,0
GACAGGACGGTAAAGT,0
GACAGGAGTCTTAAAA,0
GACAGGATACTCTCAG,0
GACAGGCGAATCACAA,0
GACAGTAAAAGACTAA,0
GACAGTAAAGTTCAAA,0
GACAGTATCTCATGAC,0
GACAGTCATAACTGAC,0
GACAGTCCATAAGTGT,0
GACAGTGACAAACAGC,0
GACAGTGCAACAAGTG,0
GACAGTGTACGCCCAC,0
GACAGTTAACCACTCG,0
GACATAAAGAGATGAA,0
GACATAACTAATGTCG,0
GACATAAGACAAAATG,0
GACATAATAGAGCAAA,0
GACATAATATTCAGAG,0
GACATACACGATGGCT,0
GACATACGTTAGAGTG,0
GACATACTCATTATTT,0
GACATAGTACTGGTAA,0
GACATATAACAACGCA,0
GACATATATAGATCAC,0
GACATATGGGATACAA,0
GACATATTGTCCAATT,0
GACATCACTCCGTTCC,0
GACATCCAAAGAGTCA,0
GACATCGTGTAAACGA,0
GACATCTAGCTATTAA,0
GACATCTATAGATTAA,0
GACATCTGCGGATAAA,0
GACATCTTTCGTAAGC,0
GACATGACATAGCAGA,0
GACATGAGCCTACAAA,0
GACATGATCTATACGA,0
GACATGATGAACAAAG,0
GACATGATTTATTGCT,0
GACATTACAGGCATAC,0
GACATTACATGTACCA,0
GACATTATTTAGTTAT,0
GACATTCACTACGACG,0
GACATTTAATAGTATC,0
GACCAAACCGTCACCA,0
GACCAAAGGAAACTAA,0
GACCAAAGTGTTCCCG,0
GACCAAATATGAAGGT,0
GACCAAATTTAGATAC,0
GACCAACAGAGAAACG,0
GACCAATGACATCATG,0
GACCACAATTTGGTCG,0
GACCACAGAGTAGACC,0
GACCACAGCAGAGTGT,0
GACCACGAAAACTTTA,0
GACCAGAAGATGTTTA,0
GACCAGATTTTTACAA,0
GACCAGCCCAAAGAAC,0
GACCAGCGAAATAGGA,0
GACCAGGAATAACTCA,0
GACCAGGATTGCTCAA,0
GACCATAGATATTTAA,0
GACCATCACGAGCAAA,0
GACCATTGACCAAAAC,0
GACCCAAAGAAAAAAC,0
GACCCAGATGCACCAG,0
GACCCAGCAACTTTGC,0
GACCCAGTGGTATAGC,0
GACCCATGGTTATCAC,0
GACCCCACAAAAGACG,0
GACCCCCTCAAACCAT,0
GACCCCGGCATTCGCA,0
GACCCCTAGAAACCGA,0
GACCCGATGCAGCAAA,0
GACCCGCAGTTGGGAC,0
GACCCTTAAAGTGATA,0
GACCCTTTTATTGTGT,0
GACCGAACACCGGAGT,0
GACCGAGCACCTTGGA,0
GACCGAGCGGGTTCGA,0
GACCGCATTATAGAAT,0
GACCGCCATACATTTA,0
GACCGCTCATGAAGAT,0
GACCGGAATTCATATT,0
GACCGTAAGAGGAACA,0
GACCGTCAAAGAAAAT,0
GACCGTCCACCGTGAT,0
GACCGTGGTTCCCCAC,0
GACCTAACGGCCTCGC,0
GACCTAATGATGGATA,0
GACCTACATAACATAT,0
GACCTACATATAAACC,0
GACCTAGAGCCGAGTA,0
GACCTAGATATTGGTG,0
GACCTCACTATATTCA,0
GACCTCAGAACTAAAT,0
GACCTCAGACTCAACA,0
GACCTCATGTGACAGC,0
GACCTCCACTTGCAAT,0
GACCTCTGGCAAATAG,0
GACCTCTTATGCATGG,0
GACCTGACAAATTTCT,0
GACCTGAGAAAAGACC,0
GACCTGCTATAAAACA,0
GACCTTACCACTCAAT,0
GACCTTATAAATAAGT,0
GACCTTGCAACGCGGT,0
GACCTTTCCACCACTT,0
GACGAAAAATCGAATA,0
GACGAAAAGGTTAGAC,0
GACGAAACGCAAACTA,0
GACGAACAATAGATGA,0
GACGAACCGCCCCGCA,0
GACGAACGACCGTTAA,0
GACGAACTTCATTGCG,0
GACGAATCTAATGACT,0
GACGAATCTGCATTGT,0
GACGACAATAGATTCA,0
GACGACACTACTACTG,0
GACGACATAGACATCA,0
GACGACCAACCCCGTA,0
GACGAGAAACAAAAAG,0
GACGAGAAACTAGGTA,0
GACGAGAATGCTTAGA,0
GACGAGCCCAAAAAAA,0
GACGAGCCCATTCAGG,0
GACGAGCTTAATAAAG,0
GACGAGGCACCGGATT,0
GACGATAACCAAGTGT,0
GACGATACACGAAATT,0
GACGATAGGGCACCTA,0
GACGATCCAGGTCTAC,0
GACGATCTAAAAAAAA,0
GACGATCTCGAGCGAC,0
GACGATTACGTTCGGA,0
GACGCAACTAATTAAA,0
GACGCAGCGTAGTAGA,0
GACGCAGTAATGGATT,0
GACGCATCCCAAAGAA,0
GACGCATGACATTTTA,0
GACGCCAGAGGCTCTT,0
GACGCCATAGCTAGAC,0
GACGCCATCTTCCACA,0
GACGCCGATAAGAAGA,0
GACGCCTAATGAATCT,0
GACGCGCTAGACAAAA,0
GACGCGTATGCTGATG,0
GACGCTTATCAAGAAC,0
GACGCTTCCCGTGGTC,0
GACGCTTTAGGTTAAA,0
GACGGAAAGTATTCTC,0
GACGGAATCTTCAACT,0
GACGGAGGGAAGATTA,0
GACGGCACAGACAAGA,0
GACGGCTTTGAGAGAC,0
GACGGGCACTGGTCCA,0
GACGGGCGTAATTCCG,0
GACGGTCTCATGGTCG,0
GACGTAAAAAATTTGA,0
GACGTAAGTTGCGGAA,0
GACGTACACATAACAA,0
GACGTACATCAAAATG,0
GACGTAGTATTGAACG,0
GACGTATAATATGACG,0
GACGTATACAGTTATC,0
GACGTATATAGTATAG,0
GACGTATATTTTCCAA,0
GACGTCACCAACAAGA,0
GACGTCATACCCGTCC,0
GACGTCGAATCAAGCT,0
GACGTCTAAAAACTAA,0
GACGTGAAAACCACAC,0
GACGTGAACAATACGA,0
GACGTGAATTCGTCAC,0
GACGTGACGAATGTTA,0
GACGTGGAGATATCGT,0
GACGTGTATTCGCACA,0
GACGTTAGTTTCAATG,0
GACGTTATATCCCAAG,0
GACGTTCACGCCCCAG,0
GACGTTCATTAACCCA,0
GACGTTGAAAAAAGTC,0
GACGTTGCTAATTAAC,0
GACTAAAAATGTAATT,0
GACTAAAAGCATATCA,0
GACTAAAATAGCAAAT,0
GACTAACCACGCCCCA,0
GACTAACGCTCTAGTT,0
GACTAAGAGGAACGCT,0
GACTAATACGTCGGAT,0
GACTAATTTTAACCTT,0
GACTACATTAGACCAT,0
GACTACCTAATTTAGA,0
GACTACGGCAGAATAC,0
GACTAGAAAAAAGGAA,0
GACTAGACCCTTAAAA,0
GACTAGACGATCGACT,0
GACTAGAGTTGAAAGA,0
GACTAGATTGAATTGT,0
GACTAGCACGGCTGAA,0
GACTAGCCCGCCGATA,0
GACTAGCGGCCGATTA,0
GACTAGGACAGCTTGG,0
GACTAGTCGGAAGCGA,0
GACTATCAAAATCAGT,0
GACTATCTATACCAAC,0
GACTCAAAAAACTTCC,0
GACTCAAAAATGCCTA,0
GACTCAAAAGGATAGC,0
GACTCAAACAACAAAA,0
GACTCACTAATGTGTT,0
GACTCAGATTAAGTAT,0
GACTCAGCCCTAATGC,0
GACTCATGATAAGAAT,0
GACTCCAACACAGATT,0
GACTCCAATAAAGACC,0
GACTCCATACAATTCC,0
GACTCCCCACCGTACA,0
GACTCCGGTTGATACG,0
GACTCGAAAAATACAA,0
GACTCGAACAGATTGA,0
GACTCGACGTGCGAAT,0
GACTCGCAACGATACG,0
GACTCGCACAAAGAAG,0
GACTCGGAGTCTTTTT,0
GACTCGTATACGGCTT,0
GACTCGTTACAGCTTA,0
GACTCGTTACCGTGCG,0
GACTCTAAAAGAACAG,0
GACTCTATGGTGATTG,0
GACTCTGAATACTAAA,0
GACTCTTACTCACGGG,0
GACTCTTGAACTAAGG,0
GACTGAACGAAAGTAT,0
GACTGAAGAACAACGA,0
GACTGAAGAACTACCG,0
GACTGATAGCCGGCCT,0
GACTGCAAACGAACTA,0
GACTGCATTTTGTGGA,0
GACTGCCTGGGACCAT,0
GACTGTAGATCAGTGT,0
GACTGTATGCGACTCG,0
GACTGTGTATAATAAC,0
GACTGTTTTAGAAGGA,0
GACTTAATAACTTACC,0
GACTTAATACTTAGAG,0
GACTTACAATACAAAA,0
GACTTAGACATTAAAA,0
GACTTAGATGATGAAT,0
GACTTAGTAAAAATTA,0
GACTTATAACCAACAA,0
GACTTATAATCACGAG,0
GACTTCACGGTCGCGA,0
GACTTCACTGATTCAC,0
GACTTCCCCGGGGAGG,0
GACTTCCCTCTCATGA,0
GACTTCGAATAGTCGA,0
GACTTCGACAAGTGAG,0
GACTTGACCATATAGT,0
GACTTGACCGCACGGT,0
GACTTTAACCAATACG,0
GACTTTCGTAAGAATA,0
GACTTTGAAATAGTAG,0
GACTTTGTAACGAGAG,0
GACTTTTCGTGTCAGC,0
GACTTTTTATAATGAA,0
GAGAAAACCACGGCTA,0
GAGAAAATTCGTAAAA,0
GAGAAACACTCTTCAG,0
GAGAAACATACATAAT,0
GAGAAACATATTATCA,0
GAGAAACTCGACGGTA,0
GAGAAATCACTAGAAA,0
GAGAACACCCACCAGA,0
GAGAACATCTCGGTAG,0
GAGAACATTAGGAGTT,0
GAGAACATTCACCCAT,0
GAGAACATTCTTGGAA,0
GAGAACCGTCCTATTA,0
GAGAACCTCCATAGTT,0
GAGAACGGGGCTAATT,0
GAGAACTCAATTCAAT,0
GAGAACTGGCACCTAT,0
GAGAACTGTTAATACC,0
GAGAACTTACAGAGAA,0
GAGAAGAAGACACCCA,0
GAGAAGAGTATCGTCC,0
GAGAAGATATACCTAA,0
GAGAAGATCAGAAACG,0
GAGAAGCACAGATTGT,0
GAGAAGCAGGAATTTT,0
GAGAATAAAAAGAATA,0
GAGAATAATACTTGAA,0
GAGAATATCCGTGCAG,0
GAGAATCCCACTGCTA,0
GAGAATGAGGAAGTAC,0
GAGAATGTCACTAACA,0
GAGAATTACGGGCCAC,0
GAGAATTATTCCCAGT,0
GAGAATTTACGGCGGG,0
GAGACAAACCATCTCC,0
GAGACAAAGGACGATG,0
GAGACAACACAATGCA,0
GAGACAGATACCTAGA,0
GAGACAGCTATAGAAT,0
GAGACAGTGGATGGCC,0
GAGACATACACGAATG,0
GAGACATCACAGTAGA,0
GAGACATCTATGTGCC,0
GAGACATGGCATAAGT,0
GAGACATTACCGCACG,0
GAGACATTTCGATGTC,0
GAGACCCCTCAGCTAT,0
GAGACCGAACAGGGAG,0
GAGACCGCGAGAGGAT,0
GAGACCTGGGTGCCAA,0
GAGACGCAGATATAAG,0
GAGACGGTCGGAGCAT,0
GAGACGTACGAACACA,0
GAGACGTAGTTTTGAA,0
GAGACGTCTAAATTCA,0
GAGACGTGACAAAGAC,0
GAGACGTTATCTAAGA,0
GAGACTCTAAGCTGTG,0
GAGACTTAACATTGCT,0
GAGACTTACGAACAAT,0
GAGAGAACATTGTGAA,0
GAGAGAACGGAAAGAC,0
GAGAGAATGCAGGGCT,0
GAGAGACTGAAAAATA,0
GAGAGATGTAATTGTG,0
GAGAGATTTTAGTGTG,0
GAGAGCGGATAGGAAA,0
GAGAGGACGAAACAAA,0
GAGAGGATTCGATGGA,0
GAGAGGCAACGTAACC,0
GAGAGGTTTCATAGAG,0
GAGAGTAAAAATACAC,0
GAGAGTAGTTGATATT,0
GAGAGTCATCAAAAGT,0
GAGAGTGTTCTGAACT,0
GAGAGTTACATAATTA,0
GAGATAAAAAACTAGT,0
GAGATAACACGCAAGA,0
GAGATAAGCCCACAAT,0
GAGATAATGGCTACCT,0
GAGATACACTCGCGAG,0
GAGATACGCTCACTGG,0
GAGATAGCCTAGCGTA,0
GAGATATAACTAGCTA,0
GAGATCAATTCCCGTA,0
GAGATCCATGGTTTCC,0
GAGATCCGATATTGCT,0
GAGATCCGGGTCTCTT,0
GAGATCTCGAACACCC,0
GAGATGAGGATTGCTT,0
GAGATGATAAGTGTCT,0
GAGATGCAACTACACA,0
GAGATGCCATTATAGA,0
GAGATTAATGTAAAGC,0
GAGATTGATAATACGA,0
GAGATTGGTACGATTA,0
GAGATTTGCTTACACC,0
GAGATTTTAGACCGAC,0
GAGCAAAAAATGAAGT,0
GAGCAAAATCATATGA,0
GAGCAACACATCTTGA,0
GAGCAACCATTGCACC,0
GAGCAACTTAGGAAGC,0
GAGCAATACACAATGG,0
GAGCAATCAAGAAGCG,0
GAGCACACGATTGCCT,0
GAGCACATTTGCACAA,0
GAGCACGAAACAAATT,0
GAGCAGCAAGCTTAAA,0
GAGCAGCACCCGGACT,0
GAGCAGCACGCGCCTT,0
GAGCAGGCCAACACCA,0
GAGCATAAAGCGATTG,0
GAGCATAGTGCCTCAG,0
GAGCATATGAACCTCA,0
GAGCATCGCTAATTCA,0
GAGCCAAAACGTAGCG,0
GAGCCAAACGTCAAAC,0
GAGCCCCTCTCACTGT,0
GAGCCGAAATGGACAT,0
GAGCCGGACACGAACG,0
GAGCCGGTATTTGAAG,0
GAGCCGTATTTCTACG,0
GAGCCTAAGACTAAAT,0
GAGCCTAGAAGAAAAG,0
GAGCCTCAACATCTGC,0
GAGCCTCAGAATTCGA,0
GAGCCTGTATTACTCA,0
GAGCGAATCGACAAAT,0
GAGCGACCACAATATT,0
GAGCGATAACGACAAT,0
GAGCGATCAAGATAAA,0
GAGCGATCTACTAGAC,0
GAGCGCAGTTTTGATC,0
GAGCGCCTTTCCTCAA,0
GAGCGCTACTTTCTCA,0
GAGCGCTATGGTTAAT,0
GAGCGCTTGTAGAAAC,0
GAGCGGAACCACCGAT,0
GAGCGGATCAAATCCA,0
GAGCGGCCTCTCAAAC,0
GAGCGTATTTGCCTAA,0
GAGCTAACAGGGACAA,0
GAGCTACCCCCAGTAT,0
GAGCTACGACGTATAC,0
GAGCTACTCATTACTC,0
GAGCTAGTGATTTATT,0
GAGCTCAAGGGACTTA,0
GAGCTCAGCAAATCTT,0
GAGCTCATAAATTCCC,0
GAGCTCTACTACATGT,0
GAGCTCTAGACCGGAA,0
GAGCTCTAGGATATTA,0
GAGCTCTATCCCAGCC,0
GAGCTGATACAGCTTA,0
GAGCTGATTGAGGGTT,0
GAGCTTACGAGACATT,0
GAGCTTAGAAAGCAGA,0
GAGCTTTCATATGGAA,0
GAGGAAAAGAACAGCT,0
GAGGAAAGCCCTATCG,0
GAGGAACAACAAAAAT,0
GAGGAACACACCCAAG,0
GAGGAAGCACTAAAAT,0
GAGGAATACCAATAAG,0
GAGGAATTCGCATGCA,0
GAGGAATTTACTAAAT,0
GAGGACCTGGCCACGC,0
GAGGACTAGTATAGTC,0
GAGGAGCACCGATTAA,0
GAGGAGTAGACTAAAC,0
GAGGATCTATAGTAAA,0
GAGGCAAAAATATCCG,0
GAGGCCAACAAAACGA,0
GAGGCCATAACAATCT,0
GAGGCCGAAGAATTCA,0
GAGGCGGAGTGTATAT,0
GAGGCGTAAACACTCC,0
GAGGCTGCAGATCATC,0
GAGGGAACACCAGAAT,0
GAGGGAGGAGCATCGT,0
GAGGGATAAACGGAAA,0
GAGGGGAGTGATACAA,0
GAGGGGCAACCAAACT,0
GAGGGGGAAATTTTGA,0
GAGGGGTACTAGTGCG,0
GAGGTATACTTGGAGT,0
GAGGTCACAACCGACA,0
GAGGTCGCAAAGCGAT,0
GAGGTCGCACATTGCG,0
GAGGTCGGAAATTGAT,0
GAGGTGACCATAACCA,0
GAGGTGCACAAACCCT,0
GAGGTGGTGGCAAATG,0
GAGGTTCAAGAAAACT,0
GAGGTTGCCCAGTCAA,0
GAGGTTTAATAAAGCG,0
GAGTAAAACTTTATCT,0
GAGTAAAACTTTGTCT,0
GAGTAAACAGGAGCGT,0
GAGTAAACCTAATTTA,0
GAGTAACGCGTATGAA,0
GAGTAACTACAGGAGT,0
GAGTAACTAGTTCGAG,0
GAGTAAGACAAATTGT,0
GAGTAAGACAATACGA,0
GAGTAAGGTTAATTGC,0
GAGTAATTTAACCTAT,0
GAGTACAATCTACGCA,0
GAGTACATTAGTAGGA,0
GAGTACCCCGGCAGAG,0
GAGTACCTAGATTTTT,0
GAGTACCTGCAATTCC,0
GAGTACTATACTAAAT,0
GAGTAGCATATTCAAA,0
GAGTAGTAGTGGAGAC,0
GAGTAGTTGATTAATG,0
GAGTATAGGCATACGT,0
GAGTATAGGCTGGCTT,0
GAGTATAGTGCTTGGA,0
GAGTATATATAATCTA,0
GAGTATATCACCTCGG,0
GAGTATCCCACTAACA,0
GAGTATCGAAGACCAC,0
GAGTATGACCTCAACG,0
GAGTATGCTGGACTTT,0
GAGTATTAACAGACAA,0
GAGTATTACTAAGTAC,0
GAGTATTAGAACTAGT,0
GAGTCAGCAAAAAATA,0
GAGTCATGACAATTCT,0
GAGTCATTCACAAGAT,0
GAGTCATTGTGTAACT,0
GAGTCCACACTGCACG,0
GAGTCCACATAGGGGT,0
GAGTCCCATGGGGAAC,0
GAGTCCCGGTTTTAAC,0
GAGTCCTCGGTGTATG,0
GAGTCGCAAAAAAAAA,0
GAGTCGCAATTCGCTA,0
GAGTCGGCAAGTTCAA,0
GAGTCTCAGAAAGGTT,0
GAGTCTGACGTAATCC,0
GAGTCTGGATGCCAAG,0
GAGTCTTATCGCGTCA,0
GAGTGACAGATCCTCT,0
GAGTGAGGATTATCGT,0
GAGTGATCATGTTAAT,0
GAGTGCTAAGGTCTTG,0
GAGTGCTAATAGCGTT,0
GAGTGGGTCATGCGGA,0
GAGTGTAACAGCTAAA,0
GAGTGTGAAGTTTGCT,0
GAGTGTGGCGCACATA,0
GAGTGTTATGTTGGCT,0
GAGTTAAGAACGTTCT,0
GAGTTACCTTAAAATG,0
GAGTTAGCAAATACTT,0
GAGTTATACTTGCACG,0
GAGTTCCATAATGGTC,0
GAGTTCTCAATTCATT,0
GAGTTGGATCAAAAAT,0
GAGTTGTAAGACATTT,0
GAGTTTAAATTAATAA,0
GATAAAAACTGCATTA,0
GATAAAAAGGTTGGCT,0
GATAAAACACCTCACG,0
GATAAAATGGCTGAAA,0
GATAAAATTACAGACC,0
GATAAAATTTAGTACT,0
GATAAACACACACACA,0
GATAAACACAGTAACA,0
GATAAACAGACCGATT,0
GATAAACATCCCAGTT,0
GATAAACCAATCTGCA,0
GATAAACCCGAAAGAT,0
GATAAACCCGATAACC,0
GATAAACGTTCCAGTT,0
GATAAAGCACCCGGCA,0
GATAAATGAACCATTT,0
GATAAATGGTTTTTTT,0
GATAAATTCACCAATC,0
GATAACAAAAAAAGTT,0
GATAACAAATGCGCAG,0
GATAACACTTGCGACT,0
GATAACAGGACAGGCA,0
GATAACATGAGAACCT,0
GATAACCATAGACAAA,0
GATAACCCGTCAGAAC,0
GATAACCGCCTTAACT,0
GATAACCTCCTCGATC,0
GATAACGGCACATAGC,0
GATAACGTTGTAAAGA,0
GATAACTTGGGTAACG,0
GATAAGACCATTCATC,0
GATAAGCTTCAACCCC,0
GATAAGTATATCTCTA,0
GATAAGTGAAGAACGA,0
GATAAGTGAATTAATT,0
GATAAGTGGGCACCCC,0
GATAATAACCCAAGTC,0
GATAATACTGACCAGG,0
GATAATCAACATTGAC,0
GATAATCCACACGATT,0
GATAATCCCAAGTCTG,0
GATAATCTAATTAATA,0
GATAATTGCAAAGGCG,0
GATACAAATAACAGCA,0
GATACAACAACCACGC,0
GATACAACGTGTCCAT,0
GATACACTGTGATATG,0
GATACAGACCGAAATT,0
GATACAGAGCGTCCAA,0
GATACAGGGATTGATT,0
GATACAGTGCCCGTAG,0
GATACATAACTTAAAC,0
GATACATCTCTGAACA,0
GATACATGAAAAGTAG,0
GATACATGGTTAAGTG,0
GATACCAAAAACTCCT,0
GATACCAAATGTGGCA,0
GATACCAATGTGACAA,0
GATACCACAGATTGAA,0
GATACCAGAATACATT,0
GATACCATCGGTATAG,0
GATACCGCGAACCAGC,0
GATACCTAAACAAGCT,0
GATACCTTATCTACTT,0
GATACGACTTCAAATA,0
GATACGCAAGTGAGTT,0
GATACGCGGGATTTTA,0
GATACGGATCACTATC,0
GATACGTGCAAATTTA,0
GATACTAACACCACAC,0
GATACTCCCAACAAAG,0
GATACTCTTGATAAGA,0
GATACTGGAAATCTCT,0
GATACTTCCACTTAGC,0
GATACTTGTTGCAAAT,0
GATAGAACGTTCACAA,0
GATAGAACTACGCAAG,0
GATAGAAGCAAATATT,0
GATAGAATGTTCTTTG,0
GATAGACAGGATCCGA,0
GATAGAGCAATAAAAC,0
GATAGATGGAAGAGGC,0
GATAGATTTAGTATAA,0
GATAGCAAATACACAA,0
GATAGCCAAGCATTTA,0
GATAGCCGTAAACTGA,0
GATAGCCTAATACGAC,0
GATAGCTAAATTGTTG,0
GATAGCTAGAGGTCCG,0
GATAGCTGGAAACTGC,0
GATAGGAGAAACTCAC,0
GATAGGATCCGTTCAA,0
GATAGGCCATAACAAA,0
GATAGGCGTTAATTAA,0
GATAGTAAACACAAAC,0
GATAGTACCTATCATA,0
GATAGTGAAACCAGTG,0
GATAGTTAACGGAACT,0
GATATAAACTCATACG,0
GATATAATTTTAAATG,0
GATATACATCAATGCG,0
GATATAGACAACCATC,0
GATATAGATAATATAC,0
GATATAGCTTTGTCCC,0
GATATATAGTGTAAGA,0
GATATATGCGTACATT,0
GATATATTTCGTTCTA,0
GATATCACAAGAAAGA,0
GATATCACAATAGTAC,0
GATATCATGGATAACA,0
GATATCCAAAACTATT,0
GATATCCAGCATTAGT,0
GATATCCCCTGATCCT,0
GATATCCCTGACACGG,0
GATATCGAAGTCCGAA,0
GATATCGTTTATACTT,0
GATATCTGCTATGAAT,0
GATATGAAACTCGCCG,0
GATATGATGGTTACCC,0
GATATGCCTGTACACG,0
GATATGGCCAAAATCT,0
GATATGGGAAAGCAGT,0
GATATGTCAACTATCC,0
GATATGTCAGCAATAG,0
GATATGTCGAACATTA,0
GATATGTTCTGATAAA,0
GATATTAAATGGGACG,0
GATATTACCTATACCA,0
GATATTACTATCATAA,0
GATATTATATAACCTA,0
GATATTCACTCCGCCC,0
GATATTCTATCTAGAA,0
GATATTGGAAAGCAGA,0
GATATTTATTAGGATC,0
GATATTTCCGATTCTA,0
GATCAAAAACTTTTTC,0
GATCAAAAGACGAAAC,0
GATCAAAATGGAACTG,0
GATCAAACAGAACATA,0
GATCAAAGCTGCCGAG,0
GATCAAAGGTATCTGT,0
GATCAAATGACTGTCT,0
GATCAACATCAAATGA,0
GATCAACCCTATGTAC,0
GATCAACTGCTGTGAT,0
GATCAACTTACATAAC,0
GATCAAGAACTACAGT,0
GATCACAATGATGTTC,0
GATCACATCATGGATT,0
GATCACCGATTTGATC,0
GATCACTGATCCTGCT,0
GATCACTTTTAAAAAA,0
GATCAGAAAAACAAAT,0
GATCAGCATGCATCAA,0
GATCAGGCAATTAACA,0
GATCAGGTAAACCAGA,0
GATCATAGATGCTTGT,0
GATCATCTTCAAATCA,0
GATCATGAGTACGTAA,0
GATCATGTGATTCCCG,0
GATCATTATAAAATGT,0
GATCATTCTTTACAAT,0
GATCATTGACCATCAA,0
GATCCAATAGCGAAAC,0
GATCCACAGGAGACAA,0
GATCCACCGAAGCAAA,0
GATCCACCTAAGGGTC,0
GATCCATGAGCTATCT,0
GATCCATGTCCTTGAG,0
GATCCCACGTCAACGA,0
GATCCGAGTTATTCTA,0
GATCCGAGTTGAAACA,0
GATCCGCTCTCGGGTT,0
GATCCTAGGATCAATC,0
GATCCTCTCTGAAAAC,0
GATCCTGTTCCCAAAA,0
GATCCTTTGATAAAAA,0
GATCGACTAGATTGGC,0
GATCGAGAAATGTAAA,0
GATCGATACTAGGGTG,0
GATCGCAAATATAAAA,0
GATCGCAGTGTTGTGT,0
GATCGCCTCCCAAAAA,0
GATCGCTAAAATTATA,0
GATCGCTCGCAAATAC,0
GATCGCTGTGTTTACC,0
GATCGGATACATGAAT,0
GATCGGCAGAGTGACT,0
GATCGGGAGCCTTGAT,0
GATCGTAACTAGATTC,0
GATCGTCCTAAATCGA,0
GATCTAAATCACGACC,0
GATCTAACCTGCGCAC,0
GATCTAGAGCGTTGAG,0
GATCTATTAACACTCT,0
GATCTCAATCTACGCG,0
GATCTCGCCGGAAGGT,0
GATCTCTAACAACACA,0
GATCTCTGATTTCGTT,0
GATCTGAAACGTGTTA,0
GATCTGAGTCATAGTT,0
GATCTGGACACGAAAA,0
GATCTGGCAATAAGGG,0
GATCTTACAAAATGTA,0
GATGAAAACCTAGCGT,0
GATGAAATTGTAAAAG,0
GATGAAGTACCAAATC,0
GATGAAGTCTTACCTT,0
GATGAATGAAAATATG,0
GATGAATGATAAATTA,0
GATGACATCAAAGTGT,0
GATGACGGAAAATCAA,0
GATGACGTGTACCAGT,0
GATGACTATAAAAACA,0
GATGACTGGCGATTTA,0
GATGAGCACCTAATAA,0
GATGAGCCACCTTAAC,0
GATGAGCCTAACGGAC,0
GATGAGGTGATGTCGT,0
GATGAGGTTAAGAGAA,0
GATGAGTTAACAGCTT,0
GATGATAGAATATTGA,0
GATGATCAAGTGCGTA,0
GATGATTAAAATCACC,0
GATGATTAAAGCAAGG,0
GATGATTAATACGTAA,0
GATGATTCTACTCACC,0
GATGCACAAGGAGAAT,0
GATGCACGTAATCAAA,0
GATGCACTAGCACCTC,0
GATGCATAAAAATCAC,0
GATGCATCGTAACACA,0
GATGCATGAATAAAAA,0
GATGCCACCTACGCCA,0
GATGCCGCAGATTAAT,0
GATGCCTAGCGATTAC,0
GATGCCTCAAAGCAAC,0
GATGCCTTGCGGTTCT,0
GATGCGCCTCGTATGT,0
GATGCTACAAACCCAG,0
GATGGACTACTTGTGT,0
GATGGAGAGAACCGGG,0
GATGGATACAGTAACT,0
GATGGATACCGAACAT,0
GATGGATGCAAAAGGC,0
GATGGCAAACCAGACT,0
GATGGCAAATGAGATT,0
GATGGCCATACCCCGC,0
GATGGCCCTATTCAAT,0
GATGGGAGCAATAATA,0
GATGGGATCAGTCTTC,0
GATGGGCTCGTTAAAG,0
GATGGTAACGATAGGG,0
GATGGTAGTTGCTCTA,0
GATGGTTTCGACTGCC,0
GATGTATAAACTCACA,0
GATGTATATCCAATTT,0
GATGTATCAGTTAGAG,0
GATGTCAAGCTCTGCA,0
GATGTCCAGAGGCAAA,0
GATGTCGCTTTAATCT,0
GATGTCGGCCGGCCAC,0
GATGTCTATCATAGTT,0
GATGTGAAAGTCCATA,0
GATGTGAATCTTACGC,0
GATGTGGACTACCCCG,0
GATGTGGGGACATACA,0
GATGTTACGCTCTTGC,0
GATGTTCGACTCGCCC,0
GATTAAAAATCAAGAA,0
GATTAAAATTTAGCGA,0
GATTAAACACACGACA,0
GATTAAATAAACCTTA,0
GATTAAGAATCCTAGT,0
GATTAAGAGCAAACAT,0
GATTAAGAGTTTAGAA,0
GATTAATGCCCCCGAT,0
GATTAATGTGCAAGTC,0
GATTACCAACAAAGTA,0
GATTACCATTTAAATC,0
GATTACCGGCCTGAAT,0
GATTACCTAATAAACA,0
GATTACGAAACCCATG,0
GATTACGAAGATTGTA,0
GATTACGACATGCTGC,0
GATTACGTACCCAGTC,0
GATTACTCAACCCACC,0
GATTACTGTGCTCAAA,0
GATTACTTACTAAGCC,0
GATTACTTCCCTAAAC,0
GATTAGAAAAAGATAA,0
GATTAGACCATTATAA,0
GATTAGATCGAGTCAA,0
GATTAGGGTAACGGTT,0
GATTAGGTTCTCAAAC,0
GATTAGTTGGCTAACG,0
GATTAGTTGGGCAACA,0
GATTATAACCAGATTC,0
GATTATAGAGCAAAGA,0
GATTATCTTCACAATC,0
GATTATTAATAATACT,0
GATTATTGCTAAGAGA,0
GATTCAAATGTCCGAG,0
GATTCAACAAACCCCA,0
GATTCACAAAGACATG,0
GATTCACTAAAATTCA,0
GATTCAGGGTGTACCC,0
GATTCCAAACACCTAT,0
GATTCCAGTGAGCTGG,0
GATTCCATCCTAGAGC,0
GATTCCTATGCCTGAA,0
GATTCCTCTATCTCTT,0
GATTCCTGATTCATTA,0
GATTCCTGCCTTGCAA,0
GATTCGAAACTGAAAC,0
GATTCGATTACCGGTC,0
GATTCGCACTCCTATG,0
GATTCGGAATTGGTTA,0
GATTCGTATAACAACC,0
GATTCGTGGCATAAAA,0
GATTCGTTCGACCCCC,0
GATTCTACACTCACCA,0
GATTCTCGACAGTCTC,0
GATTCTTGAACTATCA,0
GATTGAAACGTTAGGT,0
GATTGAAATCAGTAAA,0
GATTGAAGCCCGCAAA,0
GATTGACCCTTATGAT,0
GATTGACGGATTGCAC,0
GATTGAGGCAGACATA,0
GATTGAGTTCTTAAAG,0
GATTGATGATCCCTTA,0
GATTGATTTCGATGAA,0
GATTGCACCGCATCGA,0
GATTGCAGTGCGGGAA,0
GATTGCATATCTTAAT,0
GATTGCCAAGATTTAC,0
GATTGCGAAGTGTACG,0
GATTGCGAATAGTTTG,0
GATTGGACGCTAAGTA,0
GATTGGAGTCATTCTG,0
GATTGGCTGCTTGTAA,0
GATTGGGACAAATTGA,0
GATTGTAGCAGACCAC,0
GATTGTAGGAGAACCT,0
GATTGTATATTACCCT,0
GATTGTCGGGATGAGT,0
GATTGTCTTCGATCTA,0
GATTGTTTACTTAACA,0
GATTGTTTCAATAGAG,0
GATTTAAAACAAAATA,0
GATTTAAAACAAATAA,0
GATTTAAATAACACAC,0
GATTTAAGAATCCTTC,0
GATTTAATGTCGGCCG,0
GATTTACGTTCTGGCT,0
GATTTACTCAGCTCTA,0
GATTTAGGATCCAACA,0
GATTTATAAGTCGCTG,0
GATTTATATAAAAAGC,0
GATTTCGACACCCCAA,0
GATTTGAAGGACAAAA,0
GATTTGACTCCCAAAG,0
GATTTGATTAAAACCT,0
GATTTGGAAACAATCA,0
GATTTGGACAATAGAT,0
GATTTGGTTCCTCAAG,0
GATTTGTCTGTGCAAC,0
GATTTTCAGACACCTG,0
GATTTTCCCAGCTTGA,0
GATTTTTTCCCCCCGA,0
GATTTTTTTCCTAACG,0
GCAAAAAACAACAGCA,0
GCAAAAAACAGCAATC,0
GCAAAAAGCTGCAAAT,0
GCAAAAATTACCAAAA,0
GCAAAACCGAAGACAA,0
GCAAAACCTACCTGGA,0
GCAAAACTCTTGTAAT,0
GCAAAAGAAGAGGGCT,0
GCAAAAGACGGTTTGT,0
GCAAAATTAAAATGCA,0
GCAAAATTAAACAACG,0
GCAAAATTACCATTTA,0
GCAAAATTGAAACCCA,0
GCAAACCAACTCTCTA,0
GCAAACCCCGATGGAG,0
GCAAACCTCGACAAAG,0
GCAAACGGAGGAGTGC,0
GCAAACTAAAATAAAT,0
GCAAACTAATGCATTG,0
GCAAACTATTAATAAA,0
GCAAACTGATCAACTC,0
GCAAACTTGGAGGCAC,0
GCAAAGAAGTATAGAC,0
GCAAAGCAAATGATCC,0
GCAAAGCGTGATAGCA,0
GCAAAGCTCGCTGGAT,0
GCAAAGGAAGTTTAGA,0
GCAAAGTAAATGTTAC,0
GCAAAGTACTGACAAT,0
GCAAATACCACGTCAT,0
GCAAATAGATATGAAC,0
GCAAATAGCCTTAACC,0
GCAAATCAAATAGTTT,0
GCAAATCAATGGTCTT,0
GCAAATCACATTTCAA,0
GCAAATGTTAGACGGC,0
GCAAATTGCGAAGTTA,0
GCAACAACAAGATGTC,0
GCAACAACACGCAATC,0
GCAACACAGCGAGAAG,0
GCAACACGATATCCAA,0
GCAACAGGCAGCGTTA,0
GCAACCAACACAAGTC,0
GCAACCTTAAGCCAAA,0
GCAACGAAACTTTACG,0
GCAACGACCAGTTAGT,0
GCAACGATGTAAACGG,0
GCAACGCGAGGTCGCA,0
GCAACGTGGTGCCGCC,0
GCAACTAACCTAGACA,0
GCAACTGTTCGTTATA,0
GCAACTTCAGTGAGAG,0
GCAAGAAGAATCTCAG,0
GCAAGAATAACAATTT,0
GCAAGAATGCCTTACT,0
GCAAGAATGTCATATA,0
GCAAGACCTGCTAATT,0
GCAAGACGTATTCATT,0
GCAAGAGACATAATAT,0
GCAAGAGATATTGGGA,0
GCAAGATATACCAAAA,0
GCAAGCACTTCTCCAA,0
GCAAGCGATTCATCAA,0
GCAAGCGGATAAAGGC,0
GCAAGGAATGCTATGT,0
GCAAGTACTAAGTGAA,0
GCAAGTCTTATTGATA,0
GCAATAAAGGTCAGAT,0
GCAATAACTCTTCGCG,0
GCAATAAGATGTCTAA,0
GCAATAATTGCTAATA,0
GCAATAGCAAAGAGAC,0
GCAATATAAAACAAAC,0
GCAATATGACCAGTAG,0
GCAATCAAAGAAATAC,0
GCAATCAAGGACTTAC,0
GCAATCCACGGACAAC,0
GCAATCCATTGAATCA,0
GCAATCGAAAAAGGTT,0
GCAATCGATTCTCAGT,0
GCAATCGGCACGATTT,0
GCAATCTATAATAATA,0
GCAATCTCCAATTAAC,0
GCAATCTGGTGGAATT,0
GCAATGCAAGGAATGT,0
GCAATGCCACATTGAA,0
GCAATGCCTATTAACC,0
GCAATTATAACTTAAC,0
GCAATTATAGCGCTGA,0
GCAATTATGTAGTCAA,0
GCAATTCCTAACGGAA,0
GCAATTCCTTTATAAA,0
GCAATTTTAAATACGT,0
GCACAAAAAACCCAAT,0
GCACAAAAGAATAACC,0
GCACAAACCCTCGCAT,0
GCACAACAATGCTCGG,0
GCACAAGATGTATAAA,0
GCACAAGATTCCAAAT,0
GCACAAGCCCGGGAAA,0
GCACAAGCGAAAAACA,0
GCACACATTCATATAG,0
GCACACGATTAATAGA,0
GCACAGCCTACGAAAA,0
GCACAGCGAGGTATAC,0
GCACAGGGTCCACCAC,0
GCACATAAGAGTAATT,0
GCACATACGACAGACC,0
GCACATCACACAGTCA,0
GCACATGCACCCGCAA,0
GCACCAAACGGTATAG,0
GCACCAAACTGAAAGG,0
GCACCAAATCATATAT,0
GCACCAACAATAAGAT,0
GCACCACCTATATAAT,0
GCACCATAGAATTAAA,0
GCACCATTACATGACA,0
GCACCCACACCAATTA,0
GCACCCCACCACCCAA,0
GCACCGAAAATAAAAG,0
GCACCGCTGCCCCCGT,0
GCACCGGACTCTATAG,0
GCACCTAACTACACTT,0
GCACCTACTGATGCAA,0
GCACCTTAACTTCACA,0
GCACGAAACTCTTAAA,0
GCACGGCTCGACATCA,0
GCACGGGCCGATAGGA,0
GCACGTAATTTACACC,0
GCACGTACACATTTAG,0
GCACTAAACTGCGAAA,0
GCACTAAGCGTAAGAA,0
GCACTAAGCTTCGGAT,0
GCACTACTACCTGCTA,0
GCACTAGAATAGACAA,0
GCACTAGAGATTAAAA,0
GCACTAGATATCACCG,0
GCACTCCAGAAAATTT,0
GCACTCCATATCTCAA,0
GCACTCCATCTGAAAA,0
GCACTCCCCCGGACAC,0
GCACTCCGAGCAGGTA,0
GCACTCCGCTAAGTAT,0
GCACTCGGGATGACAT,0
GCACTCTCCCATTTAT,0
GCACTGAACAAGGGTA,0
GCACTGGAATTTCATA,0
GCACTGGTACTTAACT,0
GCACTGGTGTCCGATA,0
GCACTTCGATAAAAGT,0
GCACTTTCAAGATAAT,0
GCAGAAAAGACTAACT,0
GCAGAAAATGTAATTT,0
GCAGAACAAGAAGACG,0
GCAGAACCGCCGAACC,0
GCAGAAGGACGATAGC,0
GCAGAATTGTAATAAC,0
GCAGACAGATTTACCT,0
GCAGACCCTCCAAGCG,0
GCAGACCTGTCGCATG,0
GCAGACTAGCAGGTGC,0
GCAGAGAACCATACAG,0
GCAGAGAGTCATGCTG,0
GCAGAGATGGCAGAAA,0
GCAGAGGGTTACTACT,0
GCAGAGTAAACCAAAT,0
GCAGATAAAATGCCGA,0
GCAGATACCCGTGTAC,0
GCAGATACGAACAAAC,0
GCAGATCATCGGCCGT,0
GCAGATCCATCAAGGA,0
GCAGATCCTTAAACGG,0
GCAGATGAAATAACAC,0
GCAGATGGTCATAAAG,0
GCAGATTAAAAGATCC,0
GCAGCAGAACCAGCTA,0
GCAGCAGAATTCCCCA,0
GCAGCCAGAGTATAAT,0
GCAGCCGAACATCCGT,0
GCAGCCTAAAAATCCC,0
GCAGCCTACAATGACC,0
GCAGCCTGGGAATATT,0
GCAGCGAATAAAATCG,0
GCAGCGCAACCCAATA,0
GCAGCGTAAATCGCTC,0
GCAGCGTGAGGGGCGA,0
GCAGCTAAAATCTATT,0
GCAGCTGGCCGCAGAA,0
GCAGGAACGGAAAGCG,0
GCAGGCCTAGGCGTGC,0
GCAGGCGATCCATATT,0
GCAGGGAAGCCAGTAA,0
GCAGGTATATTATATT,0
GCAGTAAACAGCATAA,0
GCAGTAAATTACCAGC,0
GCAGTAACAAAACAGA,0
GCAGTAACCTTGAGAA,0
GCAGTAACTACTTCAA,0
GCAGTACTATTGAGGA,0
GCAGTACTGAATGATT,0
GCAGTCACATACCATG,0
GCAGTCCTATGAGAAT,0
GCAGTCGCATTTATAT,0
GCAGTCTGAATAGAAA,0
GCAGTGCATACGTGCA,0
GCAGTGCCAAGACACT,0
GCAGTTATAATGGGCC,0
GCAGTTCGTAAGCCCC,0
GCAGTTTCGGTTCGAG,0
GCATAAACCTGCCTAC,0
GCATAAATCAGTCTGG,0
GCATAACAGTGGACTC,0
GCATAACTACCTGAAG,0
GCATAACTATTGATGA,0
GCATAACTTGAAAATA,0
GCATAACTTGCTGTTA,0
GCATAAGAGAAGCACT,0
GCATAATAACTAACAA,0
GCATAATATTCCGTGG,0
GCATAATCGTGGATTA,0
GCATAATTAAGTAATT,0
GCATACAACTGCCTGC,0
GCATACAGTTCAGCAA,0
GCATACATAATCACAG,0
GCATACCACCGACAAC,0
GCATACCGCCTGTAGG,0
GCATACGAACGGTGAC,0
GCATAGAGTTTAAGGA,0
GCATAGCGTACCAATC,0
GCATAGGATCCGAGGA,0
GCATAGTAGCTCGTAA,0
GCATAGTCATAACATA,0
GCATATAACAAGTATT,0
GCATATACGCTCACCT,0
GCATATACTAACACTG,0
GCATATAGATATAACC,0
GCATATAGGGTCACGC,0
GCATATCAGCCTCATG,0
GCATATCTGATAGAAA,0
GCATATGCAACCAAAC,0
GCATATTAATCACAGT,0
GCATATTGATCCAAAA,0
GCATCAAAAAAGTCAG,0
GCATCAACAACACCAA,0
GCATCAACCATAACTT,0
GCATCAATTGTGTACG,0
GCATCAATTTTCTACT,0
GCATCACATAACATTA,0
GCATCACTTAGATGCA,0
GCATCAGACATTCCTG,0
GCATCAGTTAAACGGT,0
GCATCATGTTATAAGC,0
GCATCCCATACACCAT,0
GCATCGGTACAACGAG,0
GCATCGTACCCCTAAT,0
GCATCTACAGAATCAA,0
GCATCTAGGCTGTATA,0
GCATCTAGTTGAATAT,0
GCATCTCAGGCACAGC,0
GCATCTCCGATAATTT,0
GCATCTCTATGCGGAC,0
GCATGAAAAAAGAAAC,0
GCATGAAAAATGGGCG,0
GCATGAACTGCTAAAA,0
GCATGACAATGTATTA,0
GCATGACCTTTAAATT,0
GCATGAGAGAGGCATG,0
GCATGATAATCCCTTT,0
GCATGCATTATCCAAA,0
GCATGCTTAGGATGTG,0
GCATGGATTTAACCCG,0
GCATGTCCTTACGACA,0
GCATGTCGTAAAAGGC,0
GCATGTGTCTACCGTT,0
GCATGTTTGGATAATA,0
GCATTAAACTCAGGTT,0
GCATTAACACACAAAA,0
GCATTAACAGGACAAG,0
GCATTAATACGTACGT,0
GCATTACCAGTCTGCG,0
GCATTAGACGCAAGAT,0
GCATTAGCCCTTACAG,0
GCATTATCGTTACCAC,0
GCATTATCTTCGGTCA,0
GCATTATGACTAACCG,0
GCATTCCCTTGGTCCT,0
GCATTCGAAACGAATG,0
GCATTCGAACGGTTGT,0
GCATTCGCAATAAAAT,0
GCATTCTTAATGAATA,0
GCATTGAGAAACAAGA,0
GCATTTAAAGTATTTC,0
GCATTTAAATGCTTGA,0
GCATTTTAGCATAAAC,0
GCATTTTCTATGACCA,0
GCCAAAACTCCAACAC,0
GCCAAAAGCATAGAAA,0
GCCAAACCCAGTCGTT,0
GCCAAACCCATGGTTT,0
GCCAAACTGTATGATA,0
GCCAAAGCACATTCGC,0
GCCAAATACAAAGTAC,0
GCCAAATTGGCAGGGC,0
GCCAACAACTGTGCAC,0
GCCAACCCTATGGTGA,0
GCCAACCGAATACTAA,0
GCCAACCTAAGCACCT,0
GCCAACGAATATCCAT,0
GCCAACTCCTATAATC,0
GCCAACTGTTGAATAA,0
GCCAAGACACCGGACC,0
GCCAAGACCAGGTCCA,0
GCCAAGCCACCATGCT,0
GCCAAGCCATAACGCT,0
GCCAAGTTACATACCG,0
GCCAATACTCATTAAA,0
GCCAATAGCAACAACC,0
GCCAATCAACGTGGGT,0
GCCAATGACATAAGTA,0
GCCAATGTCTCAGTTC,0
GCCACAATACTGACTT,0
GCCACACGGAATAAAG,0
GCCACACGTTACCCTG,0
GCCACACTTTAGAAAG,0
GCCACAGTATGCTAAA,0
GCCACATACTAAAAAC,0
GCCACATCACGAAGAA,0
GCCACCAGGCGTTGAC,0
GCCACCAGTTCGAGAC,0
GCCACCATACAAACAC,0
GCCACCTCAGCTAACC,0
GCCACCTTTGAATGAA,0
GCCACGGGCGTTCTCC,0
GCCACTAAACGTCACC,0
GCCACTGAACATACAC,0
GCCACTTACTACCTTG,0
GCCAGACCTAAATTAG,0
GCCAGAGAACGACTCT,0
GCCAGAGAAGGCACAC,0
GCCAGAGCCCCTACGG,0
GCCAGATATGTATAAG,0
GCCAGATTCTGTAGGT,0
GCCAGCGACGAAGTTA,0
GCCAGCGACGATTGAG,0
GCCAGCGGCAACTAGT,0
GCCAGGACTTACCAGG,0
GCCAGGCCATCTAAAC,0
GCCAGGCTGTAAACTC,0
GCCATAATAACGAACA,0
GCCATACCATTCTCTC,0
GCCATACTCATCCCCT,0
GCCATAGCTACAGAGC,0
GCCATCAATAATGTGG,0
GCCATCCAAAGCCCAG,0
GCCATCGCAATATCAT,0
GCCATGAAAGCAACAT,0
GCCATGAACATATAAA,0
GCCATGGCATATAAAA,0
GCCATGTCACACACAT,0
GCCATTAACGACATAA,0
GCCATTCCCTGACTAT,0
GCCATTCGGCAAAGCC,0
GCCATTCTACCTTATT,0
GCCATTGAGTGTTGCA,0
GCCATTGGTCACAGTG,0
GCCATTTACCCCCCCC,0
GCCCAAACGAATGGAT,0
GCCCAACATCTCGCTC,0
GCCCAACGTTAATGAC,0
GCCCAAGAGAGTTCCC,0
GCCCAAGCCCACGCTT,0
GCCCAAGCCCACTATC,0
GCCCACAAAAGCATCG,0
GCCCACAACGCACCCG,0
GCCCACACTGACCCGA,0
GCCCACCCGCGCGATC,0
GCCCACCGCAATGTCC,0
GCCCACGAGACAATTT,0
GCCCACTAGCGATGTC,0
GCCCAGCATATATAAT,0
GCCCAGCTCCAATCCA,0
GCCCAGGCCGGGATAA,0
GCCCAGTAAAAATTTG,0
GCCCATAACATAGGTA,0
GCCCATACGGCGTAGA,0
GCCCATGGCTATAGTA,0
GCCCCAAAAGATCGAC,0
GCCCCAATCCCAAGCT,0
GCCCCAGATCCGGGCT,0
GCCCCAGCTCCGTAGA,0
GCCCCATCCTCCCTCT,0
GCCCCATGAGTGTTTG,0
GCCCCATTCATAACTA,0
GCCCCCAATGGCAAGA,0
GCCCCCCCTAACCTAA,0
GCCCCCCCTCAGCTCG,0
GCCCCCCGACCAAATT,0
GCCCCCGAATAAATCA,0
GCCCCCTGAGTCATTA,0
GCCCCGAAAGGGTTCT,0
GCCCCGAGAAAGTTAT,0
GCCCCGAGCAAATCGT,0
GCCCCTATAAGTCTCA,0
GCCCCTTGTCCATAAC,0
GCCCGAAAAGATATAT,0
GCCCGAAATATTTACC,0
GCCCGAACCTGAAGAA,0
GCCCGAACTAAGAACC,0
GCCCGACCGATTATCG,0
GCCCGACCTGTGTCAG,0
GCCCGATTTCTTACAA,0
GCCCGCTTTTAAATAA,0
GCCCGTAAAGATTGAC,0
GCCCGTTAATTATTAC,0
GCCCTAAAAGATAACA,0
GCCCTAAACCTATTTG,0
GCCCTAACAGAAGTTC,0
GCCCTAAGAACAATGT,0
GCCCTACAGGGTTAAA,0
GCCCTGAAATTTATAG,0
GCCCTGATTAACAACA,0
GCCCTGCTACTAGAAA,0
GCCCTGGGTTCGACGA,0
GCCCTTGACGACTTCG,0
GCCCTTTAATCAAAAG,0
GCCCTTTCGATAAACT,0
GCCCTTTGAAAAGCCG,0
GCCCTTTGTATTAGTA,0
GCCGAAAAATGTATAC,0
GCCGAAACCTTACCCT,0
GCCGAAAGGCCGTAAA,0
GCCGAAATACGGGCAG,0
GCCGAACTCCTTTGTG,0
GCCGAAGATCCATGGT,0
GCCGACGAATCTAAAA,0
GCCGACGATCATTTCG,0
GCCGACTAGAATAATT,0
GCCGAGAATTGCTGCA,0
GCCGAGACGAACTGAA,0
GCCGATCTAAACTGGT,0
GCCGATTCATCACATA,0
GCCGCACATAATCGCC,0
GCCGCAGGAAATTTAA,0
GCCGCAGTAGACATGA,0
GCCGCCATATGCTCCG,0
GCCGCCCAAATGTTGA,0
GCCGCCCTCATCATAT,0
GCCGCCTGAAACGAAC,0
GCCGCGCTCCCTTGTA,0
GCCGCTAAAATGAAAA,0
GCCGCTGTTTATTTCC,0
GCCGCTTACATTAATG,0
GCCGCTTCTTATAGAA,0
GCCGGAAACGATTTTG,0
GCCGGAAGTACCGGCC,0
GCCGGACAGCGAGACT,0
GCCGGAGTAAGCCTAC,0
GCCGGCCGAAAGCCAT,0
GCCGGGTTACGGACAT,0
GCCGGTTTACTGCAAA,0
GCCGTAATTGTGGATG,0
GCCGTACAAAACAATT,0
GCCGTAGTCAAGCTTG,0
GCCGTCATAGTTGGAT,0
GCCGTCGGCGAGCTTC,0
GCCGTCGTCTCCACAC,0
GCCGTCTCCGTCTGTG,0
GCCGTGATCCGTTTTA,0
GCCGTGGACAATAAAG,0
GCCGTGGTTCCAAATA,0
GCCGTTTAACCCATTA,0
GCCGTTTAGCAAATCG,0
GCCTAAAACCCCATTG,0
GCCTAAAACGATGACT,0
GCCTAAAGACGAGTCT,0
GCCTAACCCAACCACA,0
GCCTAAGCATTAGACC,0
GCCTAAGTCAATAACC,0
GCCTAAGTGGAATGAA,0
GCCTAATCAGAGGATT,0
GCCTAATGTGTCTCCG,0
GCCTACCCCTGAAGAC,0
GCCTACGTTGGCAGAT,0
GCCTAGCATTGTCATG,0
GCCTAGGCTTGGCCAC,0
GCCTATAACAGGAGTC,0
GCCTATATGGAACGAA,0
GCCTATCCCAAATCGT,0
GCCTATTACAATTAAT,0
GCCTCAACAAAATAGA,0
GCCTCAACCGAACATG,0
GCCTCAACGGGCAAAT,0
GCCTCAATACTTTTAA,0
GCCTCAATAGTTGGTT,0
GCCTCACACATGGACT,0
GCCTCACAGCTCATGT,0
GCCTCACTTCCGTGAG,0
GCCTCACTTGCATCAT,0
GCCTCATAAGGTCCGC,0
GCCTCATCAAGAACCC,0
GCCTCGATTAACTGCA,0
GCCTCGCCAGTAGCGA,0
GCCTCGCCGAACAAGT,0
GCCTCGGGCAACGGCA,0
GCCTCTTCTACACCAA,0
GCCTGCCCTATTCAAC,0
GCCTGCTAAACTAACA,0
GCCTGGAATGATGATG,0
GCCTGTAATAGAGAAC,0
GCCTGTCAGTGGCTCC,0
GCCTTAATTAAAAGGG,0
GCCTTACACGCCTTGT,0
GCCTTAGGGATTGCTG,0
GCCTTAGTGCCTTATG,0
GCCTTATAATCAGAAA,0
GCCTTATTAAAATGCG,0
GCCTTATTATAGGTAC,0
GCCTTCCCTACATGGG,0
GCCTTCTCTAACACAG,0
GCCTTGAGACAAAAAC,0
GCCTTGATTCAAAATC,0
GCCTTTATAGAGAAAT,0
GCCTTTATGCTAACAT,0
GCCTTTGGTCTACACA,0
GCCTTTTACCAGCGTT,0
GCGAAAAAGCTAATAT,0
GCGAAAACAACACTGG,0
GCGAAACATAAGGGGC,0
GCGAAAGACAGCTAAT,0
GCGAAAGACCGGGGGC,0
GCGAAATATATTAACA,0
GCGAAATTTGCCGATG,0
GCGAAATTTGTATCTC,0
GCGAACAATCACAACA,0
GCGAACACAAGACAAA,0
GCGAACACCCAACATA,0
GCGAACTAACACTAGA,0
GCGAACTAACTTGCTA,0
GCGAACTAAGGATGAA,0
GCGAACTTTACAACGC,0
GCGAAGAATCAAATGA,0
GCGAAGCACGACTACG,0
GCGAAGGCGCACCACA,0
GCGAAGTTACACTAGT,0
GCGAATAAAAACATTT,0
GCGAATATTTACCCAA,0
GCGAATCGATAAACGA,0
GCGAATGCTTGGACGA,0
GCGAATGGTATAACTC,0
GCGACACGAGAAAAGC,0
GCGACAGACCAGAAAG,0
GCGACAGATTATAAAA,0
GCGACATCCCGCTGGT,0
GCGACCGGTAAAAATA,0
GCGACTAGCTACCCTG,0
GCGACTCAAGGAAACG,0
GCGACTTGCCAGGACC,0
GCGAGAAATACGCTAG,0
GCGAGAAGGCGGAAAC,0
GCGAGACATTACCACC,0
GCGAGACGTCCAACTA,0
GCGAGCCTTGAAGAAG,0
GCGAGCGTAGTCTATA,0
GCGAGCTCTATAAGTT,0
GCGAGCTGTAATATGC,0
GCGAGGCACGATAAAC,0
GCGAGTTGAAATTGCA,0
GCGAGTTTGGTAGCCG,0
GCGATAAAGTGATGAA,0
GCGATACATATGAGCA,0
GCGATACCCGTTTGAC,0
GCGATACTTTCTTGCA,0
GCGATATCTAAACGGG,0
GCGATATGTGGCACCA,0
GCGATATTACACTTAT,0
GCGATCGACCCACCGA,0
GCGATCGTCAAACAAC,0
GCGATGAATACCGGAC,0
GCGATTAAGGACTAAC,0
GCGATTGATCGTTCAC,0
GCGATTTAAAACTCAG,0
GCGCAAAATTCTAGTC,0
GCGCAAATAAAAGCAC,0
GCGCAAATACGACTTG,0
GCGCAACTACACCTTA,0
GCGCAAGATATGACAA,0
GCGCAATCCGATTCAG,0
GCGCACTATATTTATT,0
GCGCAGATGCGTCCTA,0
GCGCAGTAGAATTATC,0
GCGCATACAAATTACA,0
GCGCATACTTAGATAC,0
GCGCATTAAAATTGCT,0
GCGCCAAGTGGACGCA,0
GCGCCAGTTATAACAA,0
GCGCCATGAAAAAAAG,0
GCGCCCGGATGCGCCT,0
GCGCCCTAATCACTAC,0
GCGCCGCATAACCCAA,0
GCGCCTGAAGACCATA,0
GCGCCTTAGACATGAG,0
GCGCGAAATCTTAACA,0
GCGCGGGATAAGACGT,0
GCGCGTATTAATAATG,0
GCGCTCACGTTTAGGA,0
GCGCTCTCACAAAAAT,0
GCGCTGGTTATACACA,0
GCGCTTAGGACAAGAC,0
GCGCTTATACTACCGG,0
GCGCTTGTCATATATA,0
GCGGAAACTCATTCCA,0
GCGGAAATACTCTAAT,0
GCGGAAGCAACCGCTC,0
GCGGAAGTGAAAATCA,0
GCGGAATAGGACACCC,0
GCGGACCATTGACAAA,0
GCGGAGCACATTACTA,0
GCGGAGCGTAGAGGTG,0
GCGGAGTAGGGCGAAT,0
GCGGATATCGAGTTAG,0
GCGGATTATAACATAC,0
GCGGCAACTCAGAAAC,0
GCGGCAAGCCATCGTC,0
GCGGCCCTGATTGGAT,0
GCGGCCTTCCCGCACA,0
GCGGCTCGTGCTATAA,0
GCGGCTTATTCATAAT,0
GCGGGAAAATTTAGTT,0
GCGGGAACCTTTGATA,0
GCGGGATCTGTACTTG,0
GCGGGATTCTAGTTAA,0
GCGGGGGAAACGCATA,0
GCGGGGTGTGGGAATA,0
GCGGGTATACAATATA,0
GCGGGTGTGCATATAC,0
GCGGTAAAAGATCCCC,0
GCGGTAAGAACATGAA,0
GCGGTCTGATGATGTC,0
GCGGTGCGTATCCAAA,0
GCGGTGGCTATACCAA,0
GCGGTTACAAACTTCG,0
GCGGTTGCGCGTACTT,0
GCGGTTTGGAGCAACC,0
GCGGTTTTGAATGTGA,0
GCGGTTTTGTCAACAC,0
GCGTAAAATAAAACCG,0
GCGTAAAGCTCTTAAT,0
GCGTAAATACATATCA,0
GCGTAACAAATTTCGT,0
GCGTAACGACGACGAC,0
GCGTAAGCCGATCTCA,0
GCGTAATAAAGCTCAG,0
GCGTAATACTAGCTTT,0
GCGTAATGAAGGCTTA,0
GCGTAATGTGAAACAT,0
GCGTAATTATTTCTCA,0
GCGTACAAATCAGATG,0
GCGTACTCTGAGATAT,0
GCGTAGATCAACAATC,0
GCGTATCATGGACACT,0
GCGTATTGACGGTGCT,0
GCGTCAACTTTTAACC,0
GCGTCAGTTCTCTAAA,0
GCGTCATACCACGTCC,0
GCGTCATTAACTACGT,0
GCGTCCCACCCAAGTG,0
GCGTCCCCGGCGTATC,0
GCGTCGGCGACGAGTG,0
GCGTCGGTACAGTGTA,0
GCGTCTAAGGTATAGC,0
GCGTCTCATTACCCCA,0
GCGTCTGCTGCATATA,0
GCGTCTTATCTGGCGA,0
GCGTGAATTTCCGGGT,0
GCGTGCGCCACAATGA,0
GCGTGGAACGTCGTCT,0
GCGTGGCCGGACCAGG,0
GCGTGGCGTAAAAAAT,0
GCGTGGGTTCAAAGAA,0
GCGTGGTACGACGGAG,0
GCGTGTCCATTGATAT,0
GCGTTAAAGAACATCG,0
GCGTTATCAAGCACTC,0
GCGTTCAACGCTAGAC,0
GCGTTCATGGCCTGGT,0
GCGTTCCGCTCGACTC,0
GCGTTCTAGACCAGAG,0
GCGTTGCGTCAACCCT,0
GCGTTTGATACATGTT,0
GCTAAAAAACGGACAA,0
GCTAAAACCGAAAATG,0
GCTAAAAGCAAGCTAG,0
GCTAAAATAAATCGGC,0
GCTAAAATATTTAACT,0
GCTAAACAAAAGACAA,0
GCTAAAGAGTTAAACT,0
GCTAAAGCTTATCATA,0
GCTAAATTGCACTACA,0
GCTAACACACAAAATC,0
GCTAACACCAATATCG,0
GCTAACAGAAAATATG,0
GCTAACGCCCTGATAT,0
GCTAACGGACACCCCT,0
GCTAACTAACAATTAC,0
GCTAACTGAATATCTA,0
GCTAAGCAGCGCAGGG,0
GCTAAGCTAAATTCGC,0
GCTAAGCTGAATACAA,0
GCTAATAAGTTGCGAT,0
GCTAATAATCTTGGAT,0
GCTAATATTTAGCTTA,0
GCTAATTTATAATCTA,0
GCTACAAAGCGTCCAC,0
GCTACAGGATAAAATC,0
GCTACATAACCCAATA,0
GCTACATTTTGTCACT,0
GCTACCAGAAAAACCA,0
GCTACCATAACTCCGT,0
GCTACCGCGACCCGGC,0
GCTACCTGTGCATTAA,0
GCTACGAACACAAGCT,0
GCTACGAAGACAGGAA,0
GCTACGGATAATGTGT,0
GCTACTAAAGAGTATT,0
GCTACTACAAGGAGAT,0
GCTACTATCGACATCC,0
GCTACTGCATCACGAA,0
GCTACTGGTAAATACG,0
GCTACTTTAAATACAT,0
GCTAGAACTACAAATA,0
GCTAGAAGCAAACAAC,0
GCTAGAGTACTGTTAC,0
GCTAGATTTCATTCGT,0
GCTAGCATAACAATAC,0
GCTAGCCAATTTAGGA,0
GCTAGCCTCTAAGATC,0
GCTAGCGTTGAAAACC,0
GCTAGCTGCATACAAC,0
GCTAGGATTATAACAA,0
GCTAGGCTAGCCGAGG,0
GCTAGGTAACAGATAC,0
GCTAGGTTTAACTAAG,0
GCTAGTATAATCACCC,0
GCTATAAAAGATCCAA,0
GCTATAACACATAATT,0
GCTATAGGTATCCGAG,0
GCTATATAGACTTCCG,0
GCTATATAGTCATACT,0
GCTATCAAACCGTAGA,0
GCTATCAGAACTATAA,0
GCTATCAGCCAGCATT,0
GCTATCCTAACGTAGA,0
GCTATCGTGAGTGGGA,0
GCTATCTATACTCGAT,0
GCTATGACAAACCAAA,0
GCTATGTACAAAAGAG,0
GCTATGTTAAGTCCAA,0
GCTATTACTCATTTTA,0
GCTATTATAATTACAC,0
GCTATTTACGTTGGTG,0
GCTCAAGATCTACCAG,0
GCTCACATCTAATGCC,0
GCTCAGATGATCCTAT,0
GCTCAGTCAACTAGGA,0
GCTCAGTCACAGAATG,0
GCTCAGTGGGATCATA,0
GCTCAGTTTCATTTGA,0
GCTCATAATGATGCAA,0
GCTCATACTCCTTCTT,0
GCTCATCTTAAGATGA,0
GCTCATGAAGAAGACA,0
GCTCATGGGCACGTCA,0
GCTCCAATGCACCTCA,0
GCTCCACAACGACTTG,0
GCTCCACAGCTTCAGA,0
GCTCCATAGTACTTGA,0
GCTCCATCCACCGGGT,0
GCTCCATCCCCCAAAC,0
GCTCCATTTAATAGAA,0
GCTCCCAAGTCGTCCT,0
GCTCCCACTAGACTCA,0
GCTCCCTAAAAGCCTA,0
GCTCCGTAAATCCCGT,0
GCTCCTAAAAGCAGTG,0
GCTCCTGGATGACAGT,0
GCTCGAAGAGCTAATA,0
GCTCGCGCCAACTAGC,0
GCTCGCGTTCTACACC,0
GCTCGGATGGGTAGAA,0
GCTCGTAAAAACCCTA,0
GCTCGTCCTTATAAAA,0
GCTCGTGGAAAGATTA,0
GCTCTAAATGCAGCTA,0
GCTCTACCAAATCAAC,0
GCTCTCACGCACTCAC,0
GCTCTCCAGAAGTATC,0
GCTCTCCGACCACCCC,0
GCTCTGAATGCCAATC,0
GCTCTGCCGTAACGGG,0
GCTCTTTGCTAACTGG,0
GCTGAAAAAGCATCCT,0
GCTGAAAACCAAACAA,0
GCTGAAACAATTATGT,0
GCTGAACAGGCACTTG,0
GCTGAATAAAAATTCC,0
GCTGAATCAGAAGCCT,0
GCTGAATTTGCCTAAA,0
GCTGACGAACAATGCA,0
GCTGACTTGTAAGATG,0
GCTGAGAATCGTGGAA,0
GCTGAGCATGCCAAAT,0
GCTGAGCCTTCCGCAT,0
GCTGAGCTTTAGTTGC,0
GCTGATAAATGAGTGG,0
GCTGATCTTGCTATGT,0
GCTGATGTGGATGCAA,0
GCTGCAACTAAAAAAT,0
GCTGCAATAGGAGCAA,0
GCTGCACATAGGCATC,0
GCTGCAGAACCGATAG,0
GCTGCATAGTGTCACA,0
GCTGCCGCCAACACGG,0
GCTGCGGCAACAATAG,0
GCTGCGGTTACGGAGT,0
GCTGCTCTAAAAATGC,0
GCTGGAGGCAGAACAG,0
GCTGGCCTGATAAAGA,0
GCTGGCGGTACTATAG,0
GCTGGTACTGAATCCC,0
GCTGGTATAAGTGGTG,0
GCTGGTATTGCTGTCG,0
GCTGGTTGAAGCGCCA,0
GCTGTAATATACAAAA,0
GCTGTACACCCTTCTT,0
GCTGTACCAAACTAAA,0
GCTGTATAGAGAGCAA,0
GCTGTCAAGCTCAAGT,0
GCTGTCATACTACTAC,0
GCTGTCATTTAACAGG,0
GCTGTCCTAAACCTTA,0
GCTGTGGTATAAGTAT,0
GCTGTTCCTTTTGCGA,0
GCTGTTCTACATTACC,0
GCTGTTTAATACCAGA,0
GCTTAAAATTGTGTGC,0
GCTTAAATCCATATTG,0
GCTTAACAACCATGCC,0
GCTTAAGCTGACGCGC,0
GCTTAATACACGCAGT,0
GCTTACACAATCGTAA,0
GCTTACCATTCATTGC,0
GCTTACCGTAGTAATC,0
GCTTACGAAGGCAAGC,0
GCTTACGCTAAGTGAG,0
GCTTAGAATAAATGTT,0
GCTTAGCCACGGCGTA,0
GCTTAGCTCATTAAAA,0
GCTTAGGAATCCCGAT,0
GCTTATAATATAGATA,0
GCTTATAGAACACAGT,0
GCTTCAACTTAATTAC,0
GCTTCATGCTTAAAGA,0
GCTTCCCGACAGGGTT,0
GCTTCGAACACCCGTC,0
GCTTCGTAATAAGAAG,0
GCTTCGTAATCACCAA,0
GCTTCTATGTAACGAC,0
GCTTGAACTGCAATGA,0
GCTTGACAATAATGTG,0
GCTTGAGGAATAATAG,0
GCTTGCAAAGTCCCTA,0
GCTTGCCAAAACACAA,0
GCTTGCGCAATCAAAC,0
GCTTGGGTCCGGATCT,0
GCTTGTACGAAGTACA,0
GCTTGTATGAGCAACG,0
GCTTTAAATAACACAC,0
GCTTTAACCTGATGCA,0
GCTTTACACGTATATA,0
GCTTTACCCGAGATCA,0
GCTTTATTGAAGTAAG,0
GCTTTCATCGGATCCT,0
GCTTTCATTATTTTTG,0
GCTTTCTAAGACGTAC,0
GCTTTGCGTACTAGAA,0
GCTTTGTAACTCTACG,0
GCTTTTTCACATATCC,0
GCTTTTTGGGGATTGA,0
GGAAAAAAAAGAAGAG,0
GGAAAAAAAATTTTAA,0
GGAAAAACAAACATTT,0
GGAAAAATAAGAAAAT,0
GGAAAACGCAAAGAAT,0
GGAAAACGGGTACTTA,0
GGAAAACTTATGTACA,0
GGAAAAGCGACAAATG,0
GGAAAATACCCCTTTG,0
GGAAAATGAACTAGTC,0
GGAAACAAAAAAGGTG,0
GGAAACCTGAACCACA,0
GGAAACTCTTTCAAAC,0
GGAAACTGCGCGAATC,0
GGAAAGATAGCCTTCC,0
GGAAAGGTACTATATT,0
GGAAATAACAAGAGAA,0
GGAAATAGCTAGACGG,0
GGAAATCAAACAGAGA,0
GGAAATCATTTGAGTC,0
GGAAATCCTAGTAAAC,0
GGAAATTACAACCTAC,0
GGAACAATATTAAACT,0
GGAACACCACGCTCAT,0
GGAACAGCACTAAAAG,0
GGAACATAACTCAATT,0
GGAACATACTGCACAA,0
GGAACATCCCTTTTGC,0
GGAACATCTAATAAAA,0
GGAACCAAGTAATAAA,0
GGAACCATCAGGTACA,0
GGAACCCTATCGATAA,0
GGAACGAAACGAAGCT,0
GGAACGAACCTTTGCC,0
GGAACGAATTTTAACG,0
GGAACGACCTGCATAG,0
GGAACGCTGAAAACAA,0
GGAACGGGGACTAAGC,0
GGAACGTTACATGCAC,0
GGAACTACAATACTAC,0
GGAACTCATTACCAAG,0
GGAACTCTACAAAAAC,0
GGAACTCTCTCAAATC,0
GGAACTGTTGGATAAT,0
GGAAGAAAACGTAGCC,0
GGAAGAATCAGTATTA,0
GGAAGAGTTAATGTAC,0
GGAAGATAGTTATCAA,0
GGAAGATTTAGGATAG,0
GGAAGCAACAGGCAAA,0
GGAAGCGACTAACCGA,0
GGAAGCGAGAGTAACA,0
GGAAGCGTAATGCCCG,0
GGAAGGAAACGATCTA,0
GGAAGGAACAATCCTC,0
GGAAGGACGCGCCAAC,0
GGAAGGATCCAACTAA,0
GGAAGGGAGCACGTAT,0
GGAAGGTGCCCTCGCT,0
GGAAGTACTGAAATTG,0
GGAAGTGCCACCCCGA,0
GGAAGTGCTTTATCCT,0
GGAAGTTAAGACGGAA,0
GGAAGTTGCAGGTAAG,0
GGAATAAGATCCAGCG,0
GGAATACCAGTGCATA,0
GGAATAGCACTATTAT,0
GGAATATAAGCTGATA,0
GGAATATTACATATTT,0
GGAATCAAGCAACCTA,0
GGAATCATGACAATAA,0
GGAATCGAGACATCTT,0
GGAATCGAGTTCTGAA,0
GGAATCTAAGCAGACC,0
GGAATGTACCTTACTC,0
GGAATTTGCTCTTAAG,0
GGAATTTTATAAGTCA,0
GGACAAACCTGAACCC,0
GGACAAGAGGGGCAGG,0
GGACAATATTAGACAC,0
GGACACACACAAGAGC,0
GGACACACGAATCGTC,0
GGACACACGGAGAGAG,0
GGACACAGCGCATCTT,0
GGACACCAGAGCCCAT,0
GGACACCATATGCAAG,0
GGACAGACAACTCAGG,0
GGACAGACAGATATTC,0
GGACAGAGAAACAAAT,0
GGACAGGTCCTACACA,0
GGACAGTCACCATGAG,0
GGACAGTCCTCAACCG,0
GGACAGTCGTTCAAGT,0
GGACAGTTAGTGCAGT,0
GGACATAAAAGAACTG,0
GGACATAACGAATTAA,0
GGACATCAATAAAAAG,0
GGACATCCACAGTTAT,0
GGACATTAATAGGAAT,0
GGACCAAATATCTGAT,0
GGACCACAACGTTAGG,0
GGACCACCTACCCATC,0
GGACCACTTGACTCTA,0
GGACCATTAGTTGCCA,0
GGACCCAATATGCAAA,0
GGACCCGAATTATGTT,0
GGACCCTAAACATGGC,0
GGACCGAGCTCTGTGG,0
GGACCTAAGGGGCATT,0
GGACCTACACGTTTAG,0
GGACCTAGTAGGACTC,0
GGACCTCACACCCCCA,0
GGACCTCACCATATGC,0
GGACGAAATCCGGCGT,0
GGACGAATACCTTATA,0
GGACGACTAGGCCAGT,0
GGACGCAATACACCTT,0
GGACGCCGTGTATAAG,0
GGACGGAAAACTCGGA,0
GGACGGAAGATCTGTC,0
GGACGGCACAGTCAGA,0
GGACGGGCACCCAAGG,0
GGACGGGGGCTCACGG,0
GGACGGTTAGGGTTTA,0
GGACGTATAAAGCCAC,0
GGACTAACCACGAGTT,0
GGACTAACCGCACTGC,0
GGACTAAGATATGTTA,0
GGACTAGAGTGACCTC,0
GGACTAGCCATGTTAA,0
GGACTAGCCCGATACA,0
GGACTAGCTCCTAAAG,0
GGACTCATCGGATCAG,0
GGACTCCCACGAAGCC,0
GGACTGACTTGAAAGA,0
GGACTGCTATATCAAA,0
GGACTTACTGCCTAAA,0
GGACTTCACTGAAATC,0
GGACTTCTAGCAAAAG,0
GGACTTTAGTTATAAG,0
GGAGAAATAATATGGA,0
GGAGAATACGTGCATA,0
GGAGAATAGTAACTGA,0
GGAGAATCGGTGTTTC,0
GGAGAATTCCCCAATA,0
GGAGACGGACAACCAC,0
GGAGACGTAGTTTTAG,0
GGAGACTAGTCGTACG,0
GGAGAGAATAACCACA,0
GGAGAGCACGTCCCCG,0
GGAGAGCCGCGTAATC,0
GGAGAGGAACCGAGCG,0
GGAGATAAAAAGTCTT,0
GGAGATAAACCCAGCT,0
GGAGATCCCAACTGTA,0
GGAGCAAACCCAGCAG,0
GGAGCAACATATATTG,0
GGAGCAACTAATTCTC,0
GGAGCAACTCGTACAG,0
GGAGCAATATCTACCA,0
GGAGCACCTAATTCTT,0
GGAGCAGTCCTGGGGA,0
GGAGCATGGCAAAATC,0
GGAGCATGGCACGCCT,0
GGAGCATTGATTCCAG,0
GGAGCCCTTACCTAAA,0
GGAGCCGAAAATACCA,0
GGAGCCGCAATGGTAC,0
GGAGCGCCTCGCAAAA,0
GGAGCGGACGTAGTAC,0
GGAGCGGATCGATAAA,0
GGAGCGTAACGCGTAA,0
GGAGCTACCAACGTCT,0
GGAGCTAGCCTTAGCC,0
GGAGCTGAAACTATAA,0
GGAGCTGTTAAAAAAC,0
GGAGGAAATCCTAGAC,0
GGAGGCAAACAAAGAT,0
GGAGGCGAACCAAACT,0
GGAGGGAGGTGAGGAG,0
GGAGGGAGTAAGTACC,0
GGAGGGATGCTCCCAA,0
GGAGGGTAATGAGCTA,0
GGAGGGTAGTCGAACC,0
GGAGGGTTAAGCAGAG,0
GGAGGGTTGCCAAAGC,0
GGAGGTATTATGTGAC,0
GGAGGTCATCTCAACT,0
GGAGGTTACAGGAAAA,0
GGAGTAACACCGCCGA,0
GGAGTAATTGGCACGA,0
GGAGTACGTAAAGACA,0
GGAGTAGAAGGCTAAG,0
GGAGTATACATTTCCT,0
GGAGTCAACAAGGTTA,0
GGAGTCAGGTATGCGT,0
GGAGTCCGGATTCTAA,0
GGAGTCCTTAAATAAC,0
GGAGTGAAATAACGCT,0
GGAGTGCAAGCATTAT,0
GGAGTGGAAGAGAAGC,0
GGAGTGTCAAACCCAA,0
GGAGTGTGGCTTAACT,0
GGAGTTTGTACATACA,0
GGATAAACGTTAAGTC,0
GGATAACTGCCGACTA,0
GGATAAGAATATATCC,0
GGATAAGACTATAGCC,0
GGATAATATATTGAAT,0
GGATACACAGGCCTGC,0
GGATACATGCCTGGAT,0
GGATACATTTACTGCT,0
GGATACCGAAAGCTAG,0
GGATAGAGACCGATTT,0
GGATAGAGTGCATCCG,0
GGATAGCCCCTAACAG,0
GGATAGGAACATAGTT,0
GGATAGGACTAGACCC,0
GGATAGTCAACTAAAT,0
GGATAGTGCTTGATAA,0
GGATAGTTTCAACTGT,0
GGATAGTTTCCGAACC,0
GGATATAAATAGACCC,0
GGATATAACCGAACCA,0
GGATATAGTATTCTCT,0
GGATATATTATCGGAC,0
GGATATCATACTAACA,0
GGATATTACTAAATAA,0
GGATCAATACTAAAAA,0
GGATCAATTAGGATGG,0
GGATCACACCTGAGAA,0
GGATCACATAAGTATA,0
GGATCAGAGATGTACG,0
GGATCATATATCGAGG,0
GGATCCCCTGGTTCTA,0
GGATCCTAATAAGATA,0
GGATCGCATCACAAGT,0
GGATCGGAGCGTTCTT,0
GGATCGTACAGACCTA,0
GGATCGTTTAACTTGT,0
GGATCTCATTGACCCT,0
GGATCTCTGAAAATGA,0
GGATGAACAATATGTT,0
GGATGAAGGGCTAATC,0
GGATGACGTTAGAATG,0
GGATGAGACAAGTATC,0
GGATGAGCCCCCTGCA,0
GGATGAGTTGTACTGA,0
GGATGATAAATGAGCT,0
GGATGATGAGTAAATA,0
GGATGATTTTACCGCC,0
GGATGCATCCTCGCCC,0
GGATGCGATCATATGA,0
GGATGGACATAAAAAC,0
GGATGGAGTTCTTGCC,0
GGATGGTTTAGTTCAG,0
GGATGTACTCCGCCGC,0
GGATGTATTGACAATC,0
GGATGTTCTTGGAGTT,0
GGATTAAAAAAACGAA,0
GGATTAACCAAGATGA,0
GGATTAACCTATGCAC,0
GGATTATGCAAATGTA,0
GGATTATTTCCACAAC,0
GGATTATTTTAAACAC,0
GGATTCAATTTAAATC,0
GGATTCACAGGTTCAA,0
GGATTCCGAATGCGGC,0
GGATTCCTAACACTTG,0
GGATTCGGGACAAACG,0
GGATTGGAGTAAAATA,0
GGATTTCAGGAGATAC,0
GGATTTGCCTGCACGG,0
GGATTTTAAAAGTGGA,0
GGCAAAAATTCCCTCA,0
GGCAAAAGAAACTGCC,0
GGCAAACAATTAGGCA,0
GGCAAATCATAAAGAG,0
GGCAAATGACCCGCTC,0
GGCAACAAATATCAAA,0
GGCAACAGTCCCTGTG,0
GGCAACCATATGACGT,0
GGCAACCATGCTCCTA,0
GGCAACCGAGTAAAAT,0
GGCAACCTTGACAAGG,0
GGCAACTAACGCCGAT,0
GGCAACTGAAATCTGG,0
GGCAACTTTAGTGCAT,0
GGCAAGAAAGTTTCAA,0
GGCAAGACATCCAGGC,0
GGCAAGCACCGAGGAT,0
GGCAATCCTGACGTAC,0
GGCAATGCTTGTCTTA,0
GGCACACAACAAAAGC,0
GGCACAGCTCTTACGG,0
GGCACAGTGCATGCCA,0
GGCACATGATTCAGTA,0
GGCACCGAGATCAATC,0
GGCACCGTAACATATA,0
GGCACCTGGCTTAGTC,0
GGCACGATCCTCTAAA,0
GGCACGCCTTGTGACG,0
GGCACTACCAAAGGTA,0
GGCACTTCCCATTGTA,0
GGCAGAACCACAGAAT,0
GGCAGATAAAAACAAC,0
GGCAGATATGCTAAGG,0
GGCAGATCCATACGAG,0
GGCAGCTTCATCCTTG,0
GGCAGGGTCCTGCCCG,0
GGCAGTCATCTTATTG,0
GGCAGTGTTGCTTGAC,0
GGCAGTTAACTGACCC,0
GGCATAAAATTAGAAT,0
GGCATACAATTACGTA,0
GGCATACCTAGATAAG,0
GGCATACTAGATAGGC,0
GGCATAGGTTGAGCTT,0
GGCATATAAATACACA,0
GGCATCACCTGCAACG,0
GGCATCGCTTGCTTTG,0
GGCATCTAATCGAAGG,0
GGCATCTCGGTAAAAA,0
GGCATGCAACTAAACA,0
GGCATGTAAGAGATAC,0
GGCATTAAACTATCCA,0
GGCATTAGAATTGAAA,0
GGCATTCTATTCACTT,0
GGCATTGACATGTAAA,0
GGCCAAACAAAATCAA,0
GGCCAAATTCCCTCGT,0
GGCCAAGAACTGCACA,0
GGCCAAGACACTAGGG,0
GGCCAAGGCCTCCTTA,0
GGCCAAGTGGCAGAGC,0
GGCCAAGTTCCAAAAA,0
GGCCAATCCTTAGGTA,0
GGCCACTGAATACATT,0
GGCCAGAGTACAAGAA,0
GGCCAGTGGTATAACG,0
GGCCATAACTCTTCCC,0
GGCCCAACCTCTAGGT,0
GGCCCATTGGACAACC,0
GGCCCCAATTGCACAC,0
GGCCCTAAACTCCGGC,0
GGCCCTGAATACGCCG,0
GGCCCTTCTTCCAGAA,0
GGCCGACCACAAGAAT,0
GGCCGACTAGAAGACC,0
GGCCGAGAACTATCTG,0
GGCCGAGAGAAGACGA,0
GGCCGCTTTTTCCCAT,0
GGCCGGACACACACGC,0
GGCCGTAGTTACTTCC,0
GGCCTAATTCAGACAA,0
GGCCTAGGATTATAAC,0
GGCCTGCAAATAATTC,0
GGCCTGCAGCCCTTAC,0
GGCCTGGTACGGCACT,0
GGCCTTAAAAAGACCC,0
GGCCTTAACAGTAGAC,0
GGCCTTCATGGCAAGT,0
GGCCTTCCATACATAT,0
GGCCTTGGCTAGATGA,0
GGCGAAATCCCACCAT,0
GGCGAACAGACCCTTA,0
GGCGAATAGCAATGCA,0
GGCGAATGTTACCTTC,0
GGCGACAAGGCTGACT,0
GGCGACCAGAACGTTA,0
GGCGACCATTAAAAAC,0
GGCGATAACCACCGTA,0
GGCGATAACTCGAGGC,0
GGCGATCGGCAAGACT,0
GGCGATGGGTATACAG,0
GGCGCACAAAATCTTT,0
GGCGCACCAAACATAC,0
GGCGCATCTGGAATAT,0
GGCGCGTGGGCCAATG,0
GGCGCTACTCGGTATG,0
GGCGGAAATCACGGCA,0
GGCGGAACATCCTAAA,0
GGCGGCAACCCCAATT,0
GGCGGCGACTCGAAAA,0
GGCGGCGCACGAGAAT,0
GGCGGTAATCGACTAC,0
GGCGTAAAGTACCATC,0
GGCGTAACGTCACTCA,0
GGCGTAATACCCGGTA,0
GGCGTACTATAATACA,0
GGCGTACTCTAATACT,0
GGCGTATAAACATGAG,0
GGCGTCAACCCTATGC,0
GGCGTCCGAATCCATT,0
GGCGTGGAAGCCCTGC,0
GGCGTGTAAGACGCTA,0
GGCGTTACTGAAAAAG,0
GGCGTTTCAGTTAGTA,0
GGCTAAAAAAGTCGAA,0
GGCTAAATTTAAAAGA,0
GGCTAACCATGACCAC,0
GGCTAAGACAATTATT,0
GGCTAAGATAAGACCT,0
GGCTAATCGACGTAAA,0
GGCTAATTCCACGGAC,0
GGCTACCTGTTCCATG,0
GGCTACGATTTGATGT,0
GGCTACGCATTGAAAC,0
GGCTACTGAAATCAGA,0
GGCTAGAATAGGGCGT,0
GGCTAGTCTTATCCAA,0
GGCTATACCAATAACT,0
GGCTATATTATTTAAA,0
GGCTATCGGCCATCGT,0
GGCTATGGTAATAGGA,0
GGCTCATACCGACCTC,0
GGCTCATTAGGAGCTT,0
GGCTCATTTATATATC,0
GGCTCCCTACGGGACT,0
GGCTCCTATTTCATAT,0
GGCTCTAAAAACTGTT,0
GGCTCTAACAACTCAG,0
GGCTCTAACTATAGAA,0
GGCTCTATAAGTGTAC,0
GGCTCTGCTAGACGCC,0
GGCTCTTTAAGCCCAA,0
GGCTGAAACGAAATTG,0
GGCTGAAACGCAACGA,0
GGCTGACGTTACTGTC,0
GGCTGATATTTACAAT,0
GGCTGCAATAACGCGC,0
GGCTGCAGCTAACCCC,0
GGCTGCCAACTATTAG,0
GGCTGGAATACGATAA,0
GGCTTAATAGCAGTAC,0
GGCTTACAATTACAAT,0
GGCTTATACAAGACTG,0
GGCTTATTTAATAAAA,0
GGCTTCTAATAGGTTC,0
GGCTTCTTAAGTTAAG,0
GGCTTGAGGGTACAGT,0
GGCTTTAAGTACCCTG,0
GGGAAAACTGTGGTAA,0
GGGAAAATGATCAGCA,0
GGGAAAGGCCCGAAAA,0
GGGAAATAATCTTGAT,0
GGGAAATTACTCAAAA,0
GGGAAATTTCATGATT,0
GGGAACAAATTTACAG,0
GGGAACGATAACACAA,0
GGGAACGGACTGAAAG,0
GGGAACTAAACAAAAC,0
GGGAACTAATAACTCA,0
GGGAACTAATCCATTA,0
GGGAACTTGGACAGCA,0
GGGAAGAATTTATTAT,0
GGGAAGACTCGTCAAC,0
GGGAAGATATTAAATA,0
GGGAAGTCATATATGT,0
GGGAATCCGAAATTTT,0
GGGAATGGCCAATGCA,0
GGGAATTACATGATAT,0
GGGAATTTACGATGAA,0
GGGACATAAATCTACA,0
GGGACCATATCGTTCC,0
GGGACGACAGGGTGAA,0
GGGACGATAAAAGCCC,0
GGGACGCAGATTGGGG,0
GGGACTAAAAAAAGAA,0
GGGACTAGTTTATTTC,0
GGGACTATTAGAGCAA,0
GGGACTGTAGCCGTAC,0
GGGAGAAAAGTGAGAA,0
GGGAGAACGACCGTAC,0
GGGAGATTTAAAATAA,0
GGGAGCATTACTACAA,0
GGGAGCCTTAGAGCAG,0
GGGAGCTCCGGCGGGC,0
GGGAGGAGGTCAAAGA,0
GGGATAATAACAATTA,0
GGGATAGTGTAGGCGA,0
GGGATATGGCCTAGGA,0
GGGATCCAGCCTAGGC,0
GGGATGATAAGTTAAA,0
GGGATTACCGTATTAT,0
GGGATTAGTCATTCAA,0
GGGATTATAGTGGCAG,0
GGGATTGCCTTCCTGA,0
GGGATTGTCTCGGAGT,0
GGGCAAAAGTTAGTGT,0
GGGCAAAGAGTAACAA,0
GGGCAAATTAAGATGA,0
GGGCAAATTTATTCCA,0
GGGCAACTATACAATG,0
GGGCAAGTCCACTATA,0
GGGCAATCACATCGCT,0
GGGCAATGCACTTAAA,0
GGGCACATCGGCCGAT,0
GGGCACCACGAAGGCT,0
GGGCAGCTTGCACGAC,0
GGGCAGGTCCTGTTTG,0
GGGCATGTGAATGTAT,0
GGGCCACACTTGAGAC,0
GGGCCATACCGATTTA,0
GGGCCCGATAGTTTCC,0
GGGCCCGTGCATAAGT,0
GGGCCGCAAAACACTA,0
GGGCCGCTAGTACGCT,0
GGGCCTAAATCTTCTA,0
GGGCCTAGAGAAAACC,0
GGGCCTCAACAAAGCA,0
GGGCGCAACCAGAGAA,0
GGGCGCAGAGCAAAGC,0
GGGCGCCGCTTTATTA,0
GGGCGGCGACCCTGAC,0
GGGCGTATAATCATAC,0
GGGCGTTAACTAGAAC,0
GGGCTAATGACCTCCC,0
GGGCTGAACTCGTCAA,0
GGGCTTAACTTAATGA,0
GGGCTTAGGGTGGAAT,0
GGGCTTTACAGGCTTT,0
GGGGAAATAAAGCCGC,0
GGGGAAATACTCTACT,0
GGGGAACCCTCAAAAC,0
GGGGAATAGGAAAACC,0
GGGGACCTTCGTATAT,0
GGGGAGATAAGAGGAA,0
GGGGATACGCATAAAC,0
GGGGATACTCGAACGT,0
GGGGATCCCGGAGGGG,0
GGGGCATTATTCACTC,0
GGGGCCGGAATCCGTA,0
GGGGCGAATTCTGATA,0
GGGGCGCCTGAAACTG,0
GGGGCTGATCCCCAGT,0
GGGGGACAACTGACGC,0
GGGGGGCAGATGACCT,0
GGGGGTAACTCGTAGT,0
GGGGTCGTATTCGTAA,0
GGGGTGAACATTAAGG,0
GGGGTTAACTATAGGT,0
GGGGTTATATCACAAT,0
GGGTAAAATGCATACA,0
GGGTACAAGACGAAAA,0
GGGTACAATTCGAAGG,0
GGGTACCTCTGAAAAG,0
GGGTATAGAACCATCG,0
GGGTATATAACTTATA,0
GGGTATATTAATGATG,0
GGGTATCGTTTACAAA,0
GGGTATGACCCAATGT,0
GGGTATTAGAGCACTA,0
GGGTCAAATGTCAGCG,0
GGGTCAATTCAAGTCC,0
GGGTCTGTTTCATGGA,0
GGGTCTTGACTTCTAA,0
GGGTGAATAGTTGTGC,0
GGGTGACGGCATTCCG,0
GGGTGCCGAATATATA,0
GGGTTAAAACAGAATA,0
GGGTTAACAAGGTTTG,0
GGGTTAATGCATCCCC,0
GGGTTAATTTATCAAA,0
GGGTTCGATTCCAAAG,0
GGGTTCTCTGCCATTG,0
GGGTTGAAAGGAAGTA,0
GGTAAAAAAAATCCTT,0
GGTAAAAACAGTTGCT,0
GGTAAAACAAAAACGT,0
GGTAAAACACCTCATA,0
GGTAAAAGAAAATATA,0
GGTAAAAGCCGGTGAC,0
GGTAAAATAGAATACG,0
GGTAAAATATGAATAG,0
GGTAAACACCAGTTTA,0
GGTAAAGCACGGAAGT,0
GGTAAATCTTCAGGCA,0
GGTAACAACACTCTGG,0
GGTAACCGTGGATCCC,0
GGTAACTCAGCAAGCA,0
GGTAAGAAATCATTAT,0
GGTAATAAACTATTCA,0
GGTAATCTGGTCGCAA,0
GGTAATTAAAACAGCC,0
GGTAATTATGTCGTTA,0
GGTACAAACTCAAGTA,0
GGTACAAGAATCTCCG,0
GGTACAAGCCTAACCC,0
GGTACAATGTTACACC,0
GGTACAGCCTGGATAC,0
GGTACAGTCTGTGCTG,0
GGTACCCCACTATCTA,0
GGTACCGCTAACTGTG,0
GGTACGAATAAAGATT,0
GGTACGACGCCAAGAA,0
GGTACGCGCGCTGAAG,0
GGTACTGCACATTGCC,0
GGTACTGGACTTAGGT,0
GGTACTGGCCCGATCA,0
GGTAGAAAACATTTGC,0
GGTAGACTAAGAACCC,0
GGTAGATATCGAACCC,0
GGTAGATGCCCAGCTT,0
GGTAGCAATAAGAGAG,0
GGTAGCTAAATGACAG,0
GGTAGCTACAACTTGT,0
GGTAGTAAATCTTGCA,0
GGTAGTCCCGCTTACG,0
GGTATAACAGTAAAAA,0
GGTATAACTTACATTC,0
GGTATACAAATTCTAT,0
GGTATACAATCAATGT,0
GGTATACACAAAAACG,0
GGTATACCTTCTGCAT,0
GGTATAGATCAGAAAA,0
GGTATATAACCACCTT,0
GGTATATCGAACTTGA,0
GGTATATGGCACATAC,0
GGTATCAGAACCGGAC,0
GGTATCTATTAAATGG,0
GGTATCTTAATGGTCA,0
GGTATGAAAAAAGATC,0
GGTATGCGTGAGAATG,0
GGTATTATGATTAAGC,0
GGTATTGAGCCCAAGG,0
GGTATTGAGTTTTAGA,0
GGTATTGTGTAATAAT,0
GGTCAAAATTACTTTA,0
GGTCAACAAATCCGCT,0
GGTCAATAACACGCCA,0
GGTCAATCCCAGAGAC,0
GGTCAATTATGCTTCA,0
GGTCACATAAACAAAC,0
GGTCACATAAATCAAA,0
GGTCACATAAGTAGAA,0
GGTCACCATACTGCCC,0
GGTCACTAGCGTACAT,0
GGTCAGACATCATCAC,0
GGTCAGCAACTTAACG,0
GGTCAGCCAAAGGCTA,0
GGTCAGCCTTAATCCG,0
GGTCAGTCAACTTTAG,0
GGTCATCAAAGACAAA,0
GGTCCACACTCAGAAA,0
GGTCCACTACGCCCTT,0
GGTCCAGAATACACCT,0
GGTCCCAAAATTTGCT,0
GGTCCCAACGCATCCT,0
GGTCCCTGAACATGGA,0
GGTCCTGTATATAGAG,0
GGTCGAAAGCATAGAC,0
GGTCGAAATGTAGGCG,0
GGTCGAACAATATTAA,0
GGTCGAACACTTCTTC,0
GGTCGAGCGGATTTCA,0
GGTCGATAAAAAAAAT,0
GGTCGGTCGACAAACA,0
GGTCGTAAACCTACTT,0
GGTCGTAGTGAACAAA,0
GGTCGTCGCTTGTGTA,0
GGTCTAAACGATATTC,0
GGTCTATAACGACCCG,0
GGTCTATGAGCTACAC,0
GGTCTATGGCAAATGG,0
GGTCTATTCCCCCTAC,0
GGTCTCAAACATCATA,0
GGTCTCCAAGTTGACA,0
GGTCTGAATTACGCAA,0
GGTCTGCACTAACGGG,0
GGTCTGTGTTCCGGTA,0
GGTCTTAAAAATTTAC,0
GGTCTTACTTAACCTT,0
GGTCTTGAAACTTTCC,0
GGTCTTTAAAGAACAG,0
GGTCTTTATGTGCTGT,0
GGTCTTTCGTTCAGAG,0
GGTGAAACCCAAGTAT,0
GGTGAAACGGATGGAG,0
GGTGAAATACCTAGGA,0
GGTGAATAGATCTCAA,0
GGTGAATCCACAAAGT,0
GGTGACCTACGGAATC,0
GGTGACGACTCTAAAG,0
GGTGACTTTACGATAC,0
GGTGAGACACAAGATA,0
GGTGAGAGAACAGTAA,0
GGTGAGCGGCTTATTT,0
GGTGATAACACATCGA,0
GGTGATACCGTGCAAT,0
GGTGCAAAGCGAAAAG,0
GGTGCAATGTTGTTTG,0
GGTGCATATTTAACAT,0
GGTGCCCTCCAGAGAA,0
GGTGCTAAAGCTAAAT,0
GGTGCTAAGTTTCTTA,0
GGTGGAACACCAGTGC,0
GGTGGAACGTCCAAAA,0
GGTGGAATATGAGGTC,0
GGTGGACTCCAATACA,0
GGTGGAGCTCGTAAGT,0
GGTGGATAAATTGACA,0
GGTGGATGTACCACGC,0
GGTGGCTAATGATACA,0
GGTGGCTGTACAAAGA,0
GGTGGGGGTACCGACT,0
GGTGGTAAATTGAGTC,0
GGTGTAAAAAAAAAAC,0
GGTGTAATATATGTGT,0
GGTGTACTGTAAACCG,0
GGTGTCAAATTTAACG,0
GGTGTCCAATTAGCCA,0
GGTGTCGGCACGTGGA,0
GGTGTGCTTCATAACG,0
GGTGTTAATTGAAGAT,0
GGTTAAAACCCCTGAG,0
GGTTAAAAGGAGATTG,0
GGTTAAAGCTCGCTCT,0
GGTTAAAGGATCTCTT,0
GGTTAAAGGGCTAGTT,0
GGTTAAATCTAGTCCT,0
GGTTAAATTCTAAACG,0
GGTTAACACCGACAGT,0
GGTTAAGTATAAGGAA,0
GGTTACAGAATAAGGA,0
GGTTACCCAGACGATT,0
GGTTACCCCATTGCAG,0
GGTTACCGTTTGACCA,0
GGTTACGCCTGCAGAC,0
GGTTACTCAAGTACAC,0
GGTTACTTGAGAACTA,0
GGTTAGAAAAAACACA,0
GGTTAGACTTAACTTT,0
GGTTAGGGCTATCGCT,0
GGTTAGTAAGTATCTA,0
GGTTATAAAGACACGA,0
GGTTATATTATGTGTC,0
GGTTATGGCAGACACA,0
GGTTCACAGCAGTGGG,0
GGTTCAGAGCCGGACT,0
GGTTCCCTAAATCTTA,0
GGTTCCCTTATAAATA,0
GGTTCCGGGCTGCACA,0
GGTTCCTGTAATATAA,0
GGTTCGAAGCTGCACG,0
GGTTCGGACGATAAGT,0
GGTTCTAAGGGACACC,0
GGTTCTAAGTGAGAGT,0
GGTTCTCTAAATATGT,0
GGTTGACCGCATTATG,0
GGTTGAGAAAACCGCA,0
GGTTGATCTACCTCAA,0
GGTTGATGAAAGTGAA,0
GGTTGGCTTGATTACG,0
GGTTGTGAAGCACTGG,0
GGTTTAAAGGGAAGAT,0
GGTTTAACAGGGAAAT,0
GGTTTAACTTCGAATC,0
GGTTTAATGGACAATA,0
GGTTTACTTTCGCAAA,0
GGTTTATGAGACAACA,0
GGTTTATGGAGCCATA,0
GGTTTATTGAAAATTA,0
GGTTTCACCACCATAA,0
GGTTTCCCAACCTGTC,0
GGTTTCCGAGAATAAG,0
GGTTTCTGGCGAATTC,0
GGTTTGAGCCGAATCC,0
GGTTTGCTCGAAGACT,0
GGTTTGTGACACCGTA,0
GGTTTTGCACTCCATT,0
GGTTTTTGCAGAAATT,0
GGTTTTTTCCACCATT,0
GTAAAAACCGCATCAC,0
GTAAAAATCGGTTTGG,0
GTAAAAATTACTAACT,0
GTAAAACAAATCTATA,0
GTAAAACCCTAACAAA,0
GTAAAACCTCAAAAGT,0
GTAAAACTCTCGACGA,0
GTAAAAGATACGGGAT,0
GTAAAAGCACAAGCTT,0
GTAAAAGCCAAAAAAA,0
GTAAAATGATATTGTT,0
GTAAAATTAAAAATTC,0
GTAAAATTGCAAGAAC,0
GTAAACAAGGCAAACT,0
GTAAACACAATAGAGT,0
GTAAACATGACATTAA,0
GTAAACCAAGCATAAC,0
GTAAACCTCTTGACAG,0
GTAAACGCACCGTTGT,0
GTAAACGCTTCTCAGA,0
GTAAACGGCAGGCAAA,0
GTAAACGTGTACAATA,0
GTAAACTAAACTAAGA,0
GTAAACTTCGTGTCAG,0
GTAAAGAAAATCAACT,0
GTAAAGAAACAAAGAA,0
GTAAAGAATAACTTAG,0
GTAAAGAATCACAAAA,0
GTAAAGAATTATGCTA,0
GTAAAGCAGAGCAACA,0
GTAAAGGATAGTCAGT,0
GTAAAGGCAAGAATAA,0
GTAAAGTAAATTTTTA,0
GTAAATAACAATACCA,0
GTAAATACGATAACTA,0
GTAAATAGACACAGAT,0
GTAAATCCTCTTAAAA,0
GTAAATCCTTATACTT,0
GTAAATGAACTAATAG,0
GTAAATGCAATGTCAA,0
GTAAATTATATCATAT,0
GTAAATTCACGAAACC,0
GTAACAAAAAAAGAGA,0
GTAACAATCCCCACCC,0
GTAACACAAACAACTT,0
GTAACACACACCGAAT,0
GTAACACGTCATTGAG,0
GTAACACTACATACTT,0
GTAACACTGGAAAGGG,0
GTAACAGAAATCTAAG,0
GTAACAGGGGTAAAAA,0
GTAACATATCTTTCAA,0
GTAACATCTGAGACGG,0
GTAACATGAGCTACCC,0
GTAACATGTATAGTAG,0
GTAACCAACAAAATAC,0
GTAACCAATGAGCCTA,0
GTAACCACAAACACGC,0
GTAACCACGCTCGCGG,0
GTAACCATAACCTTGC,0
GTAACCCAGCGACCAT,0
GTAACCCATGTAAATT,0
GTAACCCCGACCCAAC,0
GTAACCCTAAAACGTT,0
GTAACCGATAACCAAA,0
GTAACCGTGCCCGAGT,0
GTAACCGTTAATACAC,0
GTAACGAAACCAAAAA,0
GTAACGACATAAATTA,0
GTAACGCAAACCATAA,0
GTAACGCCATTAGCAG,0
GTAACGCTACCCGAGA,0
GTAACGCTATAGATAA,0
GTAACGCTGAAAGAAC,0
GTAACGTTAACTACAC,0
GTAACTATCTTCGGCT,0
GTAACTATGCACACAT,0
GTAACTCTGTGCAAAA,0
GTAACTGAAAAACGAT,0
GTAACTGTGAGCTCAG,0
GTAACTTACAGTAATA,0
GTAACTTGGCACAATA,0
GTAAGAAACTTGGTAA,0
GTAAGAATTTAATATC,0
GTAAGACCAAAATATG,0
GTAAGACCTGCTGAAG,0
GTAAGACCTTATAGTG,0
GTAAGACGTTAACCAA,0
GTAAGACTTTTCCTAA,0
GTAAGAGTGGATTCCA,0
GTAAGATCAGTGCTTA,0
GTAAGCAAATGCGACG,0
GTAAGCATGATTAAAA,0
GTAAGCCTAGGAATAC,0
GTAAGCGTTGATCACA,0
GTAAGGAAGTTCATAA,0
GTAAGGAATTGAGAAA,0
GTAAGGCCTATAAATT,0
GTAAGGTCTTTCTTAC,0
GTAAGGTTCAAAGGGG,0
GTAAGTGTTATAATCT,0
GTAAGTTATGCCATGG,0
GTAAGTTTATGTGAGA,0
GTAATAAAATAGGCCT,0
GTAATAAAATGAAAAT,0
GTAATAAATATGTAGT,0
GTAATAACAGTGCGTC,0
GTAATAATACGCAAAC,0
GTAATACACGATAGGC,0
GTAATACATACCACCA,0
GTAATACATCATCATC,0
GTAATACGTGACTTAT,0
GTAATAGGATGACCAA,0
GTAATAGGGACACTGT,0
GTAATATTGACTCCGA,0
GTAATATTTAGACGCG,0
GTAATCAGGTGGTGGC,0
GTAATCATGAGAAAAA,0
GTAATCCGAGAATGGG,0
GTAATCTATTTGGAGA,0
GTAATCTCCCCAAGTA,0
GTAATGATAGTTCAGG,0
GTAATGATCGATTTAG,0
GTAATGCATTTTCGTC,0
GTAATGCGCCCCCCAG,0
GTAATGCTCATCTATT,0
GTAATGCTTAAAACGA,0
GTAATGTAAAGCTGGG,0
GTAATGTATTCGCTAA,0
GTAATTAAACAAAGGT,0
GTAATTAATAAAAAGC,0
GTAATTACAATACAAA,0
GTAATTCCAGTTAACA,0
GTAATTGCGCCCAACC,0
GTAATTGTCTAGAAGA,0
GTACAAAAACATTGCT,0
GTACAAAAATTTCTAT,0
GTACAAAATTAAATGA,0
GTACAAACATTATGAA,0
GTACAAAGAAGTTGCG,0
GTACAACAAGTATAAT,0
GTACAACCACATCACC,0
GTACAACGCGACATTT,0
GTACAACTCACGAAGG,0
GTACAAGAAAAACCCA,0
GTACAATAAAAACGCA,0
GTACAATAGAGTTGCG,0
GTACAATATAAGAAAA,0
GTACAATATGAAAAAA,0
GTACACAACATCGAAC,0
GTACACAATACTAAAA,0
GTACACAGTTCAACTT,0
GTACACATTAGTTACC,0
GTACACCAGCCTTCAA,0
GTACACCATATAATAA,0
GTACACGACAAGACTA,0
GTACACGATGTTGGGA,0
GTACACTAACCGCAAA,0
GTACACTAATTTTGAT,0
GTACACTTAAACTAAA,0
GTACACTTAGCCGCGC,0
GTACAGAAGTGCAGGT,0
GTACAGCGCTACAAGG,0
GTACAGTCTGTCTGAA,0
GTACATACGCCCGGCC,0
GTACATAGTCCAACGC,0
GTACATGTACCGGCGA,0
GTACATTAACAACAGG,0
GTACATTAACGCGAAA,0
GTACATTGTAATATTA,0
GTACCAACGACATTGA,0
GTACCAAGCCAAAAAT,0
GTACCAAGTGAATAAC,0
GTACCACCAAATCAGC,0
GTACCACTACCACTCA,0
GTACCACTAGAAGTTT,0
GTACCACTATAGTATA,0
GTACCATACTCAATGG,0
GTACCATCACGTGAAC,0
GTACCCAACATGGTAC,0
GTACCCAACCGAGAGC,0
GTACCCAAGGCAAACT,0
GTACCCGCAAAGGGAC,0
GTACCCGTAAACCTCA,0
GTACCCTAAAAACATG,0
GTACCGAATTATTAAT,0
GTACCGAGCAAAGAAA,0
GTACCGAGTACATTTA,0
GTACCGATTGATTCTA,0
GTACCTAAGTTCCTCT,0
GTACCTATAATATAAA,0
GTACCTCCGATTACAC,0
GTACCTTATCGAAACA,0
GTACGAAAAGAACAAC,0
GTACGACAAAAGGCAG,0
GTACGACATGAACCGA,0
GTACGACTCTGCAGGT,0
GTACGCCCATGGACGC,0
GTACGCCCTAACTCTG,0
GTACGGAACAAGCTGC,0
GTACGGGTAGCAGTGA,0
GTACGGTACTTATAGA,0
GTACGTATAAAATGAC,0
GTACGTATTTTTGCCT,0
GTACGTTTCGAGTGTA,0
GTACTAACAATGAAAT,0
GTACTAGCTTCAAACT,0
GTACTATGGGACATAA,0
GTACTATTCGAAAGAT,0
GTACTCAAATCGAAGA,0
GTACTCAAGCATTAAC,0
GTACTCAATGACGATT,0
GTACTCACAATGCACT,0
GTACTCACATGTTGAA,0
GTACTCATGCCCCCAT,0
GTACTGAAACCAACGC,0
GTACTGAAATATCACA,0
GTACTGATTAGACCAA,0
GTACTGGAGTCATAAC,0
GTACTTAAAGAAATCA,0
GTACTTACCATTATCC,0
GTACTTATTCATAAAT,0
GTACTTCGTAAGAGGA,0
GTACTTGAACATCAAA,0
GTACTTGGAATCTAGG,0
GTACTTGGAGTCATTC,0
GTACTTTCAATATGCA,0
GTACTTTCTACTTCGA,0
GTAGAAAACGAGTTTG,0
GTAGAAACACTGAATT,0
GTAGAACATAAATGGC,0
GTAGAACGAGTAATGA,0
GTAGAACGATCATCGA,0
GTAGAACGTAAAACGT,0
GTAGAACTAAATGTGT,0
GTAGAACTATTGTCCG,0
GTAGAATATGGCAATA,0
GTAGAATCCAAGTGAA,0
GTAGAATCGAGGCATA,0
GTAGAATTATACGTGG,0
GTAGACTATGGCATAA,0
GTAGACTCCTGCTTAG,0
GTAGACTTCGTAAACA,0
GTAGAGATCCCAACTT,0
GTAGAGATTAGTATCG,0
GTAGAGTCTCCGTCAA,0
GTAGATAAAATTACAT,0
GTAGATAACAAACTAA,0
GTAGATCCTAAACCTT,0
GTAGATCTTAATGATT,0
GTAGATGACCCATAAG,0
GTAGATGACGACTAAG,0
GTAGATTAACCCATGT,0
GTAGATTCACCATGGG,0
GTAGCAATTCCTAATA,0
GTAGCAGTATACAAAC,0
GTAGCATAGTAGACCA,0
GTAGCCAGACAGACGA,0
GTAGCCATTTAACAGA,0
GTAGCCCCTCTACACT,0
GTAGCCGGATTTAATA,0
GTAGCGGGAATAATGC,0
GTAGCTGTTGTATAGG,0
GTAGCTTACGATTCTT,0
GTAGGAATATGCTTTC,0
GTAGGAGAGTCCGATT,0
GTAGGAGTAAGCCGGC,0
GTAGGAGTCTAGTCAT,0
GTAGGATCAGTGCAAA,0
GTAGGCAGATAAACGA,0
GTAGGCCAAATTAGGG,0
GTAGGCGACAATAATC,0
GTAGGTGAGATAGAAA,0
GTAGTAAATGTTGACT,0
GTAGTAATGTACATCT,0
GTAGTACATTTCAATT,0
GTAGTAGGACCAAGAG,0
GTAGTATTACATATGA,0
GTAGTCATTGCTACAC,0
GTAGTCCAGTTTAATA,0
GTAGTGCCAAAACCTT,0
GTAGTGGTAAGGAGTA,0
GTAGTTACCAAACTAC,0
GTAGTTATACGAACAG,0
GTATAAACTGGTTTGA,0
GTATAAACTTGTGACA,0
GTATAAGCGTTAAGCT,0
GTATAATAACCTGTGG,0
GTATAATAGACCATTA,0
GTATAATATTCTTTTA,0
GTATAATGAATCAGAA,0
GTATAATTATTCTAGC,0
GTATAATTGGTGAATG,0
GTATACAAACTTTTTT,0
GTATACAACAAAAGGA,0
GTATACAACTTCTCCG,0
GTATACACCATGGAAA,0
GTATACCGGCCAAAAA,0
GTATACGAAACGTATG,0
GTATACGAGAGCACAA,0
GTATACGTAAGTCAAA,0
GTATACTAAAATTAAG,0
GTATACTACCGAAAAA,0
GTATACTAGTTTAAAC,0
GTATACTCGCGGTTGT,0
GTATACTTCAGTACGT,0
GTATACTTTCAGGAAC,0
GTATAGAGCAGAAACA,0
GTATAGAGGAAAACAG,0
GTATAGAGGAGTAATC,0
GTATAGATACAAAGTG,0
GTATAGATCTTTGACG,0
GTATAGCGGGTGTTTT,0
GTATAGCTTGAATTCT,0
GTATAGGATAAACAGG,0
GTATAGGTGGAGATCC,0
GTATAGTGCGGACAAA,0
GTATAGTGTTCCCGAT,0
GTATATAATAATATGG,0
GTATATACTATATGAT,0
GTATATAGATCCACTC,0
GTATATAGTAAAGGTG,0
GTATATATGAACACAC,0
GTATATGCACCAAATT,0
GTATATGTCTTAATAA,0
GTATATTCAAGCAACT,0
GTATATTGTAAGATCT,0
GTATCAAAACGCCGAA,0
GTATCAATAACCCGAC,0
GTATCACTTAAACAAA,0
GTATCACTTGTAAGTG,0
GTATCATGCAAAACAT,0
GTATCATGTCACTAGA,0
GTATCCAACAGATCAT,0
GTATCCCATCTAAAGC,0
GTATCCCTCTTCCAAT,0
GTATCCCTTTAATGAT,0
GTATCCGCTGTCGCCA,0
GTATCGAAGCACAATA,0
GTATCGCCGAGTTACC,0
GTATCGCTATTTTAAC,0
GTATCGTGTGCAGGAT,0
GTATCTCTTCGGGGAA,0
GTATCTGAAAATAGTC,0
GTATGACCACAGATAT,0
GTATGACTGCAAAGAT,0
GTATGACTTTCACGAA,0
GTATGATTAGCTAGTG,0
GTATGCTAATGCTAGC,0
GTATGCTCTTATCTAA,0
GTATGCTTAAACTTTT,0
GTATGGACACAATTCA,0
GTATGGCGCATATGCA,0
GTATGTCTCCCAAAAT,0
GTATGTGCAACCGCCA,0
GTATTAAATATTTTGT,0
GTATTAAGAGCTACTA,0
GTATTAAGAGTAGCAC,0
GTATTACAGGGAAAAA,0
GTATTATAATTGTGAA,0
GTATTATGAGAAAATC,0
GTATTATTATAAAGCT,0
GTATTCAATGAGATCC,0
GTATTCACATAACACC,0
GTATTCCTATATCAAT,0
GTATTCGATAACGTTA,0
GTATTCGTGAGATAAT,0
GTATTCTCAGTACAAG,0
GTATTCTCTTTCTAAG,0
GTATTGATAATGCTAG,0
GTATTGGTAAACTAGG,0
GTATTGGTCCCCAAAC,0
GTATTTAAACGATGAT,0
GTATTTACCGAACAGG,0
GTATTTACGACCACAG,0
GTATTTCACATTTGCA,0
GTATTTTTTCAACATT,0
GTCAAAAAACAACATC,0
GTCAAAACCCAACCCA,0
GTCAAAAGACGCCGTT,0
GTCAAAATAGAAGACT,0
GTCAAAATGGAAAACA,0
GTCAAACAACCACGCC,0
GTCAAACCAATAATAC,0
GTCAAACTCATAGACG,0
GTCAAAGAGACAGACA,0
GTCAAAGTAGAGCGAA,0
GTCAAATAAACGCATT,0
GTCAAATAAGATGAAA,0
GTCAAATAATGAGATC,0
GTCAAATAATTGGACG,0
GTCAAATAGTGCATGC,0
GTCAACAAACTTCAGT,0
GTCAACACTCAAAGTA,0
GTCAACCACAAATTTG,0
GTCAACGATCGAGTCC,0
GTCAACGGACGTAAGC,0
GTCAACTCCGCCCCAG,0
GTCAAGGCCTCATAAA,0
GTCAAGTAGATAATAG,0
GTCAATCATCACAGCG,0
GTCAATCATGGAATCA,0
GTCAATGATCGCAATA,0
GTCAATTACCAACAAA,0
GTCAATTCAGGACACA,0
GTCACAAATCCGCTAC,0
GTCACAATGTGGTGGG,0
GTCACACATTCCAACA,0
GTCACACGGTACCGTG,0
GTCACAGCAATGCATA,0
GTCACATATATAAACT,0
GTCACATTAAACGTGA,0
GTCACATTGGTCTCCA,0
GTCACCCACGACACCT,0
GTCACCCTCTACCGAA,0
GTCACCTATATTGAAC,0
GTCACGCTAACATGAG,0
GTCACGCTATGGCGGG,0
GTCACGTATCCCAACT,0
GTCACGTTATCGTGCA,0
GTCACTAATTAGCCAT,0
GTCACTATTCATGAAT,0
GTCACTCCGCGGAATA,0
GTCACTCTAAAATTCT,0
GTCACTTGTATCGTGA,0
GTCAGAGACAAAACAC,0
GTCAGGATCAGGAAAA,0
GTCAGGATGATCACTC,0
GTCAGGTAAAAGTGTA,0
GTCAGGTCCTAAATAC,0
GTCAGTAAACACTACT,0
GTCAGTACATCCGGCA,0
GTCAGTCTCGAACGAA,0
GTCATAAACATCCACA,0
GTCATAAAGAGGAAGA,0
GTCATAACTAGAAGTA,0
GTCATAATACATGTAA,0
GTCATATACCAGAAAA,0
GTCATATTACGGGGTA,0
GTCATCAGCTTCACTC,0
GTCATCGCCAGTATAA,0
GTCATCTTTGCACACC,0
GTCATGAAGGGAAAAA,0
GTCATGAGAAGTAGTT,0
GTCATGCGAAAACCTG,0
GTCATGTACTAAAAAT,0
GTCATGTCAAGGTTTG,0
GTCATTAATATGTAGA,0
GTCATTATACGTTAAC,0
GTCATTCATCGATTAA,0
GTCATTGGATGTTTCG,0
GTCCAAAAAGACTTCT,0
GTCCAACAATGACTTG,0
GTCCAACGAAAGTACT,0
GTCCAACTGTGCAGTA,0
GTCCAACTTTGCCATG,0
GTCCAAGCCAGTATAC,0
GTCCAATAGTGGTACT,0
GTCCAATATAAGTCCA,0
GTCCAATTATAAAATT,0
GTCCACGACCCCCACT,0
GTCCACTTATTACGAA,0
GTCCAGATAAAATGAC,0
GTCCAGCAGCTCCAAA,0
GTCCAGCGCGTTTTAG,0
GTCCAGTAACACCTCG,0
GTCCATGATGGTACCT,0
GTCCATTCTTATCATT,0
GTCCATTTATATTAGA,0
GTCCCAACCCACTACG,0
GTCCCAAGCAATATGA,0
GTCCCAGTGAACACAA,0
GTCCCATTCTCCGACT,0
GTCCCATTTCCCCAAC,0
GTCCCCCGATCACTAT,0
GTCCCGAAATCATACG,0
GTCCCGAAATTAAATG,0
GTCCCGCCTGAGTAAT,0
GTCCCTCTCTGATACG,0
GTCCGAAGTCCCAACC,0
GTCCGACATAGCAATC,0
GTCCGACCTAGAATAG,0
GTCCGACGCTATCAAA,0
GTCCGCAAAAAATACA,0
GTCCGCAACCCCCATA,0
GTCCGGATGGAATTTA,0
GTCCGGCAGAGAATGC,0
GTCCGGCTGAAAAGAA,0
GTCCGGTTCCCTCCAG,0
GTCCGTAAAAACAGGC,0
GTCCGTGCTGTGCGGG,0
GTCCTAAAAGTCACTC,0
GTCCTAACCTCGGTGC,0
GTCCTAATTTTCTAAA,0
GTCCTACATTCATAAA,0
GTCCTACTTAAGTCGT,0
GTCCTAGTGAATAGAA,0
GTCCTATCTCTCGCAG,0
GTCCTATGCCAAGAAC,0
GTCCTCACCTCACCCT,0
GTCCTCAGACAAATAC,0
GTCCTCATTCACAATT,0
GTCCTCGCGAGAATCA,0
GTCCTCTAAGATCAAC,0
GTCCTGTACACTACTA,0
GTCCTGTGTGTCGAAT,0
GTCCTTACGAGGTTAT,0
GTCCTTCAAATAAAGA,0
GTCCTTGAAAGGATAG,0
GTCCTTGATTGCGAGA,0
GTCGAAAAAATGTTAA,0
GTCGAAATGTCCGAGC,0
GTCGAACCATACCCAA,0
GTCGAACTAAGTTAAC,0
GTCGAATAAGTAATAT,0
GTCGAATAGTAGATGG,0
GTCGAATCCACTGCCA,0
GTCGACAAACGATATT,0
GTCGACAATAAACACA,0
GTCGACACACGCAATT,0
GTCGACCTTCGATATC,0
GTCGAGAAACAAGCTA,0
GTCGATAAACTGTAAC,0
GTCGATAACCCTTGCT,0
GTCGATAATAGCTAGT,0
GTCGATGATTGCCCGG,0
GTCGCCAATAACAAAG,0
GTCGCGCGATAGTACC,0
GTCGCTATAAAAGAAT,0
GTCGCTATTAAACACC,0
GTCGCTCCAATGTTCA,0
GTCGCTTGCCCCCCTA,0
GTCGGAAACACCGGCC,0
GTCGGATCCTCGTGCG,0
GTCGGATGATGTATTG,0
GTCGGCATCAGAGGTA,0
GTCGGCGAAAATGAAT,0
GTCGGGACATAATTGC,0
GTCGGGGTTGTTTGGG,0
GTCGGTCTAACGAGAC,0
GTCGGTCTAGACACAA,0
GTCGTAAAACCAAGAG,0
GTCGTAAATAATCGCG,0
GTCGTACAATTACAAA,0
GTCGTATAATCGACAC,0
GTCGTCGGTGCCTTCC,0
GTCGTCTCTCGAACCA,0
GTCGTGAACAATATTG,0
GTCGTGCCACCGAGTC,0
GTCGTGCTCTAATGAT,0
GTCGTTGAAGAAAAAA,0
GTCGTTGAGAAGAACT,0
GTCGTTTATACCTCTG,0
GTCTAAAAAAGTATTT,0
GTCTAAACAACCAAAC,0
GTCTAAAGAATTTATC,0
GTCTAAAGCACAAAAA,0
GTCTAACAACAAAGGC,0
GTCTAACCGATGTTAA,0
GTCTAACGGATCATGA,0
GTCTAACGTTAAAAAG,0
GTCTAAGATCGGTGAA,0
GTCTAATTGGCATCAT,0
GTCTACAATATTGAGA,0
GTCTACAGCAAATCGG,0
GTCTACATATAGATGT,0
GTCTACGAATTCGCAA,0
GTCTAGCTAAACTACA,0
GTCTAGCTGGCCACTA,0
GTCTAGGGGCCGAGTT,0
GTCTAGTAATAGTACT,0
GTCTAGTACAAAAGCC,0
GTCTAGTCTGCAACAA,0
GTCTAGTGTAACTTGT,0
GTCTATACTAGTCAAA,0
GTCTATACTCCATAAC,0
GTCTATGATAGCAAAA,0
GTCTATGATCAGAGGG,0
GTCTATGTAGTTACAT,0
GTCTCAAAGAACTATA,0
GTCTCAATCCGTGAGA,0
GTCTCAATTACCAGCT,0
GTCTCCGAGAATAATC,0
GTCTCGAAAAGGAGAA,0
GTCTCGCACTCTAGCA,0
GTCTCGCGAAAGGCAT,0
GTCTCGTTACATAGGA,0
GTCTCGTTATACAAAC,0
GTCTCTACTGTCCTAG,0
GTCTCTTTTACCCCTC,0
GTCTGAAGGGTAGCTA,0
GTCTGAATGATACGTA,0
GTCTGAATGTGAATAA,0
GTCTGACAATACCAAA,0
GTCTGAGAGATATGTA,0
GTCTGAGGCTGCTGGG,0
GTCTGAGGGTTCCGGG,0
GTCTGATCGAGAAGCC,0
GTCTGCCCGCCATCTC,0
GTCTGCGAAATACGCA,0
GTCTGGAAGTCATCAG,0
GTCTGGAGTAACTAGC,0
GTCTGGCGTTTGATTG,0
GTCTGGCTAATATTAT,0
GTCTGGGAGCCAGCGA,0
GTCTGTGTTTATTTGA,0
GTCTTAAAAACGGCTG,0
GTCTTACAAAAAAACT,0
GTCTTCAAACCGAGCA,0
GTCTTCAACCCAAATT,0
GTCTTGACGCAGCATG,0
GTCTTGAGACTTAGCA,0
GTCTTGCACACCATTC,0
GTCTTGCAGGATTTGA,0
GTCTTGCATATATAAA,0
GTCTTTAGATTACTAC,0
GTCTTTCCCCAAATTC,0
GTGAAAAAACTTCGCA,0
GTGAAAAAAGACACTT,0
GTGAAAATGTTAAGGA,0
GTGAAACATGAATAAC,0
GTGAAACCTACCAAGA,0
GTGAAATCCGCACGGA,0
GTGAAATTATAAGAGT,0
GTGAAATTTAAGAACA,0
GTGAAATTTCGGAATT,0
GTGAACCATAGCTGAG,0
GTGAACCTCTAACGAA,0
GTGAACTATATGCAGA,0
GTGAAGAGATACCTCA,0
GTGAAGCAATCCCTAA,0
GTGAAGCATAGTAGCC,0
GTGAAGTCCGCATTAG,0
GTGAATAAAATATAAG,0
GTGAATACGTGAAACA,0
GTGAATGAATGGGATC,0
GTGAATGCTAACCTAT,0
GTGAATGTAAGCCCAA,0
GTGAATTTATTTGAAA,0
GTGAATTTTAACCGTG,0
GTGAATTTTTCTAGAT,0
GTGACAAAAAGGCCAG,0
GTGACAAATGAAAAAT,0
GTGACAAGAAATCGGA,0
GTGACACATGCCACAA,0
GTGACAGCACCACAAA,0
GTGACAGTCATAAATC,0
GTGACAGTTTAATAAC,0
GTGACATATCGTAAAA,0
GTGACATCGAACACTC,0
GTGACATTCTCGTAAC,0
GTGACCACGAAGTTGC,0
GTGACCAGAGCTGTAG,0
GTGACCATCCACCGAT,0
GTGACCCAGTAAAGTA,0
GTGACCCATTAAATAC,0
GTGACCGCCCAGTTGA,0
GTGACCGTCCGCATCA,0
GTGACGAGACAAAAGG,0
GTGACGCTTAGAGCAA,0
GTGACGGATAGCGTAC,0
GTGACGGCATATGCAG,0
GTGACGTCATCAAAGA,0
GTGACGTTACACAAAA,0
GTGACTCAGGTTAGGT,0
GTGAGAACTGATGGGA,0
GTGAGAATAGCCGCAA,0
GTGAGATAAACATATA,0
GTGAGATCCTACGTCC,0
GTGAGCACCAGTGCAT,0
GTGAGCCACTAATACC,0
GTGAGCGGGACACACA,0
GTGAGCGTTAGTGCGC,0
GTGAGCTGCGATTATA,0
GTGAGGAAGTCAAATC,0
GTGAGGATCGAAGAGC,0
GTGAGGCAATATGGAT,0
GTGAGGCCGTCAAGAA,0
GTGAGGTAATCACCGG,0
GTGAGTCAGGCCGTAC,0
GTGAGTCATTCAAGCT,0
GTGATAAACTCTCTGT,0
GTGATAAGCCATAGGA,0
GTGATACTAAGTGCCC,0
GTGATATTAAAAGACG,0
GTGATATTACGACAGA,0
GTGATATTCGCCCTTA,0
GTGATCAAAATCAGTT,0
GTGATCATATGCAGTA,0
GTGATCCAACCAGGGA,0
GTGATCCACAAATACA,0
GTGATCCTTATGCTGT,0
GTGATCGGCTAAAGGA,0
GTGATCTTTATTTTTC,0
GTGATGGTATTGAACT,0
GTGATGGTCATAACTC,0
GTGATTAAGGAACACT,0
GTGATTACCGAAAATG,0
GTGATTACTATAAACT,0
GTGATTATCTCAGCTG,0
GTGATTCCCGAACCCT,0
GTGATTCCCTCATCTA,0
GTGATTGCATGTAAAG,0
GTGATTGCTAAATCTA,0
GTGCAAACCTATAAAT,0
GTGCAACACTTTAGGC,0
GTGCAAGACATGCTTT,0
GTGCAATACAAGACAA,0
GTGCAATGTGTCTAAC,0
GTGCACATAATAACAA,0
GTGCAGATTGAATGGC,0
GTGCAGGAAACCAAAC,0
GTGCATAAAAGTAGAC,0
GTGCATAAATACATCC,0
GTGCATACCGCTACCT,0
GTGCATACCTCGGACA,0
GTGCATCAATTAGAGC,0
GTGCATCTAAAAAAAA,0
GTGCATCTTTCATGTT,0
GTGCATGAGATCCAAT,0
GTGCATTCGAACCTTC,0
GTGCCAACTGAATCCC,0
GTGCCAAGAGTTAAAA,0
GTGCCATCGCCCCGTC,0
GTGCCATTACTAATGA,0
GTGCCGAAACGCCCTT,0
GTGCCGGACTGAGGGG,0
GTGCCGTTAAACATCG,0
GTGCCTGATGTACCCA,0
GTGCCTGCATCCGATA,0
GTGCGACACATTCCAA,0
GTGCGATGGGAGGACT,0
GTGCGCTCATCACATT,0
GTGCGTGAAGTCCACA,0
GTGCGTGCGACATGCT,0
GTGCTAAATACAAAAA,0
GTGCTAATCTAGCGGG,0
GTGCTAATTCCGCATT,0
GTGCTATACCATAAGG,0
GTGCTCGAAATTTCAA,0
GTGCTGCAGGGCGTGC,0
GTGCTTGGGACTGAAA,0
GTGGAAAACATCAACT,0
GTGGAAACATGAATAT,0
GTGGAACACTACACAT,0
GTGGAACCACCATCAA,0
GTGGAAGGCAGCAAAG,0
GTGGAATAATGACCGT,0
GTGGACACTGCCCCCA,0
GTGGACATAGTGCCAG,0
GTGGACATTACCCAGA,0
GTGGAGACAATGCCAA,0
GTGGAGGAGCTAAGCA,0
GTGGAGGCCCCTATGG,0
GTGGATAATAGAGTGT,0
GTGGATTTAAAAATGT,0
GTGGCCCACAGAATCG,0
GTGGCCTCCCCAGTAG,0
GTGGCGTACGGATCGC,0
GTGGCGTGAGACTACA,0
GTGGCTTGATTTATCT,0
GTGGGAGAGAAGTCAC,0
GTGGGCAAATCTGCTA,0
GTGGGCTGCTCTGCCT,0
GTGGGGGTGAGATAAA,0
GTGGGTAATTTGACTC,0
GTGGTAAAGGTTTTGG,0
GTGGTAATGTATACAC,0
GTGGTACCTTGAACTA,0
GTGGTATCGACATAAT,0
GTGGTATCTCTGCCCA,0
GTGGTCCCGGGAAACA,0
GTGGTTAACTTATGCT,0
GTGGTTCCATCTGAAA,0
GTGTAAAAAAACCAAG,0
GTGTAAACGCCACGCC,0
GTGTAAAGCCCTACAA,0
GTGTAAATAACTTGAT,0
GTGTAACCAGGCTCTG,0
GTGTAAGTATGCAAGA,0
GTGTAATCTCACTTTG,0
GTGTAATGCAGCTTAT,0
GTGTACAAACTTGTGG,0
GTGTACATAAGTACTT,0
GTGTACCACTGGATCG,0
GTGTAGAAAAATCGGC,0
GTGTAGTGGGGAGGTA,0
GTGTATAAACAATCAA,0
GTGTATACACTGAATA,0
GTGTATATGCAAAGTA,0
GTGTATGAGAATGCCA,0
GTGTATGCATGGATTA,0
GTGTATGTAATTCCTA,0
GTGTATGTGACTAATA,0
GTGTCAAACATATACA,0
GTGTCAAATCCAAGAC,0
GTGTCAAATCTTCCTT,0
GTGTCAACTACAAGTC,0
GTGTCAAGAATATACC,0
GTGTCAGATAGAATAC,0
GTGTCAGGCACTAGGC,0
GTGTCATAAATAAACA,0
GTGTCCCAATTCCACC,0
GTGTCCCGCACAACAA,0
GTGTCGAACCCCGAAA,0
GTGTCGACGCGGGGTC,0
GTGTGAACATACCCAA,0
GTGTGACCTTATGACT,0
GTGTGATACCAATTTA,0
GTGTGCAACTAACAGT,0
GTGTGCTTTGAAAAAA,0
GTGTGGAATAAACCCA,0
GTGTGTATATACCCGG,0
GTGTTACATAAAAGTT,0
GTGTTATTCGAGTGCG,0
GTGTTCAATATCTTCT,0
GTGTTCACCATAACTC,0
GTGTTCCGCAAAGGTA,0
GTGTTGACCAGACGCG,0
GTGTTGCAATGAACAA,0
GTGTTGGTTAGACAAT,0
GTGTTGGTTTTTCTTG,0
GTGTTGTTCAGTTACG,0
GTGTTTAGCCACCTGG,0
GTGTTTCTCGAATCTT,0
GTGTTTTTTCTAAATG,0
GTTAAAAATACGGGCT,0
GTTAAAACCGGGACCT,0
GTTAAAACGAAAATTT,0
GTTAAAACGACTTTTC,0
GTTAAAACTACAAACT,0
GTTAAAACTAGTTCAA,0
GTTAAACCGAACAAAT,0
GTTAAACCGTTATACG,0
GTTAAACGCTTAAAGA,0
GTTAAACTGGAATTTA,0
GTTAAACTTGAGCGGC,0
GTTAAAGACTAATAAA,0
GTTAAAGACTCTCGTA,0
GTTAAATTGACTCGTA,0
GTTAACAGAGATGCAA,0
GTTAACAGCGCACAGA,0
GTTAACTGCCAACCCT,0
GTTAAGCAAGCGAATC,0
GTTAAGGGACTTGTTC,0
GTTAAGTAAAATGGCA,0
GTTAAGTCTAGACCTA,0
GTTAATAACAAATAAT,0
GTTAATAATGACAAGA,0
GTTAATACCCAATCGA,0
GTTAATACGAGACCAA,0
GTTAATACTGACCTGG,0
GTTAATAGTAAAAATT,0
GTTAATAGTCTTAACT,0
GTTAATCACTTGTACA,0
GTTAATCGGTAGCATT,0
GTTAATGAACCAAACA,0
GTTAATGAGATCGATC,0
GTTAATGAGCTTAAGT,0
GTTAATGCATTCAATG,0
GTTAATGCTGAACGCG,0
GTTAATGTATTTGAGA,0
GTTAATTTCGAAGAGC,0
GTTACAACATCGATAG,0
GTTACAACGAAATACG,0
GTTACAAGAATTACCA,0
GTTACAATCAGTGGCA,0
GTTACAATGAAGTCGG,0
GTTACAATGAGCCGAT,0
GTTACACAGGGACACA,0
GTTACACCAAAAACTA,0
GTTACCAATGAAATCC,0
GTTACCGAGTCCCATA,0
GTTACCTTGCGGTGAA,0
GTTACGACAGGAACTA,0
GTTACGAGAGGGACAG,0
GTTACGCCCAACTCAT,0
GTTACGCGAATAAACT,0
GTTACGGATTAAAGCG,0
GTTACTATAAGCATGA,0
GTTACTATTTATACCT,0
GTTACTCTCTAACGCT,0
GTTACTGATCCATCAC,0
GTTACTTATCTACTCA,0
GTTACTTTAGTTACGG,0
GTTAGAACCGAACACC,0
GTTAGACAAAAGTAAA,0
GTTAGACACGGTAGAT,0
GTTAGACTGGAAAGCA,0
GTTAGAGATAACCTAA,0
GTTAGATATATATACC,0
GTTAGGAATGCGATAT,0
GTTAGGTATTGGCGGA,0
GTTAGGTCTGATGACT,0
GTTAGTCTTTTTTAAC,0
GTTAGTGCCGTAAACC,0
GTTAGTTAACAGTAGC,0
GTTAGTTACGGCCAAG,0
GTTAGTTTTTCGAGCT,0
GTTATAAAAAATGCCT,0
GTTATAAAATCTGAAC,0
GTTATAAACCAATAAA,0
GTTATAACAATATAGT,0
GTTATAACGTTTGTAA,0
GTTATAATAGGTCTAC,0
GTTATATAGTTACTAG,0
GTTATCAATTCCATGT,0
GTTATCATTAGTACGG,0
GTTATCCCAATCCATC,0
GTTATCGTATCATGTA,0
GTTATGACAAACCAGA,0
GTTATGATCAGAACCT,0
GTTATGCAACAATTAT,0
GTTATGGAGTCAAATA,0
GTTATGGGAGCATCAA,0
GTTATGTATCAAATCA,0
GTTATTATCCCACACC,0
GTTATTTAACAGCCCA,0
GTTCAAAAATAATCAG,0
GTTCAAACTAGTAATA,0
GTTCAAAGCAAATTGC,0
GTTCAAATTCTAAGAC,0
GTTCAACAGACGGTCA,0
GTTCAACATGGGCTTA,0
GTTCAACTTGTCGAAA,0
GTTCAAGCGTAATAGC,0
GTTCAATAGATAATAG,0
GTTCAATCCGTGAAAA,0
GTTCAATGAGACAAAA,0
GTTCACCACCGACCTA,0
GTTCACCATGGATAAC,0
GTTCACGCACATTAAT,0
GTTCACGTATTTGATT,0
GTTCACTTGGCCAGGC,0
GTTCAGACGGGCAGCT,0
GTTCAGACTTAGTGCA,0
GTTCAGTTGCAATAGA,0
GTTCATAACCGGTCTG,0
GTTCATAAGGCTCTGT,0
GTTCATAGAGATTATT,0
GTTCATAGTGAGAAAG,0
GTTCATATTCGAAGAA,0
GTTCATATTGAGTCAG,0
GTTCATGATATAAGCA,0
GTTCATTTACTAAGAG,0
GTTCCAAAAATCATAA,0
GTTCCAATCTTTTACT,0
GTTCCAGGCGAACTTC,0
GTTCCATAAATATAAA,0
GTTCCATACTAGCCTC,0
GTTCCATGTCAGCTCA,0
GTTCCCATGAGGTACC,0
GTTCCGACCACGCACG,0
GTTCCTACTCAGGGCC,0
GTTCGACTTCTTACCT,0
GTTCGCACAAAAATGG,0
GTTCGCAGATTGAGAG,0
GTTCGCATACGATCGT,0
GTTCGCGCCAAAATGC,0
GTTCGGAATCCTCCGC,0
GTTCGGAGAAGTTATG,0
GTTCGTATAAGAGCCG,0
GTTCGTCTAACCAAAT,0
GTTCGTTTATGATAGC,0
GTTCTAAAAATTAAAA,0
GTTCTAATCGTTTAGT,0
GTTCTACATCGAAATC,0
GTTCTACTACCACGAA,0
GTTCTAGCTTCATCCA,0
GTTCTATATAAATAGA,0
GTTCTATCCTTGCATT,0
GTTCTATGGGATACGG,0
GTTCTCGGCTACACTC,0
GTTCTCTAAAAGGCCA,0
GTTCTGGCCTTTGAGC,0
GTTCTGTTCCAATAAT,0
GTTCTTAGTTCTAAGC,0
GTTCTTGAAATTTATT,0
GTTCTTGAATACAGAT,0
GTTCTTGAGAATCAAA,0
GTTCTTGCACGGGACC,0
GTTGAAACATTAGTAT,0
GTTGAAAGCAGTAAAT,0
GTTGAACCTTGAGAAA,0
GTTGAAGAGGCCAGGG,0
GTTGAATTACCACAAG,0
GTTGACACTCCAACAG,0
GTTGACATCATTTGTC,0
GTTGACGGGCGAATAT,0
GTTGACTCTGTTCTGT,0
GTTGAGACGTCGGATA,0
GTTGAGCCGACCTTCC,0
GTTGATACAACAGACA,0
GTTGATAGCGAATTTT,0
GTTGATCATTTGTTAG,0
GTTGATCGTACCCATG,0
GTTGATGCGCTTAAAA,0
GTTGATTAAAGAATAA,0
GTTGCATGCACCCACC,0
GTTGCATTAAATGTAA,0
GTTGCCCCAAATGAGG,0
GTTGCGACAATATTGG,0
GTTGCTAAGGTTTGTT,0
GTTGCTGAAATCTACA,0
GTTGCTGTTGAGCTAG,0
GTTGGAGATAAAATAC,0
GTTGGATATATTACCC,0
GTTGGCGCCCCCGGTT,0
GTTGGCTATATGAGCC,0
GTTGGGATCTTTTAGA,0
GTTGGGCCCGATATGA,0
GTTGTAAATAGCAAAG,0
GTTGTAAGAAGAATAT,0
GTTGTACAAACATTGT,0
GTTGTACAGAAACCTT,0
GTTGTACAGCATAATA,0
GTTGTAGGATAAATCT,0
GTTGTAGTAAGCATGT,0
GTTGTAGTACAGATAT,0
GTTGTATATAGATGCT,0
GTTGTATTACATTATA,0
GTTGTCAACTAAAACG,0
GTTGTCGATATGCGCC,0
GTTGTCTTTCGAACAT,0
GTTGTGACCCCACATG,0
GTTGTGGACGATCAAA,0
GTTGTGTCGATAATTA,0
GTTGTTAATCGCTAAT,0
GTTGTTTACCGAAGCC,0
GTTTAAAACCAAGAAT,0
GTTTAAAACGAACCGT,0
GTTTAAACGATGATCT,0
GTTTAAAGATATAGTG,0
GTTTAACGCACTACCC,0
GTTTAAGAAGTATAAA,0
GTTTAAGAAGTGAGAA,0
GTTTAAGATCCCAAGC,0
GTTTAAGCAACAGAGC,0
GTTTAATAAAAAAAAG,0
GTTTAATAACACCAAG,0
GTTTAATCCTAATACC,0
GTTTACCTACCGAAGC,0
GTTTAGGTCACCCTAC,0
GTTTATATTTAAACAT,0
GTTTATCCGCATTGCA,0
GTTTATCGCAAAAATC,0
GTTTATGCAATGATTT,0
GTTTATTAAAAAAACA,0
GTTTCAACCCCACAAA,0
GTTTCAGAATAAACAA,0
GTTTCATGGCTCTAAA,0
GTTTCTACTATTATAT,0
GTTTCTTCAGCTAGTA,0
GTTTGAAGCCCATGTT,0
GTTTGATACGTTGAAT,0
GTTTGATAGCACGTCA,0
GTTTGCGACGTCATAA,0
GTTTGGCACCTACAGG,0
GTTTGGTAACATGGAA,0
GTTTGTATAACGCACA,0
GTTTGTATTTTGGCAT,0
GTTTGTCAGTCCCTAA,0
GTTTTAATATGTACGC,0
GTTTTCAGACCCAGAT,0
GTTTTCATCGTTGAAA,0
GTTTTCCATGTGGTCC,0
GTTTTCCGAAAGCAGC,0
GTTTTCCGATAAACAA,0
GTTTTCTATTACTGAG,0
GTTTTCTCACCAGAGT,0
GTTTTCTCAGGCAAAC,0
GTTTTCTTCGGCCCTA,0
GTTTTCTTTGATAAAA,0
GTTTTGCAAACAAAAA,0
GTTTTGCGGTCTCCGT,0
GTTTTTCTAGTGTGGA,0
GTTTTTGAGCGTTAAA,0
GTTTTTTCCCCCAAAC,0
TAAAAAAAAAAGCCTC,0
TAAAAAAAAACCATGA,0
TAAAAAAAATGAGCGT,0
TAAAAAAAGCCAGCAC,0
TAAAAAAAGTGAAACA,0
TAAAAAAAGTTTAAAC,0
TAAAAAAATTGGACAA,0
TAAAAAACCATCAAAT,0
TAAAAAAGAAGGGTTC,0
TAAAAAAGATAGACGC,0
TAAAAAATGGTACTAA,0
TAAAAACATTGGTCGA,0
TAAAAACGATGAGTAC,0
TAAAAACGATTAGTGC,0
TAAAAACGCATTTAAA,0
TAAAAACTAGCTCAAA,0
TAAAAAGAACAATTTG,0
TAAAAAGAATCCCCTG,0
TAAAAAGAGTAACACA,0
TAAAAAGGAACAAATT,0
TAAAAAGTAATAACTT,0
TAAAAAGTCCCTATGA,0
TAAAAATAAAACATAA,0
TAAAAATAATAGTATA,0
TAAAAATACGTAAATG,0
TAAAAATCAGGGATGA,0
TAAAAATGACATGCTC,0
TAAAAATGATATAGCA,0
TAAAAATGCGATGAAA,0
TAAAAATGTAATAAAT,0
TAAAAATTACAGGTCA,0
TAAAACAACATACAAT,0
TAAAACAACGCTAATT,0
TAAAACAACTCTATAC,0
TAAAACACCAATCCAA,0
TAAAACACGGTAGATT,0
TAAAACATCAGTAATT,0
TAAAACATTATGAACC,0
TAAAACCCAGCAATAA,0
TAAAACCCCCGTTCCT,0
TAAAACCGCAAATAAA,0
TAAAACCTCCCTTGGG,0
TAAAACCTGACAAGGC,0
TAAAACCTGTTCCGAA,0
TAAAACGCCCTCTTTG,0
TAAAACGCTCTCATTA,0
TAAAACGGAATCGCAA,0
TAAAACGTGTGCGCCA,0
TAAAACTAAACCTCTT,0
TAAAACTAACCATCAT,0
TAAAACTATAACCCTT,0
TAAAACTCAAGAATTG,0
TAAAACTCCGATGAGT,0
TAAAACTTCTAGAAAT,0
TAAAACTTTAAAGAAA,0
TAAAACTTTTGTCTAG,0
TAAAAGAAACCAACGT,0
TAAAAGAATTTAAACT,0
TAAAAGACGGAAAGAC,0
TAAAAGAGCCACTAGG,0
TAAAAGATTAAAATGC,0
TAAAAGATTATAACGC,0
TAAAAGCAATAATATC,0
TAAAAGCCAGTATAGG,0
TAAAAGCGAAGAGGCG,0
TAAAAGCTCGGCAACG,0
TAAAAGCTCTGTACTC,0
TAAAAGGACAAATAGC,0
TAAAAGGACTACCCGC,0
TAAAAGGGCCTTTCAG,0
TAAAAGGTATTCATGC,0
TAAAAGGTGGATTGAA,0
TAAAAGTAAAAATTGA,0
TAAAAGTAAATAATCA,0
TAAAAGTTATAGGGAA,0
TAAAAGTTCCTAGAAA,0
TAAAAGTTGACCAAAC,0
TAAAATAAAACCCATA,0
TAAAATAAGGGACCTA,0
TAAAATACCTCTACAC,0
TAAAATAGCTCAGAGA,0
TAAAATAGTAAAATAT,0
TAAAATATACAAAGCA,0
TAAAATATCATCCAAA,0
TAAAATATTTACAATA,0
TAAAATCGCATGTTTG,0
TAAAATCGTTACATGA,0
TAAAATCTAAGACAAT,0
TAAAATCTATTCCAAT,0
TAAAATCTGGAGGCGA,0
TAAAATCTTTCTGAAA,0
TAAAATGATCAAACGC,0
TAAAATGATTATTAGT,0
TAAAATGCCTTTTGCG,0
TAAAATGTCTTTAGTC,0
TAAAATTGACTTCTAA,0
TAAAATTGAGAGACCT,0
TAAAATTTATTAAACA,0
TAAAATTTCAACATAC,0
TAAAATTTTCAACAAG,0
TAAACAAAAGCCTCGT,0
TAAACAAAATATTCAT,0
TAAACAAACCCGAACA,0
TAAACAAATATGGCCT,0
TAAACAAATGTATCTC,0
TAAACAACAACCGGAT,0
TAAACAAGACATCCTG,0
TAAACAAGTCTGAGTG,0
TAAACAATAACTCCTT,0
TAAACAATAAGAACAC,0
TAAACAATAGGCTACA,0
TAAACAATTGATAAAT,0
TAAACACAAGGCTAGT,0
TAAACACACAGTGCTG,0
TAAACACAGCATCCAA,0
TAAACACAGTTGCGTA,0
TAAACACATGATGACA,0
TAAACACATTTAGCCT,0
TAAACAGAGCATAGAC,0
TAAACAGCATAGGCTT,0
TAAACAGTCATCTGTT,0
TAAACATACCAAAAGA,0
TAAACATAGCTCGAAA,0
TAAACATCCTTTAAAA,0
TAAACATCGGTTACCA,0
TAAACATTGTTCCTGT,0
TAAACCAACAATACAA,0
TAAACCAAGTAAGCTC,0
TAAACCACCAACTGTT,0
TAAACCATATACCTAT,0
TAAACCCAAATTGACT,0
TAAACCCGAACCTCTA,0
TAAACCCGGTAAATCA,0
TAAACCCTAAACCGGG,0
TAAACCGACATCCCAG,0
TAAACCGACTGAGGTC,0
TAAACCTATAACAAGG,0
TAAACCTATAAGTTTC,0
TAAACGAAACATTAGC,0
TAAACGACGAACAGGG,0
TAAACGACGAGTGTTC,0
TAAACGAGTAAGCATC,0
TAAACGATTTAGCGCC,0
TAAACGCACACATTAC,0
TAAACGCGTGAAGAAC,0
TAAACGGAAGAAATTA,0
TAAACGTAAAACATGA,0
TAAACGTAGTCCGAAC,0
TAAACTAACATAGGTC,0
TAAACTACCAAAACCA,0
TAAACTCTATAAACAC,0
TAAACTGTTGGCCGTC,0
TAAACTTGGTGGCACT,0
TAAACTTTAACTCGAT,0
TAAACTTTAATCGCGG,0
TAAACTTTTTGAGATT,0
TAAAGAAAAGGGACGC,0
TAAAGAACATCATACA,0
TAAAGAACTAGACAAA,0
TAAAGAAGACATCACA,0
TAAAGAATCATTGATG,0
TAAAGACAAACAATAA,0
TAAAGACCAAACACGC,0
TAAAGACGAACCAAGA,0
TAAAGACTAGTGGCCC,0
TAAAGACTCCTATCGA,0
TAAAGACTCGAAAATA,0
TAAAGACTGTAAAAGG,0
TAAAGAGAAGAAAAAA,0
TAAAGAGCAGATTACA,0
TAAAGAGGTAGACTAA,0
TAAAGAGTAGGTCAAT,0
TAAAGAGTTGGTAAGA,0
TAAAGATATCCGAGAA,0
TAAAGATGCGACAAAT,0
TAAAGATTATATCTGC,0
TAAAGCAAAGATTTTA,0
TAAAGCAACCACGATT,0
TAAAGCAATTAGAAAT,0
TAAAGCCACCTAAAAT,0
TAAAGCGAACTATGTT,0
TAAAGCGAAGAGATCA,0
TAAAGCTAGATAGCAG,0
TAAAGCTCAAACTCAC,0
TAAAGCTGCCGTAACC,0
TAAAGGAAACATGAAT,0
TAAAGGAACCTACCCA,0
TAAAGGAACTAAATAA,0
TAAAGGACTAAAGCAA,0
TAAAGGAGGACTGTTA,0
TAAAGGATGATCAATA,0
TAAAGGCCATGCTACA,0
TAAAGGGACAATATTC,0
TAAAGTAACCCTTCGG,0
TAAAGTAAGGACTTAT,0
TAAAGTACAAACATAT,0
TAAAGTACCCGCATCT,0
TAAAGTAGCAATCACT,0
TAAAGTAGCCGCATGT,0
TAAAGTAGGTAGCGTC,0
TAAAGTATCAACTACC,0
TAAAGTCATACTTTCA,0
TAAAGTCATTTTGTAT,0
TAAAGTCCAATTACAT,0
TAAAGTCCTCACACTA,0
TAAAGTCTCCTATCTC,0
TAAAGTTAATAAAAGT,0
TAAATAAAAACACAAC,0
TAAATAAAACTGTGCC,0
TAAATAAAAGTTACCT,0
TAAATAAAATGCCTAG,0
TAAATAAACGGAGCAA,0
TAAATAAATAAACGTT,0
TAAATAAATTTTTCGT,0
TAAATAACATCAGAAG,0
TAAATAATGATTCTAC,0
TAAATACATGCCTCTC,0
TAAATACCGATAAACC,0
TAAATACCTGTCAAAA,0
TAAATACGCACCTCAA,0
TAAATACTCGAATAGC,0
TAAATAGACAAGGTTG,0
TAAATAGCCCTGAGCA,0
TAAATAGCGATAAGCC,0
TAAATAGCTAATTTTG,0
TAAATATTGGATCCAC,0
TAAATCAAACAACCCA,0
TAAATCAAACGCTAAC,0
TAAATCAACTCCGATT,0
TAAATCACAAAAATGA,0
TAAATCACAAGTGAAA,0
TAAATCACATTATTGC,0
TAAATCACTAAAAGAA,0
TAAATCATACTACTCA,0
TAAATCATTCATATCG,0
TAAATCCACGCTATTG,0
TAAATCCATACCAGAA,0
TAAATCCATTTTCCTA,0
TAAATCCCATTAAGCA,0
TAAATCCTGTGGAAAT,0
TAAATCGGTCGTTTTA,0
TAAATCTAAATACATG,0
TAAATCTAATAGCGCA,0
TAAATCTATCTACTCG,0
TAAATCTCCCTTAACA,0
TAAATCTTTAGTTATA,0
TAAATGAAAATCAACA,0
TAAATGAAAGCAAACG,0
TAAATGAAGATCGAGA,0
TAAATGACATCTAAAA,0
TAAATGAGTTATGATG,0
TAAATGCTCAAAAGTG,0
TAAATGGAGGTGCGCA,0
TAAATGGGCCTGTGAA,0
TAAATGGTCCTATGCA,0
TAAATGTACGATGATG,0
TAAATTAACGTTCACG,0
TAAATTACCCACAGTG,0
TAAATTATATGAGCGG,0
TAAATTCATAGAATAT,0
TAAATTCCATGTAAAG,0
TAAATTCCCCAAAAAC,0
TAAATTGCTACTCACA,0
TAAATTGCTCACTTTA,0
TAAATTGGATACGTTG,0
TAAATTGTATGTGAAC,0
TAAATTTAAGAGGAGT,0
TAAATTTAATATGTTT,0
TAAATTTAGATACTCG,0
TAAATTTATACAAACA,0
TAAATTTATTATAGGG,0
TAAATTTATTGAACTA,0
TAAATTTCAGAAGAAA,0
TAAATTTGAATACGAA,0
TAACAAAACACCTATC,0
TAACAAAGCCCTACCG,0
TAACAACACAACAATC,0
TAACAACACACAAACT,0
TAACAACACGACCTTA,0
TAACAACACTTAAAAT,0
TAACAACAGTATCACG,0
TAACAACATCAGGTAC,0
TAACAACCGCAACATC,0
TAACAAGACACCAATG,0
TAACAAGCGGTACCTA,0
TAACAAGGACATGGCC,0
TAACAATAGCCACTAC,0
TAACAATCCGGATAGG,0
TAACAATCTTAACTTA,0
TAACAATCTTATGTCG,0
TAACACAAAATGTCAC,0
TAACACAATAAATGTT,0
TAACACAATATAGTTC,0
TAACACATACATCGGC,0
TAACACATTTATATAC,0
TAACACCAAATACACA,0
TAACACCCTACTAAAT,0
TAACACCCTAGGGTAA,0
TAACACCTCCTTCCCC,0
TAACACGACGCTACAG,0
TAACACGGGTTTACGA,0
TAACACTAAGAACTCT,0
TAACAGACACAGTAGA,0
TAACAGACTACTGATA,0
TAACAGACTGCCTTGA,0
TAACAGAGTAATTAAG,0
TAACAGAGTACAAATT,0
TAACAGATTTAAGAGG,0
TAACAGGAGAAAATTA,0
TAACAGTTGAGAGGCC,0
TAACAGTTTCAAAGCT,0
TAACATAAACATGAAG,0
TAACATAAGTTAGCCA,0
TAACATATCCCGCGTA,0
TAACATATTTGAACCG,0
TAACATCACGCAAATA,0
TAACATCTCATTTACA,0
TAACATGCTCCAGTTA,0
TAACATGGTGATTCTG,0
TAACATTATGATCCTT,0
TAACATTGCCTCCAAA,0
TAACATTGGAAAAACC,0
TAACATTTACTATAAA,0
TAACATTTAGAATTAG,0
TAACATTTATGCCCCC,0
TAACATTTCTACTAAG,0
TAACCAAAATCATTAC,0
TAACCAAGGATTCTGT,0
TAACCAATATACCTGC,0
TAACCAATCAAGATGA,0
TAACCACTTAAACTAA,0
TAACCAGAAACAAAGT,0
TAACCAGGAGCAAAAC,0
TAACCATAAATATAGT,0
TAACCATAAGTTTATG,0
TAACCATCAGTAAAGT,0
TAACCATCGCATCAGA,0
TAACCATCGGCTGAGT,0
TAACCATCTGAGCATT,0
TAACCATGGTTTTGTC,0
TAACCCAGAGGTTACT,0
TAACCCATCCGCCTGA,0
TAACCCATTAACCTCA,0
TAACCCCAAATCCACG,0
TAACCCCCTAACTCTC,0
TAACCCCTTCTTCCCA,0
TAACCCTTAACAAGCG,0
TAACCGAAGAAGTGAA,0
TAACCGAGTCTATCAC,0
TAACCGATTAATATAA,0
TAACCGCAACTGCGTA,0
TAACCGCAATAGAGTT,0
TAACCGTGAATACTTG,0
TAACCGTGGGCTATGC,0
TAACCTAAGACCATCC,0
TAACCTATGCCAACGA,0
TAACCTCAAACAGTTG,0
TAACCTCCTGTGAGAA,0
TAACCTCTAATAAGGA,0
TAACCTCTACAGCTAA,0
TAACCTCTCAATATAT,0
TAACCTGAAAACGATA,0
TAACCTTATAACAAAG,0
TAACCTTCGTAGTTAA,0
TAACGAAAAAAATGCA,0
TAACGAAATTACCCCC,0
TAACGAAGACATCTTC,0
TAACGAAGCGTAGGAG,0
TAACGAATTCTTATAA,0
TAACGATAATGGTTGT,0
TAACGATATGTGAGGA,0
TAACGATTTGCTAGAA,0
TAACGCAATAGCAATA,0
TAACGCTAAGTAATAA,0
TAACGGACCCTAACTG,0
TAACGGCCGAAACTAA,0
TAACGGGAAGAATTTC,0
TAACGGGACCAGTAAT,0
TAACGGTACAAAATCA,0
TAACGTACAATCTATA,0
TAACGTCATATAGTGA,0
TAACGTGAAGCAACCG,0
TAACGTGCCCAGATCA,0
TAACGTGTTGCGCGGT,0
TAACGTTAACCGTTTC,0
TAACGTTCATACTAAT,0
TAACGTTGAGGAGAAC,0
TAACGTTTCAATAATA,0
TAACTAAAATACCACC,0
TAACTAAAGAGGACAT,0
TAACTAACAATAATCC,0
TAACTAAGCTTATCTT,0
TAACTAATTAAGAAGA,0
TAACTAATTTAATGTG,0
TAACTACCCGTGTTAA,0
TAACTACCCTCCCGAG,0
TAACTACTATAGTTCC,0
TAACTACTGGCAGGAT,0
TAACTAGAACACCTCT,0
TAACTAGGAAAAATGA,0
TAACTATAAAAGAAAA,0
TAACTATAAGCTTCAA,0
TAACTATCCCCTTTTA,0
TAACTATGCTCATGTT,0
TAACTCAAAAACTCGC,0
TAACTCAATTCGACCC,0
TAACTCCAGGCGACAG,0
TAACTCGATATGTGAC,0
TAACTCGGTATTACCA,0
TAACTCTCTCATAATG,0
TAACTCTGTACTAGGA,0
TAACTGATACGTGCAC,0
TAACTGGACCTCCGCC,0
TAACTGGATGTATTCA,0
TAACTGGCCAATAGGG,0
TAACTGGTGTTCCAAC,0
TAACTGTAAAAAATCC,0
TAACTGTGACCTTCAT,0
TAACTTAAAAACTACA,0
TAACTTAAATTCACAG,0
TAACTTAACATACTAG,0
TAACTTAACGAAGGAA,0
TAACTTAAGACCCACT,0
TAACTTACTGCTACAT,0
TAACTTAGAGTGTATC,0
TAACTTATGCAAAGAC,0
TAACTTCTCGGAATCT,0
TAACTTGACCAACTGT,0
TAACTTGACCAAGATA,0
TAACTTGTACACGCTT,0
TAACTTTATGCAGGGA,0
TAACTTTTTAAATCAT,0
TAAGAAACAAAGCCGT,0
TAAGAAACCGAATGAG,0
TAAGAAACGCAAACGC,0
TAAGAAAGCCAGACAA,0
TAAGAAATAAAAGTGT,0
TAAGAAATATGAATAA,0
TAAGAAATATTTAAAA,0
TAAGAACAATAATAAT,0
TAAGAACTGAAGCTTT,0
TAAGAACTGGTAAATG,0
TAAGAAGACCACGCTT,0
TAAGAAGCTAGACAAC,0
TAAGAAGTAAAGATTT,0
TAAGAAGTAGTGTATA,0
TAAGAAGTCACCCCTA,0
TAAGAATATCAACAGA,0
TAAGACAAACAAAGTG,0
TAAGACAACCAATGGG,0
TAAGACAACGAGTCTA,0
TAAGACACAAATCGAC,0
TAAGACACCCCATTAT,0
TAAGACACCGGCATAC,0
TAAGACAGATGTCGAT,0
TAAGACAGGGTTATCC,0
TAAGACATTTTTCCTT,0
TAAGACCGTTATTATT,0
TAAGACGATTTCGGTA,0
TAAGACGCACTGTAAG,0
TAAGACGGATGGCACT,0
TAAGACTCGGGGTTAA,0
TAAGACTGTTCTTAAA,0
TAAGACTTCGATCAAC,0
TAAGACTTCTCCAGAT,0
TAAGACTTTAGCGAAC,0
TAAGAGAACGATCGAA,0
TAAGAGAATAAGGCGG,0
TAAGAGAATACTAGTC,0
TAAGAGCACTAATCTG,0
TAAGAGCAGCTACTGT,0
TAAGAGCATAAAAAAG,0
TAAGAGCATCGATTAC,0
TAAGAGGCGTAGAATC,0
TAAGAGGCGTCGACTC,0
TAAGAGTATATATCAA,0
TAAGAGTGACTGGAAA,0
TAAGAGTGGGATTTAT,0
TAAGATACAACATGCA,0
TAAGATACTCCAACCT,0
TAAGATAGTAAGGAAG,0
TAAGATAGTCTTTTCC,0
TAAGATCACTATTCCT,0
TAAGATCGTAGAAACA,0
TAAGATGAGACATTCA,0
TAAGATTTAGGATGGC,0
TAAGCAAAATGAACAT,0
TAAGCAAACATGCTGC,0
TAAGCAACACCTTCAA,0
TAAGCAACAGAATACA,0
TAAGCAAGTTATGCCC,0
TAAGCACACTTATCAC,0
TAAGCACTAGGATCAA,0
TAAGCACTCCTGCCGA,0
TAAGCCATAATAACGT,0
TAAGCCCAGATTTGTA,0
TAAGCCCGTACATGCT,0
TAAGCCCGTTAGACCT,0
TAAGCCCTGTTGAATC,0
TAAGCCTATACATTGG,0
TAAGCGAAGTTTCAAG,0
TAAGCGACAGTTAATA,0
TAAGCGAGACCTCCAC,0
TAAGCGAGGAATAGAA,0
TAAGCGCCTAATAGTA,0
TAAGCGCCTGGAAAAC,0
TAAGCGGAATTTTCCG,0
TAAGCGTAGTAAATAA,0
TAAGCTACGATTAGAA,0
TAAGCTCGCTTATCAC,0
TAAGCTGAAATGAGTC,0
TAAGCTGTGCTTAAAT,0
TAAGGAACCCGAACCG,0
TAAGGAATCCTAAACA,0
TAAGGACATAATCTCA,0
TAAGGACATCTGACTA,0
TAAGGACATTCAAAAG,0
TAAGGACCTAGTTAAC,0
TAAGGAGCTCCTCATT,0
TAAGGAGTTTTTACAA,0
TAAGGATAACAACAGT,0
TAAGGATTTAGATAAA,0
TAAGGCAGACGCTATA,0
TAAGGCAGCAGAGCCC,0
TAAGGCTAACTAATCC,0
TAAGGGAGTACTGGGC,0
TAAGGGCTCATCTAAT,0
TAAGGGTGGGATATTG,0
TAAGGTAATAACGAAA,0
TAAGGTGTGCTCCAGC,0
TAAGGTTGGATATCGT,0
TAAGTAAGAACCAGAT,0
TAAGTAAGGCTGCTCA,0
TAAGTACACAGAAGGA,0
TAAGTACATTAATTCA,0
TAAGTACGCAAGCCTA,0
TAAGTACTGGTGTGCC,0
TAAGTCCGCTACACGT,0
TAAGTCTGTAGATAGG,0
TAAGTGAAGCCGGATT,0
TAAGTGCCGGAGATCT,0
TAAGTGCTGGATGAAC,0
TAAGTGCTTATAGGAG,0
TAAGTGGACTCCAGAA,0
TAAGTGTCGATCATTG,0
TAAGTTAAAACGATCC,0
TAAGTTCCGGTGCGTT,0
TAAGTTCTCTAGGCAG,0
TAAGTTGAGAGCCCGC,0
TAAGTTGCATACTTGT,0
TAAGTTGTTCAACAAG,0
TAAGTTTAACCAGGTG,0
TAATAAAAACCACTCA,0
TAATAAAAACCGCCAA,0
TAATAAAAACGTATCA,0
TAATAAAACTTCTCAA,0
TAATAAAAGACAATAA,0
TAATAAAATGAGTCGA,0
TAATAAACACATTTGG,0
TAATAAACCGATGCTC,0
TAATAAACTAGAGTGA,0
TAATAAAGAACTTTAA,0
TAATAAATTAATCGTT,0
TAATAAATTGAATAAA,0
TAATAACAAAAAACTG,0
TAATAACAGAATTACG,0
TAATAACAGTACTAAA,0
TAATAACTCACCCTCA,0
TAATAACTCGATGAAG,0
TAATAACTTAATTGGG,0
TAATAAGAATATTATA,0
TAATAAGACAGCAATC,0
TAATAAGACTAAATCC,0
TAATAAGAGCTTACGA,0
TAATAAGATTAAATTC,0
TAATAAGCTATTCCGA,0
TAATAAGCTTAAATCT,0
TAATAAGGCAAAAAGT,0
TAATAATAAACGACCG,0
TAATAATACGGATCTC,0
TAATAATATTTCAGAG,0
TAATAATCTTACAAAT,0
TAATAATTAATAGACA,0
TAATAATTTGGCGAAA,0
TAATACAAAACATGAG,0
TAATACAAAAGTGCAC,0
TAATACAAAGCAGATA,0
TAATACAAAGGAAATG,0
TAATACACTACCAATC,0
TAATACAGGTATTGCA,0
TAATACATAACAAGTA,0
TAATACATTCACTGGT,0
TAATACATTCGAAACA,0
TAATACCAAAAAGAGA,0
TAATACCGCAGGTATA,0
TAATACGAAACAGCCG,0
TAATACGAACAAAGAT,0
TAATACGTCAATGCAA,0
TAATACGTCTACAAAT,0
TAATACTAACAATAAA,0
TAATACTAATGATCAA,0
TAATACTCATAATACT,0
TAATACTGCGCGTAGA,0
TAATAGAAAAGAAAAC,0
TAATAGAAATAATAAA,0
TAATAGAACATGGGTG,0
TAATAGAAGGCAGCGG,0
TAATAGAATTATTGAC,0
TAATAGACTATACTGT,0
TAATAGACTCGGAGGG,0
TAATAGACTGGAATCA,0
TAATAGATCAGCAAGA,0
TAATAGATCATTAATG,0
TAATAGGCGGTAAGTC,0
TAATAGGCTACTCCGC,0
TAATAGTGAATATATG,0
TAATAGTGACCGCTTG,0
TAATATAAGTTAGTCC,0
TAATATAATCAAGAAA,0
TAATATAATTGAACCC,0
TAATATAGAGACACTA,0
TAATATCACTCTTATA,0
TAATATCACTGATCTT,0
TAATATCTTAGGTGAA,0
TAATATGAGAATAGTA,0
TAATATGTTAAAATTT,0
TAATATTTAACCATCA,0
TAATATTTTATTATAT,0
TAATCAAACATCCAAC,0
TAATCAATCGTCACTA,0
TAATCAATTCTAAAAA,0
TAATCACAGCCCTGGT,0
TAATCACGAAAGTCCC,0
TAATCAGAATTAACAT,0
TAATCAGATACATCAA,0
TAATCAGGAGTGGACC,0
TAATCAGTACATGTGC,0
TAATCAGTAGACACAT,0
TAATCATAACTAAGGA,0
TAATCATAGCAAGCAG,0
TAATCATAGCGGAAAA,0
TAATCATGTTCATTAT,0
TAATCCAAAACTACAT,0
TAATCCAGGATACCCA,0
TAATCCAGTAATTAAA,0
TAATCCCAATGCTTCG,0
TAATCCCCAATATACA,0
TAATCCCCCAATTCAA,0
TAATCCGGACGAGGAA,0
TAATCGAAAGTGGCAC,0
TAATCGCACAAAACCG,0
TAATCGGCAAAAATTA,0
TAATCGGTAATACCTT,0
TAATCGTGAAATGATC,0
TAATCTAGCATAGTAA,0
TAATCTCGGATACACC,0
TAATCTCTTGCGATTC,0
TAATCTTATAAGCGAC,0
TAATCTTATAGTATAA,0
TAATCTTTAAGAAATC,0
TAATGAAATCATAAGC,0
TAATGAACGTAATATG,0
TAATGACCCAAAAACC,0
TAATGACTGATGAATA,0
TAATGAGAGAGCGTGG,0
TAATGAGTGACAAGTA,0
TAATGAGTGTTGACCA,0
TAATGATAAACATCTA,0
TAATGATGAAACTTAT,0
TAATGATGATAGTTTA,0
TAATGCAGCAAGAGGA,0
TAATGCAGTCTTGATT,0
TAATGCATGGAATGAT,0
TAATGCCATATAATAG,0
TAATGCTATATATGTA,0
TAATGCTATGAGCCAT,0
TAATGGAACACAGTAA,0
TAATGGAACTCAAGTG,0
TAATGGAATTCTTCGC,0
TAATGGACAGGAAATA,0
TAATGGACCCTTGTTC,0
TAATGGCAAGAATAAG,0
TAATGGCATAAAGCGC,0
TAATGGCTCACCCGAC,0
TAATGGTTCCTCAGTG,0
TAATGTATAAAAAGGG,0
TAATGTCAAAACGCCA,0
TAATGTCACATATCCC,0
TAATGTCCTGAATATT,0
TAATGTGACGCGGAAT,0
TAATGTTAGGAGCCAT,0
TAATGTTCTCAACAGA,0
TAATTAAACCATGTAT,0
TAATTAAAGCTCAATG,0
TAATTAACACAAATGC,0
TAATTACGTAAACTTG,0
TAATTAGAAACATAGC,0
TAATTAGCTATAGTGT,0
TAATTAGGTTAGAAAA,0
TAATTATACAAGGAAG,0
TAATTATCCCGAACAT,0
TAATTATTGTCTTATC,0
TAATTCAAGACTAATT,0
TAATTCACAAAGCGAA,0
TAATTCATCACAAAAT,0
TAATTCCGAAATAAGA,0
TAATTCCTGCTAATCA,0
TAATTCGAGTCAGGAG,0
TAATTCGCAATACACC,0
TAATTCTGACTGATAT,0
TAATTCTTTATTAAGG,0
TAATTGAAGTATTTTA,0
TAATTGACAAAACCCT,0
TAATTGATGACGGAAA,0
TAATTGCCTAGTGTTA,0
TAATTGCCTATTAACT,0
TAATTGGAATATAATC,0
TAATTGGGGAACTACA,0
TAATTGTATGCTCCAT,0
TAATTGTCTAACGGTG,0
TAATTGTGCACACCTG,0
TAATTGTTAAAACCCT,0
TAATTTAAAACTGAAA,0
TAATTTCATTCTACAA,0
TAATTTCCCACCTATA,0
TAATTTCGTCGTCACA,0
TAATTTCTACCTTCCG,0
TAATTTGAGGCTAAGC,0
TAATTTGAGGTGATAC,0
TAATTTGTAAGGTCTA,0
TAATTTTTATGGATTA,0
TACAAAAAACAATCTT,0
TACAAAAACACTTCTC,0
TACAAAAACTAATTCT,0
TACAAAACACCACGAA,0
TACAAAAGATTCTAGA,0
TACAAAATACGAAAAG,0
TACAAACCAAAGCACA,0
TACAAACCGAACTATA,0
TACAAACTAACATCTA,0
TACAAACTTAACCAAA,0
TACAAAGGAGATAATC,0
TACAAAGGAGCTCATA,0
TACAAATAAAAGAAAC,0
TACAAATATGCATATA,0
TACAAATCATTACAGG,0
TACAAATCCCTTAGGG,0
TACAAATTAACAAAAC,0
TACAACAAAAGAGATA,0
TACAACAAATCATCAT,0
TACAACAACCGCTTAA,0
TACAACAAGAACACTT,0
TACAACACAAAGACGT,0
TACAACACTCCATACA,0
TACAACATAAATCAAT,0
TACAACATACCATTGA,0
TACAACATCGGTCTGC,0
TACAACATCTCTTACC,0
TACAACCAGGACCAAA,0
TACAACGAAAGATTTC,0
TACAACGAGATAACTT,0
TACAACGGATTCAGGC,0
TACAACTAATTCCACA,0
TACAACTAGAAAACCT,0
TACAACTGACCCCTGA,0
TACAACTGCCTTTAGA,0
TACAAGAACCTCAAAA,0
TACAAGAACTACCATG,0
TACAAGAATAAGACAA,0
TACAAGATACAGATCC,0
TACAAGATCGGAGTCA,0
TACAAGCCTAATATCC,0
TACAAGGAAATCCGAA,0
TACAAGGCCAACAGTT,0
TACAAGGTATTCACAT,0
TACAAGGTCCTATGAT,0
TACAAGTAATTTCGAG,0
TACAAGTTTCCAAACT,0
TACAATAAACCCAAAT,0
TACAATATAGCTAAAG,0
TACAATCAAAACTGAT,0
TACAATCAGACCCACT,0
TACAATCAGTCCTATG,0
TACAATGGTCACAAGG,0
TACAATGTCACACACA,0
TACAATTGTCAAAAAC,0
TACAATTTGACCTGCA,0
TACACAAAGATACAAT,0
TACACAACATAACATA,0
TACACACATTGAATTT,0
TACACACCTCCCAAGC,0
TACACACGGTCATTAC,0
TACACACTAGGTGGGT,0
TACACAGAGGCAAAAA,0
TACACAGCAGGTTTAT,0
TACACAGCGTCCGAGC,0
TACACAGTTAAAGTTT,0
TACACAGTTATAGAAG,0
TACACATGGCTGCGAA,0
TACACATGTCTTGATG,0
TACACATTACACGCTA,0
TACACCAAATATCAAG,0
TACACCAGCTGCCCAA,0
TACACCAGGGGTAAGA,0
TACACCCAGAAACGTA,0
TACACCCATTTATTTC,0
TACACCCCTGTTTTAT,0
TACACGATGACTCAAG,0
TACACGCACACAACTA,0
TACACGCTATAGAGAA,0
TACACGTAAGCTTACT,0
TACACTAACGCCTAAC,0
TACACTACCGCTCAAC,0
TACACTATCAGACACG,0
TACACTCTACTATAAA,0
TACACTGCATACCACA,0
TACACTTAACGCATAG,0
TACAGAAATGACAGGA,0
TACAGAATCGAAAATT,0
TACAGACCTTAGAGCT,0
TACAGAGATGAACCAT,0
TACAGAGTTTGTCCTA,0
TACAGATTCAATAAGC,0
TACAGCAATTACGGTA,0
TACAGCAGCAGCCCTA,0
TACAGCCAACCTCCAA,0
TACAGCGAAATTGTGA,0
TACAGCTAGAACCCTG,0
TACAGGGACCAGAGCA,0
TACAGGGATCCATGAT,0
TACAGGTACTCAAACC,0
TACAGTACAAAACATA,0
TACAGTGTAACCTGGC,0
TACAGTTAAAGAAGGA,0
TACAGTTCGAAATTAG,0
TACATAAACTGATACT,0
TACATAAATCTGCATG,0
TACATAACCGTACATC,0
TACATAATCTAAACAC,0
TACATACAATAACTTA,0
TACATACACAGTTTTT,0
TACATACAGGCCAGCT,0
TACATACCAATAGAAA,0
TACATACCACTAAAAT,0
TACATAGTCCTTTTTA,0
TACATATCAATTTGCA,0
TACATCACAGTCAGGC,0
TACATCCAAATGTACA,0
TACATCCACACCACAC,0
TACATCCCCCCTTAAT,0
TACATCTCGTATGCGA,0
TACATGATGGATGCAC,0
TACATGCACATAGGAC,0
TACATGCACCAACTAC,0
TACATGCGAGTAGCAA,0
TACATGCTCCTAATAA,0
TACATGGATAAAGACA,0
TACATGTAGTTGAGGT,0
TACATTACACCGGCTA,0
TACATTCCAGGGTGCA,0
TACATTGCTGATATAG,0
TACATTGTTGAATCGT,0
TACATTTATGCACCCA,0
TACATTTGAAAAAACG,0
TACCAAAACAATTTAT,0
TACCAAAACGAAATAC,0
TACCAAAACGAATACA,0
TACCAAAGCCGAAACA,0
TACCAAATAAGAAAGA,0
TACCAACAGTAGAGAC,0
TACCAACGACTAAGTC,0
TACCAACGTTAAAAAT,0
TACCAACTTGTTATGT,0
TACCAAGCTGACAATA,0
TACCAAGGCCGAGCGC,0
TACCAATAAAATTGTC,0
TACCAATACGCAAAAG,0
TACCAATGAAAAAAAA,0
TACCAATTACCCGGAT,0
TACCAATTGCCACGAA,0
TACCACAATTACTAGC,0
TACCACAGTTTAGATC,0
TACCACATCGTGTTTA,0
TACCACCGTACGTCAC,0
TACCACGCCATGTGAA,0
TACCACGGGGGTAAAT,0
TACCACGTTTATCCGA,0
TACCACTGTTAGTCCC,0
TACCAGAAGAAAAATA,0
TACCAGACGCTAAGTG,0
TACCAGACTTTCAATA,0
TACCAGATACAATGAA,0
TACCAGATACCTCACG,0
TACCAGCTCACAATAA,0
TACCAGGACAGTATAA,0
TACCAGGCAGAGCTAC,0
TACCAGTCTGGACCAC,0
TACCATAAAAAGCAAA,0
TACCATAAGTCCCTAT,0
TACCATCCTTAGCACC,0
TACCATGAAGTTGAGT,0
TACCATGACAAAAAAT,0
TACCATTATGTAAGAA,0
TACCATTGATCTATAA,0
TACCATTGCGCGCCAC,0
TACCCAAAGTAGTGCG,0
TACCCAAATTCCTGAA,0
TACCCAAGCACCTACC,0
TACCCAATCTAGAGCA,0
TACCCAATTTCCCCCG,0
TACCCACCAAATCACT,0
TACCCACCTACAGAAA,0
TACCCAGACTCCTCGA,0
TACCCAGTCCGAGTCG,0
TACCCAGTTAACTACC,0
TACCCATCTACGCGGC,0
TACCCATGTCACTACG,0
TACCCATTAGTAATTG,0
TACCCCATTTAAGTCA,0
TACCCCTCGGCGGGTG,0
TACCCCTGTAAACCCG,0
TACCCCTTGATACTAC,0
TACCCGAAATTATACC,0
TACCCGCTAGTAAGAG,0
TACCCGTGATAAACCT,0
TACCCGTTAATACTGT,0
TACCCTAGCAGAAAAT,0
TACCCTAGTTAGCCGT,0
TACCCTATGCCTGATA,0
TACCCTGTTAAGTCAT,0
TACCGAACGTAGTGGC,0
TACCGAATCACACATA,0
TACCGAATCGCGTCTT,0
TACCGACCTAAGAGGT,0
TACCGAGGACCTTAGA,0
TACCGCGATAAATAAT,0
TACCGGACAAGATTTA,0
TACCGGCTAGCTGTCT,0
TACCGTACTCGGAGAG,0
TACCGTAGAGGTGCGC,0
TACCGTATAAATAAAA,0
TACCGTCAAATAAGTA,0
TACCGTTAGCGACTCA,0
TACCGTTTGGTGGACT,0
TACCTAAAATTAACCA,0
TACCTACACTTAGTAA,0
TACCTACAGTATTGGC,0
TACCTACTAAGGCGAA,0
TACCTAGAGAGCATAT,0
TACCTAGGCCCCACTG,0
TACCTATAAACCATCT,0
TACCTATACCCAGAGG,0
TACCTATAGCAAGTTA,0
TACCTATGGGGAGAAC,0
TACCTCAAGTTAACCT,0
TACCTCAATTTAATTG,0
TACCTCACCGACTCAT,0
TACCTCAGGAGCCCTG,0
TACCTCATACAAATGA,0
TACCTCCAAAAGGAAA,0
TACCTCCAATGTACTA,0
TACCTCCAGCAGACGT,0
TACCTCCATAAAATAC,0
TACCTCCCATCTTAAG,0
TACCTCCTACCGGAAA,0
TACCTCTAACCAGTAA,0
TACCTCTTATGCATGC,0
TACCTCTTCCAAAATG,0
TACCTGAATACCGAAC,0
TACCTGACCTTTGCGT,0
TACCTGAGGTTCACTA,0
TACCTGCGCGGTTTCA,0
TACCTGCGTAGCTTAA,0
TACCTGGACATAGAGC,0
TACCTGGATATATAAC,0
TACCTGGTGCTGAATT,0
TACCTGGTTTTTTTAA,0
TACCTGTAAACGCAGA,0
TACCTTAACCCTCTAG,0
TACCTTACATTTAAAT,0
TACCTTATAACACGGA,0
TACCTTATACGGGTGA,0
TACCTTCTAGGTATGG,0
TACCTTCTCATATCGA,0
TACCTTCTCGAATCTT,0
TACCTTGATCAAAGAT,0
TACCTTTAAACCTAAT,0
TACCTTTAGTAGCCCT,0
TACGAAACTAATACTT,0
TACGAATAGAAATATC,0
TACGAATCCAGTCAAC,0
TACGACAGGCCCATAA,0
TACGACCGTATGAAAA,0
TACGACGCAAATCCGC,0
TACGACGCAACATCAA,0
TACGACGTGAGCACTA,0
TACGACGTGTAAATGT,0
TACGACTTAATAAAAA,0
TACGAGGAATCGGTAG,0
TACGAGGCCTGGCCTA,0
TACGAGTCACTCCACA,0
TACGATAACAATGCTA,0
TACGATAATATACCGA,0
TACGATCCGATCATTC,0
TACGATCTTATAACAA,0
TACGATGCTTTTCCCA,0
TACGATGTAGATGCCT,0
TACGATGTCCAGATTA,0
TACGATTATGAAAGCT,0
TACGCAAAATCGAAGC,0
TACGCAACGTTATCCG,0
TACGCAAGAATTATTT,0
TACGCACAAAAGAATG,0
TACGCAGTGAAGAATA,0
TACGCATACGTAAGTT,0
TACGCATGTGATACAC,0
TACGCGAATGAAAATA,0
TACGCGACACTACGAG,0
TACGCGCCCCAACCAT,0
TACGCGGAATAACAGT,0
TACGCGGACCAACTGG,0
TACGCGGGACCAACCA,0
TACGCGTACGCACCGC,0
TACGCTCTTCCGACTT,0
TACGCTTTAAAAATAA,0
TACGGAAACGATGTAA,0
TACGGAACGTGTTGGC,0
TACGGAAGCCCAGCCA,0
TACGGAATATTCGGGT,0
TACGGACGTTCACCTT,0
TACGGAGGAGCATAGC,0
TACGGAGGGAGTGCTA,0
TACGGATGGGGAATAC,0
TACGGCAAACAAGCTT,0
TACGGCACTCCCGTTA,0
TACGGCATGAGCTCAA,0
TACGGCTTTAAGTAAA,0
TACGGGCTACGAATGT,0
TACGGGGTGGCTTTCA,0
TACGGTGACCAAACGC,0
TACGGTGAGAACTATA,0
TACGTAACCAAAAAGA,0
TACGTAACTAACGTTG,0
TACGTAACTGGTGAAA,0
TACGTACAAAATTTAC,0
TACGTACACAAATGTT,0
TACGTAGGCCACTCAT,0
TACGTAGTTAATATAA,0
TACGTATAACGCAGTC,0
TACGTCAACCGATCAC,0
TACGTCACGGCCTGTC,0
TACGTCAGGTCGTAAT,0
TACGTCTAATTAAATC,0
TACGTCTTAGACTCCT,0
TACGTCTTAGATATTT,0
TACGTGAAAGTGCAGA,0
TACGTGAATCATAAAA,0
TACGTTACCATTGGGT,0
TACGTTATAGTAACAC,0
TACGTTTTAACTTCTC,0
TACTAAAAAAGTTTCT,0
TACTAAAACTTTACCC,0
TACTAAAAGCAAACAT,0
TACTAAAAGGCCATAT,0
TACTAAAGCACCTCCC,0
TACTAAAGTCTCGACC,0
TACTAAATAATCTAAT,0
TACTAAATCGATTGCA,0
TACTAACATTAGAACG,0
TACTAACGACTTCAAT,0
TACTAAGAATGAACTG,0
TACTAAGAATGGCAGT,0
TACTAATGAAACAAAC,0
TACTAATGAACTAAAA,0
TACTAATGTGTTTATA,0
TACTAATTAAAGACGA,0
TACTACACAAGCGCTC,0
TACTACCAAACCTTAG,0
TACTACCCAACACTAT,0
TACTACGAAATACCAT,0
TACTAGCAAAGTAGAC,0
TACTAGCCACCCCTCT,0
TACTAGCGACGATCCA,0
TACTAGGAATGTATAG,0
TACTAGGCACAGTTCA,0
TACTAGGCATAGCCTA,0
TACTAGGCGACGAACC,0
TACTAGTACATTCCAA,0
TACTAGTACGACATAT,0
TACTATAATGACCCTG,0
TACTATAGCTCTGTTA,0
TACTATAGGGGTTCAA,0
TACTATAGTCAACAAG,0
TACTATATAAACCTTA,0
TACTATATACTTAAAG,0
TACTATATTAGCGCGC,0
TACTATCATATTAACA,0
TACTATTAAAAAAAAA,0
TACTATTCACTATCGC,0
TACTATTTCCCGGTTA,0
TACTCAAAAATAAGTC,0
TACTCAAAATTAGAGT,0
TACTCAACCTCAAAAT,0
TACTCAGATTCAGCGC,0
TACTCATGGTATAATT,0
TACTCATTACATACTC,0
TACTCCAACACTATGA,0
TACTCCAATAAAAGCA,0
TACTCCATATTAAGAC,0
TACTCCATCCTCGTAC,0
TACTCCCGTACGAATG,0
TACTCCGACAGCATCT,0
TACTCCGCTAGACGTG,0
TACTCCGTCAATTGCG,0
TACTCCTAGTGTCACC,0
TACTCGCCTAACTCAT,0
TACTCTAAAAACGTGT,0
TACTCTAAAATCCCAT,0
TACTCTAACAAAAAGT,0
TACTCTCAACACAACC,0
TACTCTCAGTGGTTTT,0
TACTCTCCGCCCTCAC,0
TACTCTGCATGCTACA,0
TACTGAACTACCAGTG,0
TACTGAACTATAGTAA,0
TACTGACCTACACATA,0
TACTGACGCTAACGTT,0
TACTGACGTTTTAAGC,0
TACTGAGGGATTCAAG,0
TACTGATCGTGGCCTC,0
TACTGCGTTTAAATAA,0
TACTGCTACGCAACTC,0
TACTGCTTAAACAAAT,0
TACTGGAAAAGCCAAC,0
TACTGGACAGCCTGTA,0
TACTGGGCTAATCCCA,0
TACTGGTTTTCAGGAA,0
TACTGTAGTCACTCTA,0
TACTGTTAAGCCCAGG,0
TACTGTTGTTAACACA,0
TACTGTTTAAGCAAAC,0
TACTTAAAAAGTAAAT,0
TACTTAAAATGTTCTT,0
TACTTAAACCACCCAA,0
TACTTAAAGATACGTC,0
TACTTAAATTGACGAC,0
TACTTAACCAATAGAT,0
TACTTAAGATCAATAA,0
TACTTACAAAGAACAG,0
TACTTACAATGAATTC,0
TACTTACACCAATAAT,0
TACTTACTAACCTAAC,0
TACTTACTGAGCTATC,0
TACTTAGAGAACCTAA,0
TACTTAGTGTGCGTTG,0
TACTTATAAGTCCCGT,0
TACTTATAATCCACAC,0
TACTTATCCTATAGTA,0
TACTTCAAACCACTAT,0
TACTTCCGCCAAAAAT,0
TACTTCGAGTCCAACA,0
TACTTCTTTTTGACTA,0
TACTTGATTGCCATTT,0
TACTTGCAGACCGCTT,0
TACTTGCCGTAAGCAC,0
TACTTTAAATGATACA,0
TACTTTACACCTATGC,0
TACTTTCCACCGGCCT,0
TACTTTCCCACACCGA,0
TACTTTGCGACCAAAG,0
TACTTTTTTGTTTTTA,0
TAGAAAACAATGGGGC,0
TAGAAACACCAAGCAA,0
TAGAAACCATATAAAA,0
TAGAAACCTTTTAAAT,0
TAGAAACGTTGCACAT,0
TAGAAACTCCATCTGA,0
TAGAAACTTGTTAACG,0
TAGAAAGAAAGAAACA,0
TAGAAAGGACCCACTT,0
TAGAAATACTGACTAA,0
TAGAAATCTCGTATTA,0
TAGAAATGCATCGAAC,0
TAGAACAATTAATATC,0
TAGAACAGCTAAGGGT,0
TAGAACAGCTCCGATG,0
TAGAACATATTATCTA,0
TAGAACCATCGATCCA,0
TAGAACCCTACAATCT,0
TAGAACCTAAAGTTAA,0
TAGAACCTCCTGAAGA,0
TAGAACGACCAATAAT,0
TAGAACGGATAATCCT,0
TAGAACGGTACCAAAT,0
TAGAACGTGGATGAGA,0
TAGAACTCTCAAGCCA,0
TAGAAGAACATAGTGA,0
TAGAAGAAGCTTTGAC,0
TAGAAGACAAATGTCT,0
TAGAAGCAAAGATTTT,0
TAGAAGTAACCAAACC,0
TAGAAGTAGTGAGACG,0
TAGAATCTCGCGGAAA,0
TAGAATGCATGCTCCC,0
TAGAATGCTCCAGGAA,0
TAGAATGGCTATCCCG,0
TAGAATTCCAGTAAAG,0
TAGACAAAACTCCTGT,0
TAGACAACTATAATGA,0
TAGACAAGACTTTAGA,0
TAGACAATCATTAAGA,0
TAGACACGCTGATATG,0
TAGACAGAACCGCTAG,0
TAGACAGTCTCCAATA,0
TAGACATAACACTAGA,0
TAGACATAACCGATGT,0
TAGACATCCTTGAGCA,0
TAGACATTACTAATAC,0
TAGACCAAAATGTGAC,0
TAGACCACCCCGTATA,0
TAGACCAGGCCCTGAG,0
TAGACCATCATTTGGA,0
TAGACCCCTTTCACTA,0
TAGACCCTTAAACCAC,0
TAGACCTCATACACTT,0
TAGACGAATCATAGTT,0
TAGACGACCACACAAC,0
TAGACGCCTTATGCCT,0
TAGACGCTGAATCCGC,0
TAGACTACCAATTTAT,0
TAGACTATATACAGTA,0
TAGACTCAAGTCATAA,0
TAGACTCGGTTCGCCT,0
TAGACTTAATGGGACA,0
TAGACTTATTCTATTT,0
TAGAGAAAAATACGGA,0
TAGAGAAGTAATTTGC,0
TAGAGAATCAATTGTT,0
TAGAGAATGATACAAT,0
TAGAGAGATGTAATGT,0
TAGAGCACAAAGCATT,0
TAGAGCACATAACGAA,0
TAGAGCAGACAATACG,0
TAGAGCCACGTTACTA,0
TAGAGCCATATACCTC,0
TAGAGCCCACAACAAA,0
TAGAGCCCATCAAGTT,0
TAGAGCCCCATCTATT,0
TAGAGCGAGTGACAAC,0
TAGAGCGGATAATGTT,0
TAGAGCTAAACAACGA,0
TAGAGCTTACGTGAAA,0
TAGAGGAAATATAAAC,0
TAGAGGACTGCGCATA,0
TAGAGGGGTACACCCC,0
TAGAGTAACCTCGACT,0
TAGAGTATTTATTTTA,0
TAGAGTCATCAAAGGC,0
TAGAGTGCGGTACCAC,0
TAGAGTGGTAGCCGGT,0
TAGAGTTTAAGTGCTC,0
TAGATAAAAAAGCTAC,0
TAGATAAATCCATGGA,0
TAGATACCATTGATTG,0
TAGATACCCATAGCGT,0
TAGATACGAACACATG,0
TAGATACGTACAATTA,0
TAGATACGTCTCATGA,0
TAGATACTTAACAAAA,0
TAGATACTTGGAAAAA,0
TAGATAGATAGTACAA,0
TAGATAGGTAGAATAA,0
TAGATAGTGCAAAGGT,0
TAGATATACCCGATGA,0
TAGATATACGTAAACG,0
TAGATATCTAATTAAA,0
TAGATCATGCCTAGCA,0
TAGATCGCGAGGAGAG,0
TAGATCTTTTTGTTTA,0
TAGATGAAGAAATGAT,0
TAGATGAGATTATACA,0
TAGATGGTGAAATATT,0
TAGATGTGAAACACAT,0
TAGATGTTTAATGATG,0
TAGATGTTTTGCATAT,0
TAGATTAAATGGGGTT,0
TAGATTAATAATTTAC,0
TAGATTGTACACATGC,0
TAGATTTAATTACAAG,0
TAGCAAAACATTGAAT,0
TAGCAAAACTCATGAA,0
TAGCAAACTCAACCAT,0
TAGCAAATACATATGG,0
TAGCAACAAAATACGA,0
TAGCAACGCAGACAAC,0
TAGCAACTGCCAGCTT,0
TAGCAAGCGATACAGG,0
TAGCAAGGGTCAGAGT,0
TAGCAATCCTCAAGGA,0
TAGCACACGTACACCT,0
TAGCACATTTTAAAGA,0
TAGCACCGATAATACG,0
TAGCACCTATATCTAA,0
TAGCACGGATAGAGTA,0
TAGCACGTATTAGCTG,0
TAGCACGTTCAATAAT,0
TAGCACTAGGGTAGGA,0
TAGCACTCCCAATGCA,0
TAGCAGCCGCTCGAGC,0
TAGCAGCGGCAACCCG,0
TAGCAGGGCCCATTCG,0
TAGCATAACTTTAGGT,0
TAGCATCAGCATTACA,0
TAGCATGGCTAGTATC,0
TAGCCAAGATCCACAG,0
TAGCCAATTTTCAACC,0
TAGCCAGTTCGAATCA,0
TAGCCATGTCAAACCG,0
TAGCCCAAGTAACGAC,0
TAGCCCATATCGGCGA,0
TAGCCCCATGTCGATT,0
TAGCCCCCGGGGGCTC,0
TAGCCCGTTAAACAGT,0
TAGCCGAATTGACAAG,0
TAGCCGAGTGTCATAA,0
TAGCCGCACACCCTGC,0
TAGCCGCTAGTGCATG,0
TAGCCGTAAACGGCAG,0
TAGCCGTACCCAGAAT,0
TAGCCTAAATACCGTA,0
TAGCCTATTACTCGAG,0
TAGCCTGTTAATGCCT,0
TAGCCTTACGCAATCA,0
TAGCCTTGTATCTGGT,0
TAGCGAAAACCCGACA,0
TAGCGAACCGAGGCAA,0
TAGCGACCAACCGAAA,0
TAGCGACCAACCTACT,0
TAGCGAGCAACTCATT,0
TAGCGATCCTTTGACG,0
TAGCGCTTAGGTTTAA,0
TAGCGGGCGAAGAGGA,0
TAGCGTACTAAGATAA,0
TAGCGTCCAAGCCCCG,0
TAGCGTTTAGCGAGAC,0
TAGCTAAAGGATCTTG,0
TAGCTAAATCATGCAC,0
TAGCTAAGTCTATTTG,0
TAGCTACTTACAAAAC,0
TAGCTAGTCTGCTATA,0
TAGCTATAAGAAATGT,0
TAGCTATGTGTACAAA,0
TAGCTCAATATGACAT,0
TAGCTCTCAGTATAAA,0
TAGCTGAGTAGGTAAT,0
TAGCTTACAGTCAACA,0
TAGCTTACGTGAAGAG,0
TAGCTTATGACTCTCG,0
TAGCTTCAATTTGATC,0
TAGCTTCGCAATCTTT,0
TAGCTTGTAGAAGAAA,0
TAGCTTTGGCCTGGAC,0
TAGGAAAAAAGCTTAA,0
TAGGAAAAACAGCCAA,0
TAGGAAAAACGCCTAC,0
TAGGAAACCATTTCAT,0
TAGGAACACTACGATA,0
TAGGAACCACTATAGA,0
TAGGAAGGTCCTGATA,0
TAGGAATATTCAATTA,0
TAGGAATGCATGAGTC,0
TAGGACAAGTTGACCT,0
TAGGAGCCTGTTGATA,0
TAGGAGGATGCCTACG,0
TAGGAGTTGGATAGTC,0
TAGGATATCTCCAGAA,0
TAGGATCATAATACGG,0
TAGGATCCGTCGGAAT,0
TAGGATCTTACGGAAT,0
TAGGATTAACATGTAA,0
TAGGATTGAGTACACT,0
TAGGCAAGATCGTTAA,0
TAGGCACATAAAAAGT,0
TAGGCACCGCTGCGAC,0
TAGGCAGAAATTTACT,0
TAGGCAGTAAGAACGA,0
TAGGCCCGCGAAACAC,0
TAGGCCGCAGAGAGCA,0
TAGGCCTATGACACAT,0
TAGGCCTGATGCACAT,0
TAGGCGAAGCTTTACA,0
TAGGCGCTAATATCTA,0
TAGGCTAAACATCGAG,0
TAGGCTAGACAAGACT,0
TAGGGACCACTCCTTG,0
TAGGGACGTATAGTAG,0
TAGGGAGTACTGAGAG,0
TAGGGATAGGGGCATA,0
TAGGGATCTTAAACTA,0
TAGGGCCAGGATGACC,0
TAGGGGATTAATTCGC,0
TAGGGGTCAATCCCTA,0
TAGGGGTTACAACAAC,0
TAGGTAAACCAAGGAG,0
TAGGTAAGCTGTTTCC,0
TAGGTAAGTCCCTGTG,0
TAGGTAGCCGAAAAAA,0
TAGGTCATGCATCTGC,0
TAGGTCGCTAGATTAT,0
TAGGTCGTAATCGAAA,0
TAGGTGCTTTGTACCT,0
TAGGTGTACAAATATT,0
TAGGTTAATAGTATCC,0
TAGGTTACACGTAGAC,0
TAGTAAAAAAAAGGAA,0
TAGTAAACTCGTTATA,0
TAGTAAACTGCAACTA,0
TAGTAAAGAGGCCATC,0
TAGTAAATAAGTAGGT,0
TAGTAACAAGTTGTTT,0
TAGTAACCCTGTAAGT,0
TAGTAACGGATATGTG,0
TAGTAACTCTATTTAA,0
TAGTAAGAATATAAAT,0
TAGTAATATGTGTGCA,0
TAGTACCATCCCGAAA,0
TAGTACCGGTGATCCC,0
TAGTACGGTACATTGC,0
TAGTACTAAATTTAAT,0
TAGTACTTCAGACACC,0
TAGTACTTGGATAGAA,0
TAGTAGATCATATAGA,0
TAGTAGCCGACCCCAG,0
TAGTAGCGATAAATCT,0
TAGTAGGAAACCAATA,0
TAGTAGTACACACCAA,0
TAGTAGTGAGTTTACC,0
TAGTATAATACAGAGG,0
TAGTATACATAATACA,0
TAGTATAGTCACAATA,0
TAGTATCGGTAATATG,0
TAGTATTACATATCCT,0
TAGTATTTTATGTAGA,0
TAGTCAAACATACGAT,0
TAGTCAAACCTTCGAA,0
TAGTCACTTACAGAAT,0
TAGTCAGGCACAACAT,0
TAGTCCAAGATGAAAC,0
TAGTCCCACCGACTCA,0
TAGTCCCGCGAAAACG,0
TAGTCCCTAGCCGGCA,0
TAGTCGAATCAGGTGC,0
TAGTCGCACCACAATT,0
TAGTCGCGGTCTCAGG,0
TAGTCTCACAGTGTCA,0
TAGTCTGGCATCCCTG,0
TAGTCTTTCTAGGGAC,0
TAGTGAAAGTCTACCT,0
TAGTGAACACTATAAC,0
TAGTGAAGTGAAAACA,0
TAGTGAATGAAGTGGT,0
TAGTGACGAAAAAAGT,0
TAGTGACGGTGACAAA,0
TAGTGAGAGGAAGGCG,0
TAGTGAGCAACATACC,0
TAGTGATATCGTAACT,0
TAGTGCACAAAAGACG,0
TAGTGCCCCAGACCAA,0
TAGTGCGCGTAACAAC,0
TAGTGGAATGTCGCTA,0
TAGTGGAGCGTTGTGA,0
TAGTGTACTTTCGACA,0
TAGTGTATATAAAAGT,0
TAGTGTCTGACGGATC,0
TAGTTAAAATCTTCCA,0
TAGTTAAAGACATAAA,0
TAGTTAACAACATGAC,0
TAGTTAACTGTATCAG,0
TAGTTAACTTAATTTA,0
TAGTTAAGAGATCTCC,0
TAGTTAAGATATAGTA,0
TAGTTACATTAAGTTA,0
TAGTTAGACCACAACA,0
TAGTTAGACGTTAACA,0
TAGTTATATATAATGT,0
TAGTTATGCGTAATTC,0
TAGTTATGCTGTTATA,0
TAGTTCAAAGTTTGGT,0
TAGTTCTAGAATTTAA,0
TAGTTGTCTAAACGCT,0
TAGTTTAAATACAGCA,0
TAGTTTATGTAGTCCA,0
TAGTTTCAATGCTGGA,0
TAGTTTCCACGACCCG,0
TAGTTTTCAGTAAGCT,0
TAGTTTTCGAAAATAA,0
TATAAAAATAATCTTT,0
TATAAAAATAGCATGT,0
TATAAAAATATTCAAA,0
TATAAAAATTAAATTC,0
TATAAAACATGGTAAA,0
TATAAAACGCAGATAT,0
TATAAAAGACCACTCA,0
TATAAACCTAAAACTC,0
TATAAACGAGGTGTAT,0
TATAAACTATAAATAA,0
TATAAACTCAAAAACA,0
TATAAACTCGTTCTTT,0
TATAAACTTATCGCAA,0
TATAAACTTTAGAGCA,0
TATAAAGACTGCAGAC,0
TATAAATAAGTAACGT,0
TATAAATATAAATTCA,0
TATAAATGCACTATAC,0
TATAAATGGCGACTAC,0
TATAAATGTAACCCAA,0
TATAAATTAAGCGTAA,0
TATAAATTCTGGTATA,0
TATAAATTTAGCCTGC,0
TATAAATTTCACTCGA,0
TATAAATTTGGAACCA,0
TATAACAAAATTATCT,0
TATAACATTTCTGCAT,0
TATAACCAATGTACTA,0
TATAACCGTTATTGCC,0
TATAACGATAGGAGGT,0
TATAACGTATACACCA,0
TATAACTGTTGCTTGC,0
TATAAGACTTGCACAA,0
TATAAGATTCCCTTCC,0
TATAAGCCTGTGAGTC,0
TATAAGCGTTATCACT,0
TATAAGGCAAAGGAAA,0
TATAAGGCCAAATACG,0
TATAAGGTAAAAAAGA,0
TATAAGTAACAAACTC,0
TATAAGTACAAACTTG,0
TATAAGTGCCATAAAT,0
TATAAGTTAATAATAA,0
TATAAGTTACTATCGA,0
TATAAGTTCCTCCAGT,0
TATAAGTTTCAAATAC,0
TATAATACGGAGTCGA,0
TATAATAGGTGTCGGT,0
TATAATCATCAATATC,0
TATAATCCGACAACCC,0
TATAATCCGTGAAAAA,0
TATAATCGAATAGACT,0
TATAATGATAATAGGA,0
TATAATTAAGCATACG,0
TATAATTGACTGGACG,0
TATACAACAAACACCC,0
TATACAAGCAAGCGCC,0
TATACACACCCTTGGC,0
TATACACCCAATAAAG,0
TATACACCGAACATTG,0
TATACACTAAGAAGCT,0
TATACAGCTTGTTGCG,0
TATACATATCATGTCT,0
TATACATATGAATAAG,0
TATACCAAAAATGACA,0
TATACCAAAGAAAGGA,0
TATACCAAAGTTACTA,0
TATACCAATTTCCATT,0
TATACCATTATGCGAG,0
TATACCATTCAAACAG,0
TATACCATTGACGAGA,0
TATACCGGGCCCTTTT,0
TATACCTAGCCCAAAC,0
TATACGCCTAGGATAT,0
TATACGCTCAACAAAA,0
TATACGGAGTTAACTA,0
TATACGTCGATAATTG,0
TATACGTTAACAGGCC,0
TATACTAAGATTTCCC,0
TATACTACTATGCACC,0
TATACTAGAACCCTCC,0
TATACTATTTAATTGT,0
TATACTCGAAAAAAAA,0
TATACTCGTAGATTGG,0
TATACTTCAGATGATT,0
TATAGAACTCACGAAG,0
TATAGACAAGAACAAG,0
TATAGACATAGTTCCT,0
TATAGACTATTTTATA,0
TATAGACTTACAGATA,0
TATAGATAAAGCAAGA,0
TATAGATGGATCTACA,0
TATAGATTATATTTTC,0
TATAGCATTGATTCTA,0
TATAGCCCATTGACGC,0
TATAGGCAACACCCTA,0
TATAGGTCAGAATCAG,0
TATAGGTTACAATCAG,0
TATAGGTTGTATTAAC,0
TATAGTAAATGGTAAT,0
TATAGTACAGAGACAG,0
TATAGTCCAGCTAATT,0
TATAGTGAAACGGCAC,0
TATAGTGTACGGAGAT,0
TATAGTTGCCGTGCTT,0
TATAGTTTATATAAGA,0
TATATAAACAATCGCT,0
TATATAAATTAAATTC,0
TATATAACAAGCAACG,0
TATATAACATTATATT,0
TATATAACGCACTCGA,0
TATATAATCAAGCAGT,0
TATATACCGATAGTAC,0
TATATACCTAGCCTTA,0
TATATACCTTGTACCC,0
TATATACTACACTTCG,0
TATATACTTGACTATC,0
TATATAGAATGCAATG,0
TATATAGCAATGGCTA,0
TATATAGCCTACACTC,0
TATATAGCTAACCCAA,0
TATATAGTTAACTTTG,0
TATATATGCATTACAC,0
TATATATTATAATTAG,0
TATATCAAAAACCCGA,0
TATATCACCAGTAACT,0
TATATCAGCCTAATTA,0
TATATCCATGTCCGAG,0
TATATCGAACGTTTCT,0
TATATCGAAGTACGAG,0
TATATCGCCTAAGTGA,0
TATATCTAACTTAAAG,0
TATATCTGGAGAATGG,0
TATATCTGGTACCTAG,0
TATATCTTAAAACAAA,0
TATATCTTTAACGGCT,0
TATATCTTTCGGAAGG,0
TATATGGTGATGTATC,0
TATATGTCAACTAACG,0
TATATTACGAAACCCT,0
TATATTATTTCGCCCA,0
TATATTCAAGTAAATA,0
TATATTCTAGGATCTG,0
TATATTCTTATTCTAT,0
TATATTGCTACTGGAA,0
TATATTTGAAACCTAT,0
TATATTTTGACATAAA,0
TATATTTTTAGTTAAT,0
TATCAAATAAGGATGC,0
TATCAAATCGCCGACA,0
TATCAACGCTAAGACT,0
TATCAACTCATATCTA,0
TATCAACTTGGTTCGA,0
TATCAAGAGCGTATCG,0
TATCAATCCCTTTGCT,0
TATCAATTAGATAAAA,0
TATCAATTTAGTGGAC,0
TATCACAAGTCGGATA,0
TATCACAATAAAGGCT,0
TATCACATCCAGGGAA,0
TATCACATTAAGAGGG,0
TATCACTATAAACAAT,0
TATCACTTAAAGAGTG,0
TATCACTTCCCGGACA,0
TATCACTTGATTAAAT,0
TATCAGAGATAATCGG,0
TATCAGCATGGCACAT,0
TATCAGGCCAAACATA,0
TATCAGTAACACATGA,0
TATCAGTCGACCTTCC,0
TATCAGTGCGCATATG,0
TATCATATTCTATAGA,0
TATCATCAAGTCGTTT,0
TATCATCATTCTCATG,0
TATCATCCGTTCATAC,0
TATCATCCTTCACTCA,0
TATCATCGTATCAAGA,0
TATCATCTATTATCGT,0
TATCATGTTCCTATCA,0
TATCATTATATGCGGA,0
TATCATTCCATTGACC,0
TATCATTTAGATGACG,0
TATCCAATACAAACAA,0
TATCCACCACCAATTG,0
TATCCATTGAAAATGC,0
TATCCCATCAGACTGG,0
TATCCCCTTTACGCAT,0
TATCCCGTTTGAATAA,0
TATCCCTAGTGCAGTG,0
TATCCGAATGAGACCG,0
TATCCGCAAGACAATC,0
TATCCGGTTGACAGAA,0
TATCCGTCAAATAAAG,0
TATCCGTTGATAATTT,0
TATCCTAATATCAGCT,0
TATCCTAGCATCGAAA,0
TATCCTATCGATGAAA,0
TATCCTCTTGCAGCGA,0
TATCCTTAAATGATAT,0
TATCCTTCAAGCTCTA,0
TATCCTTCTGATACCA,0
TATCCTTGTACTAAAT,0
TATCCTTTGAGATGTC,0
TATCGAAAGTAGAGAT,0
TATCGAACGCGTAAGA,0
TATCGAAGAAAGAGAA,0
TATCGAATAAGACTAA,0
TATCGACACTCATATA,0
TATCGAGGAATCTCGA,0
TATCGAGGACCCATCT,0
TATCGCAGATGTCATA,0
TATCGCCGTGCTACAT,0
TATCGCCTCTAATTCC,0
TATCGGGTCTATTCCG,0
TATCGTAATAATACTT,0
TATCGTACTGTACCAA,0
TATCGTATGCATCGAT,0
TATCGTCTCGATCGAG,0
TATCTAACATAGATGT,0
TATCTAACCAAATGCC,0
TATCTAAGGAATACTC,0
TATCTAAGGTATTTCA,0
TATCTAATACTCTCGA,0
TATCTAGTGGACGTCA,0
TATCTATAACTATTAC,0
TATCTATTGAAAAAAG,0
TATCTATTTTTTACTG,0
TATCTCAAAATGAAAT,0
TATCTCAAAGCTAAAA,0
TATCTCCAAGACTAGA,0
TATCTCCGACCACTGT,0
TATCTGAAGAGATGCA,0
TATCTGATGCATGTAT,0
TATCTGGTACGGGTAG,0
TATCTGTAACCTAAGA,0
TATCTTACAAACTAAA,0
TATCTTCCAATTACGA,0
TATCTTTAAAACTTTT,0
TATCTTTACATAATCC,0
TATCTTTACCTTAAGA,0
TATCTTTATAGCCATT,0
TATGAAACCAAATGTC,0
TATGAAACTTACTTAG,0
TATGAAATATACAACA,0
TATGAAATCTACAGAG,0
TATGAACGAAGCCTAA,0
TATGAAGACAAATTGA,0
TATGAATAATAAATCA,0
TATGACATGGCCGACC,0
TATGACCATAAAAAGC,0
TATGACGAGCCGCTAT,0
TATGACTTATCGTACG,0
TATGAGAGTAGACTGA,0
TATGAGAGTCAAACCC,0
TATGAGCCAGTAAATT,0
TATGAGGGACGTACTT,0
TATGAGGTAGCCCATA,0
TATGAGGTTATACGAA,0
TATGAGTAAAGGCTCG,0
TATGAGTCAACCCCTT,0
TATGATATGCTTGGAG,0
TATGATCGATTCCACA,0
TATGATGGTAACGACA,0
TATGATTCCCCACATA,0
TATGCAAATGTGCACT,0
TATGCAACCACCTATG,0
TATGCAATGACTCCCA,0
TATGCACACAACTGGC,0
TATGCACTCATACCTA,0
TATGCAGAATCGAACC,0
TATGCATAAGAAACCA,0
TATGCATACCATTAGC,0
TATGCATATAGACACA,0
TATGCATGTTAGCATC,0
TATGCATTTCACATGT,0
TATGCCCGAAGGTTCA,0
TATGCCCTTCTGGGCA,0
TATGCCGCATGGACGT,0
TATGCCGGTGGAAAGC,0
TATGCGACCGAACCTA,0
TATGCGATACTTCAAT,0
TATGCGCCCTCCGAAT,0
TATGCGCGCCGCACTC,0
TATGCGGAATAATCCT,0
TATGCGTCAAACTAAC,0
TATGCTCTTACAACTT,0
TATGCTGCTTGAGACG,0
TATGCTTAAATTGTCT,0
TATGCTTTTTAGTAAC,0
TATGGAAATGAGGCAA,0
TATGGAAGCTTCACGT,0
TATGGAATTGATCAAT,0
TATGGATTAGTGAGAC,0
TATGGCAATATAGTTC,0
TATGGCCTATATAATA,0
TATGGCGATATTATAT,0
TATGGCGCAGAGGCTA,0
TATGGCTAAGGAAAGA,0
TATGGGACCCGTAAGC,0
TATGGGTGCTCGAAAT,0
TATGGTACACAATACG,0
TATGGTCATCATGACA,0
TATGGTGGCCACATCT,0
TATGGTTCACTCGAAA,0
TATGGTTCTGGCCTTC,0
TATGGTTGGTCAGGCC,0
TATGTAAAGCCCCCAG,0
TATGTAAGATTTAAAA,0
TATGTAATGCATCTAG,0
TATGTACCAGTTATCA,0
TATGTACGGGGCACAC,0
TATGTACTCCCATATG,0
TATGTAGCTATTCGAA,0
TATGTATATCCTGCAA,0
TATGTATGAAGCTCTT,0
TATGTATTGCGCAACC,0
TATGTCAATTCAAAAT,0
TATGTCAGTATGATCA,0
TATGTCCAAAACACTA,0
TATGTCCATGAGCAAT,0
TATGTCGCAGAAGCAA,0
TATGTCGTAAACTATC,0
TATGTGAAACCTCAGT,0
TATGTGAAAGGTATCG,0
TATGTGAGCCGCTATT,0
TATGTGCCTCAGAAAA,0
TATGTGTTAATGGCTA,0
TATGTTAAGTTTCTTT,0
TATGTTACAGCGATAC,0
TATGTTATATTGACAC,0
TATGTTATTTGAGTCA,0
TATGTTCTAATCGAAT,0
TATGTTGGCTACCTCG,0
TATGTTGTAGTGGCTT,0
TATGTTGTTCGCATGT,0
TATTAAAAAATACACC,0
TATTAAACCGAAAGTC,0
TATTAAATAGAACATA,0
TATTAACATGATAAGG,0
TATTAACGACCTGAGC,0
TATTAACTACACTGAA,0
TATTAACTCCTTCGAC,0
TATTAAGAACCTTATG,0
TATTAAGCAACAGCTA,0
TATTAAGTAAACGGCA,0
TATTAAGTGTCATCAT,0
TATTAATAAATCCGAC,0
TATTAATGAATCATAA,0
TATTAATTACAAACAA,0
TATTAATTAGCATCTA,0
TATTAATTTTCGAGGA,0
TATTACACAGTAGTCA,0
TATTACACGACTATAC,0
TATTACCATTGCAATA,0
TATTACCTACAAACAG,0
TATTAGCGAGTGTAAC,0
TATTAGCGCGCACACC,0
TATTAGGATATAAGAA,0
TATTAGGTTGGAAATG,0
TATTAGTAGAATCGAA,0
TATTAGTAGAGGCCGG,0
TATTAGTAGATTTATC,0
TATTATAAACAGAAAA,0
TATTATAATGTATTGA,0
TATTATATAAACACTA,0
TATTATATATTTAAGA,0
TATTATATGAAACCAC,0
TATTATCGACAACCCA,0
TATTATGAGATAAAGC,0
TATTATTCCACAACAA,0
TATTCACAAAGTGCTC,0
TATTCAGTTAACATAC,0
TATTCATGGACAACGA,0
TATTCCAAATACCAAA,0
TATTCCAATCATTCAA,0
TATTCCAGCAGTGATG,0
TATTCCAGTGGCACCG,0
TATTCCCGACGCAATA,0
TATTCCTCAAACACTA,0
TATTCGTCCAAGTCAT,0
TATTCTCTATTATCAA,0
TATTCTTATTATAGTC,0
TATTCTTTAAATTACT,0
TATTGAAAAGGCAAGA,0
TATTGAAATAATTTCA,0
TATTGAAGTCGATGAC,0
TATTGAATATCTATAC,0
TATTGACAACATGTGA,0
TATTGACCCATATTTT,0
TATTGACCTCCACATA,0
TATTGACCTCTTTAAT,0
TATTGACTCTTCTCAT,0
TATTGAGTTAATCCGC,0
TATTGATAAGACACTA,0
TATTGCCGTCAAGGTG,0
TATTGCTACACCCCAA,0
TATTGCTATCAGCAAC,0
TATTGCTGAAACGAAA,0
TATTGGACAACTCACT,0
TATTGGACGATATCTT,0
TATTGGATGAAATCAA,0
TATTGGTAAAACAATG,0
TATTGTACCTTTTCGT,0
TATTGTCTTCCGACCG,0
TATTGTGAAAATATGA,0
TATTGTGACAAGATAC,0
TATTGTGACGCCAAAG,0
TATTGTTACTAAGCCA,0
TATTTAAACAGTACTG,0
TATTTAAGATAAAGAA,0
TATTTAAGTGCACGTT,0
TATTTAATCGTAGGTC,0
TATTTAATTCACGAGA,0
TATTTACGTGAGTGGC,0
TATTTACTTAGATGCA,0
TATTTAGTGAAGGTTT,0
TATTTATAAGATCCGA,0
TATTTCATTAACAAGA,0
TATTTCCTGGGACGTA,0
TATTTCTAGTACTCAG,0
TATTTCTTAATGGATC,0
TATTTGAACCCCAGAG,0
TATTTGATATATACCG,0
TATTTGCACATATTAG,0
TATTTGCATCAAGACA,0
TATTTGGCTAACTATC,0
TATTTGGTACACCGCA,0
TATTTGTCGGCAAATA,0
TATTTTACGCCACAAT,0
TATTTTAGAGCTCCGT,0
TATTTTAGAGGCAGTG,0
TATTTTAGCATGATAT,0
TATTTTGATATCTAGT,0
TATTTTGGGCTTGATC,0
TATTTTTTCGTGCGAT,0
TCAAAAAAGAGCCGCG,0
TCAAAAAAGCGTCGAA,0
TCAAAAACGGTCACTA,0
TCAAAAACTCCATCTA,0
TCAAAAAGTTAATCAG,0
TCAAAACATAGAAAGG,0
TCAAAACCTCTAAAAC,0
TCAAAAGACAGTGGAC,0
TCAAAAGAGTTATTAG,0
TCAAAAGATGTAGGGA,0
TCAAAAGGATAGATAA,0
TCAAAATGAGCACTCT,0
TCAAACAACTAACTTC,0
TCAAACAACTTTTATG,0
TCAAACACAAAAATTT,0
TCAAACACAAAATTGA,0
TCAAACCCATGGCATA,0
TCAAACCTAAAAAAAA,0
TCAAACGAGCTAAGGT,0
TCAAACGTCCTATTAA,0
TCAAACTATTTAAACC,0
TCAAACTCTAACACTA,0
TCAAAGAACTAGTATT,0
TCAAAGAATAAAGATA,0
TCAAAGACATAGGCTG,0
TCAAAGACCCAAAATT,0
TCAAAGACTCTTACGC,0
TCAAAGATCCAAGCGG,0
TCAAAGTACAAGATGG,0
TCAAAGTATCACACAT,0
TCAAATAAAGGTGATC,0
TCAAATATTAAATCTT,0
TCAAATCAAACGACGA,0
TCAAATCAGTACTAAT,0
TCAAATCGGAAGCGCA,0
TCAAATCGGGGCTTAA,0
TCAAATGAACTAAGTT,0
TCAAATGGACAGACCC,0
TCAAATGTAAACCAAC,0
TCAAATGTGCTAAAAT,0
TCAAATTACATTAATG,0
TCAAATTCAAGGGGCC,0
TCAACAAGTTGATTTT,0
TCAACAAGTTTCGCAA,0
TCAACAATAGGAAAGC,0
TCAACACAATAACCTA,0
TCAACACAGTTATGAT,0
TCAACACCAATATAAG,0
TCAACAGTAAATCGGT,0
TCAACATAGAAAGGCC,0
TCAACATGGATCTGAG,0
TCAACCCACCGCTTAT,0
TCAACCCCCCCAATCA,0
TCAACCCTCGAGCAAG,0
TCAACCGCAATAAATT,0
TCAACCTGAATTAAGT,0
TCAACGAGAGGCTGTC,0
TCAACGGAGTAATGCA,0
TCAACGTCATCCAAAA,0
TCAACGTTTCCTCTTT,0
TCAACTACACGCGCAG,0
TCAACTAGAAAAAGTC,0
TCAACTATAAAGACAA,0
TCAACTATGTAGCACA,0
TCAACTCACTTTGCTT,0
TCAACTCCTTAGATAA,0
TCAACTGAGTGAAGTC,0
TCAACTTAAACAGACC,0
TCAACTTACAGTCTTT,0
TCAACTTATTTAATAA,0
TCAAGAAAAAATGAAC,0
TCAAGAAAATAAATAA,0
TCAAGAAAGTGAAGTG,0
TCAAGAAGCTCACCGA,0
TCAAGAATAACACAAT,0
TCAAGAATAAGAATAT,0
TCAAGACAAAGGAAAA,0
TCAAGACCTGTTCAGA,0
TCAAGACGTCACCTGA,0
TCAAGAGCAACAGGTA,0
TCAAGATAATTTTAGA,0
TCAAGATAGCGGTATG,0
TCAAGATGAAGGGTGA,0
TCAAGATGTCACGCAA,0
TCAAGCAACTATATAA,0
TCAAGCAATTTTTGTA,0
TCAAGCACCATTCACG,0
TCAAGCTATCAGGCCA,0
TCAAGCTCCTATGATA,0
TCAAGCTGACTATTTT,0
TCAAGGAAAACCCACA,0
TCAAGGAACTCGAATG,0
TCAAGGAGCCATCGGC,0
TCAAGGATACGTCACT,0
TCAAGGGAGGCAAGTA,0
TCAAGTAACTACTTAG,0
TCAAGTAAGCAGAGCC,0
TCAAGTAGAAAATAAA,0
TCAAGTAGAACCGACA,0
TCAAGTAGAGACCGGG,0
TCAAGTAGATGCTGTA,0
TCAAGTAGTAGAAATA,0
TCAAGTCATTCCCAAG,0
TCAAGTGCCTCACTAA,0
TCAAGTTCTCTAGCAG,0
TCAATAAACATGTGCA,0
TCAATAATAATTTAAC,0
TCAATACACCGCTTAA,0
TCAATACAGCACCGGG,0
TCAATACGCACTTGTA,0
TCAATAGGATTGAAAC,0
TCAATATCAAGGTGAA,0
TCAATATGTCCTAGAT,0
TCAATATTTGTTTCCG,0
TCAATCAACCCCGTCG,0
TCAATCACATCTGACT,0
TCAATCAGTTACGAGT,0
TCAATGACCCCAGAGT,0
TCAATGTTTGACGACA,0
TCAATTAAACATAAAG,0
TCAATTAACTTGTAAG,0
TCAATTCCACACAAGG,0
TCAATTCTAGCCAAGA,0
TCAATTCTCACCTGTT,0
TCAATTGGCCCTGACA,0
TCAATTTATAGTAAAG,0
TCAATTTCTATGAGAC,0
TCAATTTGAACTCGTA,0
TCAATTTGCCGACGTG,0
TCAATTTTAATTCACA,0
TCACAAAAAAACAATG,0
TCACAAAACGTTTAGC,0
TCACAAATTATCCGAT,0
TCACAACTATGTATAA,0
TCACAACTTTACAATA,0
TCACAAGGCAATAGGT,0
TCACAATCAAAGTCAC,0
TCACAATTGGTGTCTA,0
TCACACAAAGATATAA,0
TCACACAATATAATTT,0
TCACACACCTCCAGAT,0
TCACACACTCTTCCCT,0
TCACACATATAAAGAA,0
TCACACATCAGGGGCG,0
TCACACATCGAAAGGT,0
TCACACGAGGATGCAG,0
TCACACGGTTGGCGAA,0
TCACACTAGAACTAAA,0
TCACAGACCCTTACTC,0
TCACAGACTGTAAGTA,0
TCACAGCGGCTGACAC,0
TCACAGCTAGATGGTT,0
TCACAGGGATGAGACC,0
TCACAGGTACTAGAAT,0
TCACAGTACGAGAACA,0
TCACATAAGGCTAATT,0
TCACATAAGTCGAGCA,0
TCACATCAAAGATCAA,0
TCACCAACGGAAAAAT,0
TCACCACATCGGCATC,0
TCACCACATTTTACGC,0
TCACCACTTACCTCAA,0
TCACCATATAAAGCAA,0
TCACCCAAACCTATAC,0
TCACCCAAATTTAGAA,0
TCACCCAATATCCCAA,0
TCACCCAATGTTTGTC,0
TCACCCATAAAACAAT,0
TCACCCGTGAAGTCAC,0
TCACCCTAACAATATA,0
TCACCCTGATACGCTT,0
TCACCCTGCTAGCCAA,0
TCACCGAATCATGTCA,0
TCACCGAGCCCAAACT,0
TCACCGGACTGTAGAT,0
TCACCGGTATGGGATA,0
TCACCTAAGTGAAACC,0
TCACCTACTGGATAAG,0
TCACCTAGCAGCAGGG,0
TCACCTATGCGAAACA,0
TCACCTCCCAGGAAAA,0
TCACGACCGACACCAC,0
TCACGACTAAAACATA,0
TCACGATCTTAAAAAG,0
TCACGCAGAGACGTCA,0
TCACGCTATAACTCGC,0
TCACGGAGAAAAAAAT,0
TCACGTAAACACGCAA,0
TCACGTATACAAGAAT,0
TCACGTCCGATCAAAG,0
TCACTAATCATAATCC,0
TCACTAATCCATCACT,0
TCACTAGCTTCATCTT,0
TCACTATAGGACAACC,0
TCACTATTTTAATGGA,0
TCACTCACGCACCTTA,0
TCACTCCTAGAACGAC,0
TCACTCGCGCATGAAT,0
TCACTCTCAAAATTGA,0
TCACTGGACTTATACT,0
TCACTGTATAGGATTC,0
TCACTTAAGTGAGTGT,0
TCACTTACTGCAAAGA,0
TCACTTATACATATAG,0
TCACTTCGACCGTAAT,0
TCACTTCTACAAACAC,0
TCACTTTCATTCTGAG,0
TCAGAAAAAAAAAGTG,0
TCAGAAAGTGTCCTTT,0
TCAGAAATACAGAACT,0
TCAGAACAAACATGGA,0
TCAGAAGATGCATCCC,0
TCAGAAGATGCTCCTT,0
TCAGAAGGCGCCGTAT,0
TCAGAAGGTTCCCATA,0
TCAGAATAGTAAGAAA,0
TCAGAATCCCGACGAG,0
TCAGAATGAAAGTATA,0
TCAGAATTAAAACTAC,0
TCAGACAAGCCTCTAT,0
TCAGACCCTTAACTTT,0
TCAGACGCACATACAA,0
TCAGACTGTAATCGGC,0
TCAGAGAAAATACCAG,0
TCAGAGAATATACGTG,0
TCAGAGTCAACTGTAT,0
TCAGAGTGGAGCAATC,0
TCAGATACCAGACAAT,0
TCAGATACCTAACTTA,0
TCAGCAAGGCAAAGTT,0
TCAGCAATCCAATGGA,0
TCAGCACCAAGGGGCC,0
TCAGCAGATGATAAAC,0
TCAGCATAACCCCGCG,0
TCAGCATAGTCAGAGT,0
TCAGCATCAGCTATGT,0
TCAGCATCGACTTATG,0
TCAGCATCGTATAAAT,0
TCAGCCAGACGAGCCT,0
TCAGCCCCAATGCCCC,0
TCAGCCCTACATACCA,0
TCAGCCGGAAGTCCTT,0
TCAGCCTGTTGGAAAA,0
TCAGCGAGTGCCCCTA,0
TCAGCGATGCTGTTAA,0
TCAGCGGCGGAACAAC,0
TCAGCTCGATGCATTA,0
TCAGCTCGGTATAGCA,0
TCAGCTCTAACTAAGA,0
TCAGCTGATGAATCTT,0
TCAGCTTCAATGCTGA,0
TCAGGAAAAACAAGAG,0
TCAGGAACGATCATAC,0
TCAGGACAAGAACTAC,0
TCAGGATACCCCAAAA,0
TCAGGCGCGTAACTAT,0
TCAGGCGTAGTGACCA,0
TCAGGGAGCCCATCGG,0
TCAGGGGTAGAACCAA,0
TCAGGGTCAAAGGAAA,0
TCAGGGTCCGTTCCAA,0
TCAGGGTTGGAATTTC,0
TCAGGTATTAAAAATC,0
TCAGGTCATCCACATC,0
TCAGGTTGCTAACACA,0
TCAGGTTGTTGCAGCA,0
TCAGTAAATCCAAGAA,0
TCAGTAGACCCAAAAA,0
TCAGTAGCAACACTGT,0
TCAGTAGCCATATGGA,0
TCAGTAGGAAACGTAG,0
TCAGTAGGTTCAAAAA,0
TCAGTATACCTGGAAA,0
TCAGTATCTCCGCTCT,0
TCAGTATCTCGAACCA,0
TCAGTATTTATTTAAC,0
TCAGTCTAACCACACA,0
TCAGTCTGTCCTAATC,0
TCAGTGAGAAGGTAAC,0
TCAGTGCAGAATGAGC,0
TCAGTGGCACTAAAAG,0
TCAGTGTGACTACATT,0
TCAGTTTATACGAATA,0
TCATAAAAATTACATA,0
TCATAAAAGAAGCGGT,0
TCATAAAATCGCAAGT,0
TCATAAACTAATGACA,0
TCATAAACTCTATACA,0
TCATAAATAGGGGATC,0
TCATAACATTCGTATA,0
TCATAAGACATACACC,0
TCATAAGACTACGTCA,0
TCATAAGATCAATCGA,0
TCATAATCATGGTAAT,0
TCATAATCCGGTTTAA,0
TCATAATCTGACCATT,0
TCATACAAATAGCTAA,0
TCATACAGTCATACTT,0
TCATACATTTAGATTA,0
TCATACCAAGCTTTGT,0
TCATACCACCTGAACT,0
TCATACCCAAAGGGTT,0
TCATACGACATACTAA,0
TCATACGGATTCAACT,0
TCATACGGTATAGGAT,0
TCATACTTGCGTAAGA,0
TCATAGGACCAAACAT,0
TCATAGGGGATAAATA,0
TCATATATGAAATGTC,0
TCATATGCATTAGTGT,0
TCATATTTGAAGCCTA,0
TCATCAAAGCTTCTAT,0
TCATCAGTAAGGTCAA,0
TCATCATGGAAATAGC,0
TCATCATTCTACATCA,0
TCATCATTCTATCCAC,0
TCATCATTTATTGCAC,0
TCATCCAAAGTATGTG,0
TCATCCAGTGTATAAA,0
TCATCCATACACACCG,0
TCATCCCAAAGAATAA,0
TCATCCTTAAACTCAT,0
TCATCGAAACGACCCT,0
TCATCGGTTAGTCGTT,0
TCATCGTTCTCCATTG,0
TCATCTTAAAAAAAGC,0
TCATCTTCTGTTCAAT,0
TCATGAAAAAATTCAA,0
TCATGAAATCGCGGTC,0
TCATGAATCAACGCGA,0
TCATGAATTCATCCTA,0
TCATGAGCTATATTGC,0
TCATGAGGCTAACGGA,0
TCATGATCTATTCCCA,0
TCATGATGTTCACTCT,0
TCATGATTATTGCAGG,0
TCATGATTGCACCCCA,0
TCATGCAACTACGGGG,0
TCATGCAACTTGATAT,0
TCATGCCAAGATAAGA,0
TCATGCGATAACGAAA,0
TCATGCGTATGACTTC,0
TCATGGTAGGTTAAAT,0
TCATGTACTCCCGCTC,0
TCATGTTCTGCACTAT,0
TCATTAAAAAGGATAT,0
TCATTAACATCATGAC,0
TCATTAAGCCATAGAC,0
TCATTACCTTAACGGC,0
TCATTACCTTGAACGA,0
TCATTAGTATTAAACC,0
TCATTATGTCATGATG,0
TCATTCAAGAATAACC,0
TCATTCACACTTGATT,0
TCATTCCATAAACCAA,0
TCATTCCGTTCCTGGG,0
TCATTCGGTTTCTTCA,0
TCATTCGTGACGAATA,0
TCATTGACAAAACACC,0
TCATTGTACAATTCAG,0
TCATTTAAACCGGAAA,0
TCATTTATATGAGAAG,0
TCATTTCGTGAATATG,0
TCATTTGTGGAATGAA,0
TCATTTTACTAGAGAA,0
TCCAAAACAAATTAGG,0
TCCAAAAGAACAATAG,0
TCCAAACAGCTTGTCT,0
TCCAAACAGGATCTCG,0
TCCAAACATATTGGGA,0
TCCAAAGAGGATACGT,0
TCCAAAGCATGATGTC,0
TCCAAAGCCCTGTGGC,0
TCCAAAGCCTATTGTA,0
TCCAAAGTCGAGACAA,0
TCCAAATGGGCTATCT,0
TCCAACAAAGAGGCGG,0
TCCAACATCCAAATAT,0
TCCAACCCAGTCTGTA,0
TCCAACCTGCTAGTAA,0
TCCAACTAGAAAGCAC,0
TCCAACTCAAACACAC,0
TCCAACTTCACATAAA,0
TCCAAGCAAAACTATG,0
TCCAAGTCAGGTAGAG,0
TCCAATAAAATGGGAA,0
TCCAATAACCTAACTA,0
TCCAATAGGTTCAGGG,0
TCCAATATATTTGAAA,0
TCCAATCAGACTTGAC,0
TCCAATTAGTAATAAA,0
TCCACAAATCATTGGA,0
TCCACACACAGATATA,0
TCCACAGGAATGCTTA,0
TCCACCAATTTACTCC,0
TCCACCACTATACAAT,0
TCCACCATATGTAATT,0
TCCACCCATAACCGGA,0
TCCACCGCGGGACATT,0
TCCACCTAAATCTGTC,0
TCCACCTACAAAAACA,0
TCCACCTTAAATGAAC,0
TCCACTAAAATCGATA,0
TCCACTAACCCTTTTG,0
TCCACTAAGCCTAATG,0
TCCACTAGCCTTACAG,0
TCCACTCACAGCGTCT,0
TCCACTTATTCGGCAT,0
TCCAGAAACAAAGCCT,0
TCCAGAACTTTTAATT,0
TCCAGAAGACCCGACA,0
TCCAGACAACCAACTG,0
TCCAGACATGTAAAAT,0
TCCAGATAGTTCCACT,0
TCCAGATCGCTTAAAA,0
TCCAGATTCAAACTTA,0
TCCAGATTGTGCGCAC,0
TCCAGGACTTAAATAA,0
TCCAGGCGTACCTTCT,0
TCCAGGTACAACGCGG,0
TCCAGTATACAGGGTA,0
TCCAGTATGCTTCACT,0
TCCAGTTACTAAGCGA,0
TCCATAAGAGAAAGAT,0
TCCATACAACGTCATA,0
TCCATACATAGTAAGA,0
TCCATAGACAGCCGAA,0
TCCATAGTAACACACT,0
TCCATAGTACAAAACA,0
TCCATATGAACTCGGT,0
TCCATCAATACTGAGA,0
TCCATCCAAAAGCCCG,0
TCCATCGAAACCAGAC,0
TCCATGAAATCGACCA,0
TCCATGATGACGTACG,0
TCCATGCTTCATTCGC,0
TCCATGTACCATGTAG,0
TCCATTCCATTAGCAA,0
TCCATTGAACCAAAAA,0
TCCATTGAATACAAGT,0
TCCATTGCATAACACA,0
TCCATTGTGACGAAGG,0
TCCATTTACCTACGTA,0
TCCCAAAAATAATTTT,0
TCCCAAAAGCAATGCA,0
TCCCAAACAAAGGAAA,0
TCCCAAATCTAAGCAG,0
TCCCAAGAAAATGCTT,0
TCCCAAGACCTGCTTT,0
TCCCAAGGAACGTGAC,0
TCCCAAGTCATCAAAA,0
TCCCAATATTTAATCT,0
TCCCACAAGAAGCACT,0
TCCCACCAAGTAATAT,0
TCCCACCACCGGAAGA,0
TCCCACTCATTTCAAG,0
TCCCACTGGTGTAAAA,0
TCCCAGACTAGAGTAT,0
TCCCAGATCTCCTTAT,0
TCCCAGCATATAAGGC,0
TCCCAGGGTGGGACGA,0
TCCCAGTAAGGGTATA,0
TCCCAGTAGCGAGTAA,0
TCCCAGTTCTGCTGAT,0
TCCCATAAACTATAAA,0
TCCCATCAGACATGAA,0
TCCCATCAGCCCTTTG,0
TCCCATCCAATGTGAG,0
TCCCATCGGATTCAAT,0
TCCCATTCCAATAGGT,0
TCCCATTGAGCATACA,0
TCCCCAATTGCACCAC,0
TCCCCACCTTAGATCT,0
TCCCCAGATGTATCAA,0
TCCCCCAAGATCATGA,0
TCCCCCACGAGAAAGC,0
TCCCCCCAACAAGTTT,0
TCCCCCCACCGCAATA,0
TCCCCCCAGAAAACAA,0
TCCCCCTAACCTGCTG,0
TCCCCGAATGCTACGA,0
TCCCCGACTCACTCCC,0
TCCCCGAGAAGAAAAA,0
TCCCCGATCATTACTC,0
TCCCCGCAAAGTGGCA,0
TCCCCGTAGAAGCTTT,0
TCCCCGTTAAGCCAGA,0
TCCCCTTATACAGCAT,0
TCCCCTTTAATCTTAG,0
TCCCGAAAACCGCTTT,0
TCCCGACGCCAAGGCA,0
TCCCGATCACCATTCA,0
TCCCGCAAGATTACAA,0
TCCCGCCAAACACATG,0
TCCCGCTTTTATTTAT,0
TCCCGGACATAACGTG,0
TCCCGGACTCTATTCT,0
TCCCGGTCACACAAAT,0
TCCCTAAGAGGAAAAT,0
TCCCTAAGCACCGTAG,0
TCCCTAAGCCAACTCA,0
TCCCTAAGCCCATGAA,0
TCCCTACCGAACATCC,0
TCCCTACGACAGTGGT,0
TCCCTATTCAGGATTA,0
TCCCTCACTTCAACTC,0
TCCCTCCGCCTTACAC,0
TCCCTGATATCATTCC,0
TCCCTGATCTGCTGAT,0
TCCCTGCCTAACCGAT,0
TCCCTGCTAAGGAGAT,0
TCCCTGGCAAACCGCA,0
TCCCTTACCGGCAACC,0
TCCCTTCGACAACCAA,0
TCCCTTCGTTGTGCCT,0
TCCCTTCTCCCGACGA,0
TCCCTTTAATTGAAAA,0
TCCCTTTGCTCCCAGA,0
TCCGAAAAGACAGGAA,0
TCCGAACCATTTATTT,0
TCCGAACTGAAAATTG,0
TCCGAAGAAAATTCAG,0
TCCGAAGTAAGACATA,0
TCCGAATCACTGCGGA,0
TCCGACATCCATCATA,0
TCCGACCAAGCCCGGC,0
TCCGAGAAGTAGCTTG,0
TCCGAGACCATTACAT,0
TCCGAGAGTATAATAC,0
TCCGAGCACGTCTAAA,0
TCCGAGCCTTACCAAG,0
TCCGAGGGAAGTACAT,0
TCCGAGTTCTTTATAT,0
TCCGATAAATATATAG,0
TCCGATGCTTCGTGTT,0
TCCGCAAAAACACTAA,0
TCCGCAAACCACAATA,0
TCCGCAATGTAATTGC,0
TCCGCAATGTTATTAC,0
TCCGCAATTCCGCATG,0
TCCGCAATTCGATGAC,0
TCCGCGAATTCGTCAA,0
TCCGCGGATAACCTTT,0
TCCGCGGTTAACTTGT,0
TCCGGAAGCGCCAAAT,0
TCCGGAATAAAAAAGA,0
TCCGGACATGCGAAAC,0
TCCGGAGCAAGGTCAA,0
TCCGGAGCGGAATCCT,0
TCCGGCCAGGAAACCG,0
TCCGGGATAGAACCTT,0
TCCGGGCAACAAACTT,0
TCCGGGCGTACTAGGC,0
TCCGGGTTACACACCA,0
TCCGGTATTATCCACT,0
TCCGTAAAAAAAAACT,0
TCCGTAAGGGTAGAAT,0
TCCGTACAGTACATAT,0
TCCGTATTAATAGCTA,0
TCCGTCAACATAAGAA,0
TCCGTCTAAATAAAAA,0
TCCGTGTAAAAACCCG,0
TCCGTTAGTAACACAG,0
TCCGTTCCGCATGGGT,0
TCCGTTCCGCTAGGTT,0
TCCGTTGACACCAACT,0
TCCGTTGCGGTGACCC,0
TCCGTTTCCCCAATAT,0
TCCTAAAAAGAAATGC,0
TCCTAAACCACTTTAT,0
TCCTAACAATATAGGG,0
TCCTAACGAACTGTTT,0
TCCTAACTCCGCATAA,0
TCCTAACTCGAATTTA,0
TCCTAACTTGGGACTA,0
TCCTACAGCTTGAACA,0
TCCTACCCGGTATTAT,0
TCCTAGAATAAGAAAA,0
TCCTAGATAGCAATTG,0
TCCTAGCAATTTACAG,0
TCCTAGCCATAAGTAG,0
TCCTAGCTCCTTATGT,0
TCCTAGGAATAAGAAT,0
TCCTAGGGCCTTTAAC,0
TCCTAGTAAACTGAGG,0
TCCTAGTTAGCTAGAA,0
TCCTATCAACACGGAT,0
TCCTATCACTAACCCC,0
TCCTCAACCAACTACG,0
TCCTCAAGAAAATCAG,0
TCCTCAGAAATACGGA,0
TCCTCATCACATCTCA,0
TCCTCATTCTAAGCCC,0
TCCTCCAAGAGCGACA,0
TCCTCCCGAGTCTGCG,0
TCCTCCGCACAAGAGA,0
TCCTCGGTACTTAAAA,0
TCCTCTAATAAAGCAG,0
TCCTCTATGCACCTTA,0
TCCTCTCGTGAACTCA,0
TCCTCTGAATAAAAAT,0
TCCTCTGAGCGGTGCC,0
TCCTGAAACCACAAAG,0
TCCTGAGTTTGACTCT,0
TCCTGATATCATGCCT,0
TCCTGATCACTCGTCG,0
TCCTGCACATTGCAGG,0
TCCTGCCAAATACGGA,0
TCCTGGAAACGTAGTT,0
TCCTGGATCTTTAAGC,0
TCCTGTAGCAGAAAAT,0
TCCTGTCCATCTTAAT,0
TCCTGTCGATTTCGTT,0
TCCTGTGAGAATTGTC,0
TCCTGTGCCCATAAAG,0
TCCTGTTACCCCTAAG,0
TCCTGTTATACCACGC,0
TCCTGTTGAAATAATG,0
TCCTGTTTTCAGAAAT,0
TCCTTAACAAGAATTT,0
TCCTTACAGAGACACG,0
TCCTTAGCAACTAAAC,0
TCCTTATAGCCCAATG,0
TCCTTATGTATTGGTC,0
TCCTTCATATAGTTAA,0
TCCTTCGAATTTATAA,0
TCCTTCGACAAATCAG,0
TCCTTCTTGAACTTAT,0
TCCTTGCGAGAATTAT,0
TCCTTGGCTTTCAATA,0
TCCTTGTACTGAATGC,0
TCCTTTAACTAAATTG,0
TCCTTTATCCACAAGG,0
TCCTTTATTATATCTT,0
TCGAAAAAGCTTCGCA,0
TCGAAAACAACGTACT,0
TCGAAAAGTAAAGCTA,0
TCGAAACAGACGAGAT,0
TCGAAACCCCCATACT,0
TCGAAACTACTGCCGA,0
TCGAAAGGCGCGTCGA,0
TCGAAAGGTATAAGTT,0
TCGAACAGGTATATAC,0
TCGAACATAAAATACT,0
TCGAACCTCAACGCTT,0
TCGAACCTCCGAGATT,0
TCGAAGTGTAGGCCGA,0
TCGAATCAACCTTATA,0
TCGAATGATGACAACC,0
TCGAATGCCTAAAATA,0
TCGACAAACGTTCACC,0
TCGACAACAGTCGTTG,0
TCGACACAAATTTAGC,0
TCGACACTAACATTTA,0
TCGACAGAGTAGTGGT,0
TCGACATACAAAGAAT,0
TCGACCAGCATAAAGA,0
TCGACCCGGATAACCC,0
TCGACCTTCATATACA,0
TCGACCTTTAGTCTTA,0
TCGACGAAAACTTGAA,0
TCGACGCTTTATCTAC,0
TCGACGGATTCATCTT,0
TCGACTACATATGCGT,0
TCGAGACACGCAAGAC,0
TCGAGCAACAATGTCA,0
TCGAGCAGTTCTAACC,0
TCGAGCATACGAAATG,0
TCGAGCGCAATCTACA,0
TCGAGCGTAAGATGGT,0
TCGAGGAGTGTCCGAC,0
TCGAGGCACGCCTATG,0
TCGATAAATAAACTGG,0
TCGATACACGGTTCGA,0
TCGATAGCCCAATGCA,0
TCGATATATCCTCTAT,0
TCGATATATGCACCTC,0
TCGATCAAAACGACTG,0
TCGATCCAAAACACGG,0
TCGATCGACATTGTAT,0
TCGATCGCAGCCCAAC,0
TCGATCTGGACACTTA,0
TCGATGAATCCACATT,0
TCGATGTAATACAAAC,0
TCGATTAGGCCAGGTT,0
TCGATTCAACGTCAAA,0
TCGATTTTACATCCAA,0
TCGCAAAAGACTACAG,0
TCGCAACACTCAACAA,0
TCGCAACCGCTACTAT,0
TCGCAATAAGGTAAGT,0
TCGCAATTGTATTATA,0
TCGCACCCGCACAATA,0
TCGCACCGCATTACGA,0
TCGCACTGAAAGTAGA,0
TCGCAGACTCCTCAAT,0
TCGCAGTGAAGAAAAA,0
TCGCATATAAACATAA,0
TCGCATCCAAGGTGTA,0
TCGCATGAGTGAAAAA,0
TCGCATTCATGAAGTA,0
TCGCATTTTCGCTTTC,0
TCGCCAATAGATACAA,0
TCGCCACAATAGGACA,0
TCGCCAGGCCTTGAGT,0
TCGCCATACTCTAAAA,0
TCGCCCTATTCAGCAA,0
TCGCCGGAAGAGGGTC,0
TCGCCTCTCACAACCC,0
TCGCCTGATGAAATAT,0
TCGCGCAAAGTATGAG,0
TCGCGCGCCATAGCTC,0
TCGCGTCAACTAATGA,0
TCGCGTCTACTGCCAC,0
TCGCGTTTACTATTAA,0
TCGCGTTTATCATTCA,0
TCGCGTTTCTGGACAA,0
TCGCTATACTCATCCG,0
TCGCTTCATGTACACC,0
TCGCTTTTAAAAACCA,0
TCGGAAAACGCACACT,0
TCGGAAACTAACCGAT,0
TCGGAAATTGTTATAA,0
TCGGAACAAACAGATC,0
TCGGAACAAACTGTTT,0
TCGGAACCAAACACGA,0
TCGGAACCTTCTATTG,0
TCGGAAGAAAATGTAC,0
TCGGAAGCAACGCAGC,0
TCGGAAGCTAATCCGA,0
TCGGAATAACCGCACA,0
TCGGACAAACGTGCGG,0
TCGGACCGGAATGTAG,0
TCGGACCTATTAAGAC,0
TCGGACCTGCAGAATG,0
TCGGACTAATTTTATT,0
TCGGACTGTAACAAGC,0
TCGGAGCATTTCTTTG,0
TCGGAGGACTAAAGCA,0
TCGGAGTATTTCATAC,0
TCGGATAAAAATGATG,0
TCGGATTGAAGCAAAC,0
TCGGCAATGTCCAACA,0
TCGGCATACACGCAGA,0
TCGGCCATGGTCTATA,0
TCGGCCCTGTTGAATC,0
TCGGCCTTGACACGAG,0
TCGGCTAACTAAAATT,0
TCGGCTCCAATACGTA,0
TCGGGAAGCAATGAAG,0
TCGGGACGGCAAGTCA,0
TCGGGAGGACGTATAG,0
TCGGGAGTAACGACCC,0
TCGGGATAACAATAAG,0
TCGGGATAATTTAAAA,0
TCGGGCAGGATCCAAT,0
TCGGGCAGTTAGCGGA,0
TCGGGCATTGAGGCAG,0
TCGGGGCTACAACCTT,0
TCGGGTGAGCGCCCCT,0
TCGGTAAGCACTTCAA,0
TCGGTAGAACCAAACA,0
TCGGTAGCAATGTCTA,0
TCGGTAGCAGTACCGA,0
TCGGTAGTAACAAGCA,0
TCGGTATATAACCCCC,0
TCGGTCACAATTCGAG,0
TCGGTCCAAGGGCACC,0
TCGGTCCACCAATTAA,0
TCGGTGGCATCATTTA,0
TCGGTGTGAGCGCGTT,0
TCGGTTGTAATAGAAG,0
TCGGTTTCAAACAATT,0
TCGGTTTGAATTAATG,0
TCGTAAAAAATAACCG,0
TCGTAAAAAATGTCCA,0
TCGTAAACCGACCAGA,0
TCGTAAATAAAAATTT,0
TCGTAACAAATATACC,0
TCGTAACCTTAAGACC,0
TCGTAACGTACTAATC,0
TCGTAAGAATGCAAAT,0
TCGTAATACTCTATGA,0
TCGTAATCACAACAGT,0
TCGTAATGCCTCTTAT,0
TCGTACACGGTGTACA,0
TCGTACAGCCTCAGAT,0
TCGTACGTAATGAATG,0
TCGTAGAATAAAACTG,0
TCGTAGATCAGCAATA,0
TCGTAGCTCATACACG,0
TCGTAGGTCTATCATC,0
TCGTAGTCGGACGACA,0
TCGTATAAAACGCAAT,0
TCGTCATTTTGATAAA,0
TCGTCCGAGTAGCCGA,0
TCGTCGATAATGCCAC,0
TCGTCTACATGGCAAT,0
TCGTGAAAAAAATTGA,0
TCGTGAAACAAATGAT,0
TCGTGAATTAGTCCGA,0
TCGTGACACAACAGCT,0
TCGTGCTATAATCAGA,0
TCGTGCTGACAGATAA,0
TCGTGGCACTCTTACG,0
TCGTGGTTACACATGC,0
TCGTTAATTGCTGTAA,0
TCGTTACATGATAAAC,0
TCGTTATTTCTCCACC,0
TCGTTCACCTCATGGT,0
TCGTTCAGATGAAATA,0
TCGTTCGAAGAGGAAT,0
TCGTTGATTAATGGCA,0
TCGTTGCATAAAGGAC,0
TCGTTGGTGTCGAAGG,0
TCGTTTTAACGCGAAC,0
TCGTTTTCTTGGTTCA,0
TCTAAAAGAACAACAT,0
TCTAAAATAGAAAAGG,0
TCTAAACCTGTGACCA,0
TCTAAAGAAGATCAAT,0
TCTAAAGACTATAGAA,0
TCTAAAGCCCATATGA,0
TCTAAAGCCTCAAAAC,0
TCTAAATACTTAATTG,0
TCTAAATGCCTAGAGC,0
TCTAAATTGACAATCA,0
TCTAAATTGAGATATT,0
TCTAAATTTTACTAGC,0
TCTAACAACGAAGTAA,0
TCTAACAATGTGCGTA,0
TCTAACACACGTGACT,0
TCTAACCCAACAAGTA,0
TCTAACGCCAAATAAC,0
TCTAACGTATACCCTA,0
TCTAACTAACTAGAAA,0
TCTAACTTTAACAATA,0
TCTAAGCAAACAATAA,0
TCTAAGCGAGTATCGT,0
TCTAAGGATCGCGAGG,0
TCTAAGGCAGTTTGAT,0
TCTAAGGTGGTCACAC,0
TCTAAGTATTGATTTT,0
TCTAATAATCAATTTA,0
TCTAATAGAAACTTAT,0
TCTAATAGAGTCCAAC,0
TCTAATAGATATTCCA,0
TCTAATATAAAATCCA,0
TCTAATCGGAAACAAT,0
TCTAATTTCTCAACAG,0
TCTACAAAAATATTTT,0
TCTACAAAACAGGTTA,0
TCTACAGGCATATGTA,0
TCTACCAATCGATCGA,0
TCTACCACAGCACTAT,0
TCTACCACCATGTAAG,0
TCTACCAGCGGAAGTA,0
TCTACCAGTAGATCAT,0
TCTACCGAACTTATTA,0
TCTACCGTAATAACGA,0
TCTACCGTAATAGCAC,0
TCTACCTATATTATTA,0
TCTACGATTTAGCCCT,0
TCTACGCCACTCAGAT,0
TCTACGTAAATACTGC,0
TCTACTAAATACTTGA,0
TCTACTAAATTACAGA,0
TCTACTACCTGCTTGG,0
TCTACTTTTAAAATCA,0
TCTAGAATCAACCTAC,0
TCTAGAATTTCCCCTT,0
TCTAGACGACTCGTCG,0
TCTAGAGGATGTTACA,0
TCTAGATGATAAAACA,0
TCTAGATTAGACACAT,0
TCTAGCACCTAATAAT,0
TCTAGGACCCTTAGAA,0
TCTAGGACTTACCCCG,0
TCTAGGCATGAAAGTA,0
TCTAGGTTAAAATATA,0
TCTAGTACATTGGATT,0
TCTAGTCATTCCACAT,0
TCTAGTGAAGATAGAG,0
TCTATAAAGGTGGTCG,0
TCTATAACCCTCGACC,0
TCTATAACGTTTAGAA,0
TCTATAAGCATGTACC,0
TCTATAATCTAGTAAA,0
TCTATAATTAGTTAAA,0
TCTATACAAGAATTAG,0
TCTATATTCGCGAACA,0
TCTATCAAATAAAACG,0
TCTATCCCTTTCGCTG,0
TCTATCTAAACCATAG,0
TCTATCTAACGTATAA,0
TCTATCTTATTTACCA,0
TCTATGAACGCTGCCT,0
TCTATGAAGCTTGGTC,0
TCTATGACCGACAATC,0
TCTATGCGGCAAAATA,0
TCTATGGTCACCAATT,0
TCTATTAAACACTTCT,0
TCTATTAAACTTATTA,0
TCTATTAACAAAATTA,0
TCTATTAATCAAGGAA,0
TCTATTAATTTAAAAA,0
TCTATTCACTTACTTA,0
TCTATTGAATAGAAAA,0
TCTATTGCAATTAACA,0
TCTATTTGGAAAAGAT,0
TCTATTTTTACCAAAC,0
TCTCAAACACCTTTGC,0
TCTCAAACCCCTGGAA,0
TCTCAAATTGTAAAAC,0
TCTCAACAGAATACTA,0
TCTCAACATGCAGGAA,0
TCTCAACCGCAACCAA,0
TCTCAACGAAAGCATA,0
TCTCACCAGAAATTCT,0
TCTCACCAGTGAGGCG,0
TCTCACTAGACTAGAA,0
TCTCAGAACAAAACCG,0
TCTCAGCAGATAAGAA,0
TCTCAGCCACAAACTC,0
TCTCAGGCGCTGAGAT,0
TCTCATTAGAATTCCT,0
TCTCATTGCGACACCT,0
TCTCCAAAGTAGATGT,0
TCTCCACATGACCGTC,0
TCTCCACTTTATACAA,0
TCTCCATACACAAGGA,0
TCTCCATTTACAATAA,0
TCTCCCATCATAGATT,0
TCTCCTAGTTATTTTT,0
TCTCCTCAATACAACA,0
TCTCCTTAATTAAGAA,0
TCTCCTTACATGATCA,0
TCTCGAGTCCACACTA,0
TCTCGATGGACATAAG,0
TCTCGCGGCTCGCCAA,0
TCTCGCTATCCACTAT,0
TCTCGGTTGGCCTCGC,0
TCTCGTAAACTGTCGC,0
TCTCGTAATAAAGAAT,0
TCTCTAACGTCCTGGC,0
TCTCTACCCAGAGAAT,0
TCTCTAGATGTTTGAC,0
TCTCTAGTAATTAGTG,0
TCTCTCAAGTAACGTA,0
TCTCTCCCAAGCCGCC,0
TCTCTCGTGCATATCA,0
TCTCTCTTAGCTCTAT,0
TCTCTGGAGAGCTACC,0
TCTCTTCGATTATAGA,0
TCTCTTCTGATAACGT,0
TCTCTTTTTCCATAAT,0
TCTGAAAATTTAAGCG,0
TCTGAAATTATTAACC,0
TCTGAACCACTTCCAT,0
TCTGAAGACCCATTCT,0
TCTGAATCCAGCACGA,0
TCTGACATAGACACTA,0
TCTGACGCAAGGGCGT,0
TCTGACTACTAAAATA,0
TCTGAGATAGAACCAA,0
TCTGATAAAGACTGAA,0
TCTGATACAGGCAAAT,0
TCTGATAGACTTTAAA,0
TCTGATCATATTCCAT,0
TCTGCACCATCCTGAA,0
TCTGCAGAAACCTGAC,0
TCTGCATAATCCGCGA,0
TCTGCATGCACTGAAC,0
TCTGCGAAGCCTAAAA,0
TCTGCTAATTAGACAA,0
TCTGGAGAGCGATCAT,0
TCTGGTTACTTGACAA,0
TCTGGTTAGAAAATCA,0
TCTGTAACGAGACAAA,0
TCTGTAATTGACATCA,0
TCTGTAATTTTCCTGA,0
TCTGTAGTCCCATGAG,0
TCTGTATAAGCAAAAG,0
TCTGTATATGGTTATT,0
TCTGTATTAACGTATC,0
TCTGTCTGATAAGTTT,0
TCTGTGAAGTGAAGTG,0
TCTGTTCAATAAACAC,0
TCTTAAACTGATTCGG,0
TCTTAACACATCGCAC,0
TCTTAACCATGCTACA,0
TCTTAACCTATGAGTA,0
TCTTAACGGTACCACA,0
TCTTAAGGACCCTGGT,0
TCTTAAGGAGGTACTT,0
TCTTAAGTAAGGAAAA,0
TCTTAATAGTAAAGCC,0
TCTTACAAATCGTTCC,0
TCTTACACCATGTTTC,0
TCTTACACTGCACCCA,0
TCTTACAGCAAAAGCA,0
TCTTACATGAATAACT,0
TCTTACCTACACAACA,0
TCTTACTACCAACCAC,0
TCTTACTTGTAAGAAA,0
TCTTAGAAATTAACTT,0
TCTTAGGAACAGTCCT,0
TCTTAGGGAAAATCTA,0
TCTTATAACCTGCTGT,0
TCTTATATCAAGGTTG,0
TCTTATATTCGGGAAT,0
TCTTATTACAATCGCT,0
TCTTATTTATAGAGGT,0
TCTTCAAACCAATTTA,0
TCTTCAACTAGACTGA,0
TCTTCACCATAAGGGT,0
TCTTCAGTCCATGTAA,0
TCTTCATCTGATCGTA,0
TCTTCCAAAACCCACG,0
TCTTCCCACGACTAAC,0
TCTTCCCTAAACAAAA,0
TCTTCCTACAAACGCC,0
TCTTCGGTCAAATCTC,0
TCTTCGGTTCCACAAG,0
TCTTCTGTATTAACAA,0
TCTTCTTAAAAATCTT,0
TCTTCTTGCGGTTGAC,0
TCTTGAACATCACACG,0
TCTTGAACTGTTGTTC,0
TCTTGAAGCAAAACTT,0
TCTTGCCGTTCAAGGC,0
TCTTGGCAAGTAATAT,0
TCTTGGCACTTAAAAC,0
TCTTGGGCCTAAACAA,0
TCTTGTATCACTCCTG,0
TCTTGTCAATCAAACC,0
TCTTTAAATGGTACTC,0
TCTTTAACAGCAATAT,0
TCTTTAGCACAAGTAA,0
TCTTTATTTTAAAGTC,0
TCTTTCACATATTAAA,0
TCTTTCATTTAAATAT,0
TCTTTCGTCTTGCGGC,0
TCTTTCTTCACCATAA,0
TCTTTCTTTGGTGCAT,0
TCTTTGCCGAAGTTAA,0
TCTTTGGACAAAAAGG,0
TCTTTTACTACTTATC,0
TCTTTTATAAAACGCA,0
TCTTTTCCCCTCAGCC,0
TCTTTTGACAAGGTTC,0
TCTTTTGGGAAACAGA,0
TGAAAAAAAACCTAAA,0
TGAAAAAAAGCCGAAC,0
TGAAAAAAGATAAGGG,0
TGAAAAACATTTTTAG,0
TGAAAAACGAAAAAAG,0
TGAAAAAGTAAATGAA,0
TGAAAAATCGGGTCAG,0
TGAAAAATGAACCGCA,0
TGAAAACATAGGACTC,0
TGAAAACCTTGTTACA,0
TGAAAACGAACGGACA,0
TGAAAACGGACAGCAA,0
TGAAAACTCAATAGGA,0
TGAAAAGCGATTGACA,0
TGAAAAGGCTTCGGAA,0
TGAAAAGTCCACTGGG,0
TGAAAAGTCCCTTCAA,0
TGAAAATAACTCGCAG,0
TGAAAATTAAAAACAC,0
TGAAACACCCGAGCGT,0
TGAAACCCTGGTCACT,0
TGAAACCTCCTAAAAC,0
TGAAACGAACAGCATT,0
TGAAACGATACTATCA,0
TGAAACGTAAAAGCCC,0
TGAAACTAGCCGGAAC,0
TGAAAGATATGTCAAC,0
TGAAAGCCAGAAGAAC,0
TGAAAGGAAAAACGGA,0
TGAAAGGCAACTTAAA,0
TGAAAGTAACTAGCGA,0
TGAAAGTACAGGGGAG,0
TGAAATAAAAACTACG,0
TGAAATACGGCCCCCT,0
TGAAATCCCACCACGT,0
TGAAATCCCCAATACC,0
TGAAATGGTAATGTTT,0
TGAAATTATTTTACAC,0
TGAAATTCAATATTTC,0
TGAAATTTTTAAACAG,0
TGAACAAACCGCAATG,0
TGAACAAAGAATATTC,0
TGAACAAAGCAGATAA,0
TGAACAACCATCTGAT,0
TGAACAAGACAGGATT,0
TGAACAATATTACTCC,0
TGAACAATCTTCAGAT,0
TGAACAATTAACAAAA,0
TGAACACGCACGATAT,0
TGAACACTCAGTACAA,0
TGAACAGATCGAGGCC,0
TGAACAGCCTATTTTC,0
TGAACATAAGATTAGA,0
TGAACATATGTAGATT,0
TGAACATTAAATTTAA,0
TGAACCACACGGTCGC,0
TGAACCACTATAGACT,0
TGAACCATTCTTCAGG,0
TGAACCCCGCAACACT,0
TGAACCCGGTATACTG,0
TGAACCGAATGAACCC,0
TGAACCGGTCAAGTAA,0
TGAACCTACTGTATAC,0
TGAACCTGTATTTTCA,0
TGAACGAGATGACCTC,0
TGAACGATCTGGTAGT,0
TGAACGCCTGCACCGT,0
TGAACGGGTGATGATA,0
TGAACTAAAGGACGCC,0
TGAACTAACAATCCAT,0
TGAACTACTAGGACCA,0
TGAACTATACGCCTAC,0
TGAACTCGGAAACTTT,0
TGAAGAAAGCCAGACA,0
TGAAGAATTATGTAAT,0
TGAAGACATTATACGA,0
TGAAGATATGCAAACA,0
TGAAGATCAAAGAACG,0
TGAAGCCCTTAGGCCT,0
TGAAGCGACCATCATA,0
TGAAGCTCTGTAAAAG,0
TGAAGGTGGGGCTTTG,0
TGAAGTACCCAAGTTT,0
TGAAGTCAATACTTAT,0
TGAAGTCTACTCTAGC,0
TGAATAACAATGGGCT,0
TGAATAACGTTACTTT,0
TGAATAATAACCAGTG,0
TGAATAATAACCGTCT,0
TGAATAATAATAATCT,0
TGAATACAAATATCCT,0
TGAATACGAGGATGAT,0
TGAATAGACGCATCGC,0
TGAATAGCACAGCAAA,0
TGAATAGCACATATGA,0
TGAATAGCACCCAAGT,0
TGAATAGTATAATTAC,0
TGAATATCATTAAGTG,0
TGAATATCCTGCTGAC,0
TGAATATGCGCTTGTT,0
TGAATATTTCTAACAT,0
TGAATCAAGTCAATAG,0
TGAATCATGTCTAATA,0
TGAATCCATAAAACTA,0
TGAATCCCACAATGAA,0
TGAATCGAAGGAGATC,0
TGAATCGACTAAGGCT,0
TGAATCTGGAACCTCA,0
TGAATCTTTGCAGCAC,0
TGAATGAACTGCTAGA,0
TGAATGAAGGAAGACA,0
TGAATGACAAACATGA,0
TGAATGACATTACCCA,0
TGAATGATAGTGTGGT,0
TGAATGCCTTGCGGGC,0
TGAATGCGAATGAAAT,0
TGAATGCTAACGCAAA,0
TGAATGCTAGAAGTAA,0
TGAATGGGCCAACATC,0
TGAATGTAGGTGAGAA,0
TGAATGTATTAACCAC,0
TGAATTAAACTAATAC,0
TGAATTAAGAAGCAAA,0
TGAATTACATGTCGAC,0
TGAATTAGAATACGCT,0
TGAATTCACGCTAGCG,0
TGAATTCACTAGATAT,0
TGAATTCGGAGATCTG,0
TGAATTCTCTACTGTA,0
TGAATTGAACAGGAAA,0
TGAATTGTGCACATGC,0
TGAATTTAATGAGATG,0
TGAATTTCATGTCCTA,0
TGACAAAGAGTCAAAG,0
TGACAAAGTAACGGTA,0
TGACAAAGTCGCTGTA,0
TGACAAATATCATCGC,0
TGACAAATTCACTATA,0
TGACAAATTCATGCTT,0
TGACAACAATTGTAAC,0
TGACAACCGGAGCGAT,0
TGACAACTGGAACCTA,0
TGACAAGACAAACCCT,0
TGACAAGAGTAGAGGT,0
TGACACAAATCATTTG,0
TGACACAGATCTGTTT,0
TGACACCTGAACCTTA,0
TGACACTACTAAAGGA,0
TGACACTCAAAGCAGA,0
TGACACTCCGAAATAG,0
TGACACTGAGGGATTG,0
TGACAGCAATGGAAGT,0
TGACAGCTCTCTAAAA,0
TGACAGGTGACAAAGT,0
TGACAGGTGCATAGAA,0
TGACAGTGCATCAACC,0
TGACATACAGTAGATG,0
TGACATACGAGTGATG,0
TGACATCCTTAAAGGA,0
TGACATGACCTAAGAA,0
TGACATGATTTGATAT,0
TGACATGCAAAGCGCT,0
TGACATTTAAACTACA,0
TGACCAAGTATGCAGG,0
TGACCAATCACTATTA,0
TGACCACCAAAACGAC,0
TGACCACTTTCGTGGG,0
TGACCAGACGTAGGGA,0
TGACCATATTGATCGA,0
TGACCATCTACCGGTA,0
TGACCATGTTAAATTT,0
TGACCATTAGTTGCAA,0
TGACCCACTTCTAATG,0
TGACCCAGCCCCCAAT,0
TGACCCCAACCTTAGC,0
TGACCCCACGATTGAA,0
TGACCCCAGGCACAAA,0
TGACCCGATAGAATGC,0
TGACCGACAAACTTTT,0
TGACCGACACATAACA,0
TGACCGATGTCTGCAG,0
TGACCGTCCTTTAGAC,0
TGACCGTGGCGGACCC,0
TGACCGTTAAAATTAG,0
TGACCTAAATGCTCGT,0
TGACGAACAACGGAGC,0
TGACGACAACTGAATG,0
TGACGACGTGCATTCC,0
TGACGAGATAGTTAAA,0
TGACGATAAACACCAA,0
TGACGCCCATTTCCAT,0
TGACGCTAACAAATCG,0
TGACGCTATTAGCTTA,0
TGACGGTCACAGGACA,0
TGACGTAGCATGACGC,0
TGACGTCCAGATATGC,0
TGACGTTGCACATCTT,0
TGACGTTTCCATAACA,0
TGACTAAACAGATTCC,0
TGACTAAAGCGCAGGC,0
TGACTAAAGTCCTGAT,0
TGACTACGAAGACAAG,0
TGACTAGCTGCAACCC,0
TGACTCAAACTTTATT,0
TGACTCAAGTAAACAT,0
TGACTCCACCGAATTA,0
TGACTCCCACCCACAT,0
TGACTCCCGTAAGCTA,0
TGACTCCGAAATTTCG,0
TGACTCTACACTTAGA,0
TGACTCTGCCTTTTAA,0
TGACTCTTACCCAGCA,0
TGACTGAAGGACGGAG,0
TGACTGCATAACATCA,0
TGACTTACAACACACA,0
TGACTTAGAAAAACTA,0
TGACTTAGACGACCCT,0
TGACTTATTACAATCC,0
TGACTTATTGAGTTTC,0
TGACTTTAAGGGGATT,0
TGACTTTAGCGCACGA,0
TGACTTTCTTTTCGGA,0
TGACTTTTAAGGCAAT,0
TGAGAAAATGAAAATC,0
TGAGAAAGGGATCGAG,0
TGAGAACGGACATAAC,0
TGAGAAGTAGCTCAAA,0
TGAGAATAAGCCGATC,0
TGAGAATCCATGAAAA,0
TGAGAATTAAAACAAT,0
TGAGAATTATACTCAA,0
TGAGACATGTACAATA,0
TGAGACCCCACTCAAT,0
TGAGACCTGGACAACG,0
TGAGACCTTAACGATG,0
TGAGACGAAAGTGCGC,0
TGAGACGGCTTTAACC,0
TGAGACTGGTCGCTAA,0
TGAGAGATCCCCTTCC,0
TGAGAGTAGACCACTC,0
TGAGATACATGAATTT,0
TGAGATTAAGCTTGGG,0
TGAGATTACAACCGTT,0
TGAGATTACCAAGTTT,0
TGAGATTGTCATAAAC,0
TGAGCAACATTAATTC,0
TGAGCAACCCGGTATA,0
TGAGCAACTATTGCTA,0
TGAGCACAGATGTCTG,0
TGAGCACGCTCCTTAT,0
TGAGCAGTACCCAACA,0
TGAGCAGTTAAGGTCC,0
TGAGCAGTTTAGATAA,0
TGAGCATCAAATACCT,0
TGAGCATGAGTAACCT,0
TGAGCCAAAGCCCAAT,0
TGAGCCACCACACAAA,0
TGAGCCCAAAGGGATC,0
TGAGCGCCTAATAAGA,0
TGAGCGGTGATAAACA,0
TGAGCTACCACATATG,0
TGAGCTCGACCAGCCT,0
TGAGCTGCACAGACGT,0
TGAGCTTATACCAAAA,0
TGAGGAAGTGATAACG,0
TGAGGACCCAACTTGG,0
TGAGGAGATCTAGGAG,0
TGAGGAGGATTCCACC,0
TGAGGAGTGCTGACCA,0
TGAGGATAAATAAGAT,0
TGAGGATCCCATAAAT,0
TGAGGGACCCAGCGAC,0
TGAGGGGCTCATTTTT,0
TGAGGGTGTAATAATG,0
TGAGGTAAACAATCGA,0
TGAGGTCGACTTCAGC,0
TGAGGTCTTGCGGAAT,0
TGAGGTGATTACGACG,0
TGAGGTGGCACTACTC,0
TGAGGTTGAATGCATA,0
TGAGTAACAGTTCCGA,0
TGAGTAAGGAATAAAT,0
TGAGTACAATACCAAC,0
TGAGTATAGATATACA,0
TGAGTATTCACATACG,0
TGAGTCCATTAGCCCA,0
TGAGTCCGGATCCGCA,0
TGAGTCCTATACATTT,0
TGAGTCCTTACAAACT,0
TGAGTCTAATTATGTC,0
TGAGTGACACTCCCAG,0
TGAGTGTTTGGTGATA,0
TGAGTTAACACCCGGT,0
TGAGTTAATCTCGATT,0
TGAGTTCAGCAAAAAC,0
TGAGTTGTTACAAACG,0
TGAGTTTACCTTTCAG,0
TGAGTTTTTCAAGCTA,0
TGATAAAAGATATAGA,0
TGATAAACGAAGATAA,0
TGATAACAAAAACCAC,0
TGATAACAAAATAGGA,0
TGATAACAACACTGCG,0
TGATAACATACTAAAA,0
TGATAACATATAAACA,0
TGATAACCGTTAAAAA,0
TGATAAGAATGAAACA,0
TGATAATAGCCAATTA,0
TGATAATGAAGAAGGG,0
TGATAATGCCAGTTTA,0
TGATACACTATAAGGT,0
TGATACAGGTGGATTC,0
TGATACCGGTAACAGT,0
TGATACGGTGATACGG,0
TGATAGAATACAAGAC,0
TGATAGCGTATGACAG,0
TGATAGGGGTTTAAAA,0
TGATAGTACAACCAAA,0
TGATATAACGGCAATA,0
TGATATATACTCGCGT,0
TGATATATTAAATAAA,0
TGATATGAACAACCGC,0
TGATATGACCCAGCCG,0
TGATATTCAAGTAATT,0
TGATCAAATATTCGTT,0
TGATCAACGTGCAAAT,0
TGATCAATATAGTGTT,0
TGATCACCGTGGTTAC,0
TGATCACTAAGCACTA,0
TGATCCACAAGTGCAC,0
TGATCCATGAACTCAA,0
TGATCCCTACGCGAAT,0
TGATCCTATTGGTCAG,0
TGATCGAAGAAGATAC,0
TGATCGAAGGCCTCAC,0
TGATCGTTGTTCGCCC,0
TGATCTAATAATATTT,0
TGATCTAGAAATCCAA,0
TGATCTATGTATTAAC,0
TGATCTGGATTTAAGA,0
TGATCTGGTCCAATAC,0
TGATCTGTTGTAACTG,0
TGATCTTACATCGAAT,0
TGATGAAACAAACCAT,0
TGATGAATAACGGCAA,0
TGATGATGAAAACCCA,0
TGATGATGCATAAATG,0
TGATGATTCCAACAAA,0
TGATGCAAAAGAAATC,0
TGATGCATCCGGATAA,0
TGATGCATTTTCTAAT,0
TGATGCCAATTTCGCA,0
TGATGCTATATAAAAA,0
TGATGCTGTGCTACTA,0
TGATGCTTTAACACAG,0
TGATGCTTTGGTGTAA,0
TGATGGCATTGACTTG,0
TGATGTAGAATGAGAA,0
TGATGTATACTGGGTA,0
TGATGTCAACATCTGT,0
TGATGTGACTCAGGCA,0
TGATGTGGAGTACAGA,0
TGATGTTCAGCTGTCC,0
TGATGTTCATCTCTGG,0
TGATGTTGGAGCATAT,0
TGATGTTTATACAATT,0
TGATTAACCACTGGTG,0
TGATTAATAAAGGGTC,0
TGATTAATAAGGTTGT,0
TGATTAATCAAATTGC,0
TGATTAATTAATAGAA,0
TGATTACCGCGCCTTG,0
TGATTACGATAAACAA,0
TGATTACGATCGTCCA,0
TGATTAGCCTCCCTTT,0
TGATTATACCATATGA,0
TGATTATCTGAGGCCA,0
TGATTCAACTATCGTT,0
TGATTCAAGTTTCGAA,0
TGATTCCATACGATTT,0
TGATTCCCGTAGAACT,0
TGATTCGAAGAAGTAC,0
TGATTCGACCAAGACC,0
TGATTCGAGTATTGAC,0
TGATTCTCCGGGTGTC,0
TGATTCTGGAGGCCAA,0
TGATTCTGTGAGATTG,0
TGATTGCAATTCGTTA,0
TGATTGCTTGTCAAAC,0
TGATTGGAATTAGGAA,0
TGATTTGAAAACCCCC,0
TGATTTGACTACTAAC,0
TGATTTGCGTACCCGC,0
TGATTTTATGCTAACA,0
TGCAAAACAACGAAAC,0
TGCAAAACCAGACACC,0
TGCAAAACGTATCAGG,0
TGCAAAAGTAACTCAT,0
TGCAAAATTACGGACA,0
TGCAAACAAAAGGATA,0
TGCAAACATTAATCAT,0
TGCAAACGAATTACAG,0
TGCAAACTGTACGGCT,0
TGCAAACTTTAAATAA,0
TGCAAAGAAGAGCTTG,0
TGCAAAGAATATGAAA,0
TGCAAAGAATCATGAT,0
TGCAAAGCGCGACAGT,0
TGCAAATCAGTTTGCT,0
TGCAAATCCCATACCA,0
TGCAAATCGATGGGGC,0
TGCAAATTGCACTAAC,0
TGCAACATGCATCTCG,0
TGCAACGCATTTGGTT,0
TGCAACTCATCAACGT,0
TGCAAGGACCATTTTA,0
TGCAATACTGCAGGGA,0
TGCAATCATCTAAACT,0
TGCAATCTAACCGCTA,0
TGCAATCTACTGAGCC,0
TGCAATCTTATTGGCA,0
TGCAATGACCGAAAAA,0
TGCAATTCTTGTCAGC,0
TGCACAAAAAACATCG,0
TGCACAAACAAAATTG,0
TGCACAAATGGATTGC,0
TGCACACAAGCATAAC,0
TGCACACACACTTAGC,0
TGCACACTTCAAGGCG,0
TGCACAGAAACTTAGA,0
TGCACATTTTTTTCAG,0
TGCACCTAAAGACGCA,0
TGCACGAAACGAAGGA,0
TGCACGAGTAAAAACG,0
TGCACGGAGTTAATAG,0
TGCACGGCTTCGCGAC,0
TGCACTAAACAAACCA,0
TGCACTACAAGAGAAG,0
TGCACTATAAAATTAA,0
TGCACTATGGGGATTT,0
TGCACTGATCATAGAC,0
TGCACTTAAGCGCCCA,0
TGCAGATTAGAAAAAT,0
TGCAGATTCTACACAT,0
TGCAGCAATCAGCTCA,0
TGCAGCACCAACAGCT,0
TGCAGGACGTCGTAAA,0
TGCAGGCAAACTATAG,0
TGCAGGCTAAGTTAAA,0
TGCAGGTGGGAACTAC,0
TGCAGTACCGGTCGAA,0
TGCAGTGGGAACTATG,0
TGCAGTTGTGTGACCG,0
TGCATAAAAAGTAATA,0
TGCATAAAGGCTCTCT,0
TGCATAAAGTTGCGCC,0
TGCATACACAGACGAT,0
TGCATACAGCAGGTTC,0
TGCATACCCTAAACCT,0
TGCATAGCAGCTATAC,0
TGCATCCATATTAACG,0
TGCATCCTTACCTCAG,0
TGCATCGTGGTCAGAA,0
TGCATGCAGTATAACT,0
TGCATGGCATTTCTTT,0
TGCATGGGTCTAATAA,0
TGCATTATAGTTAAGA,0
TGCATTCCGATTGACT,0
TGCATTTACATACAAA,0
TGCATTTTAAGCAACA,0
TGCATTTTACAACGCT,0
TGCCAACGGCTAAAGT,0
TGCCAACTGGATTTAT,0
TGCCAAGCAGTTAAAT,0
TGCCAAGCGATAATAA,0
TGCCAAGTAGATAATA,0
TGCCAAGTCTGAAGTG,0
TGCCAATGCGATTACA,0
TGCCACGATTACAATC,0
TGCCACGGTTACTTAA,0
TGCCACTTTTTCAGCA,0
TGCCAGAAAATCCCCA,0
TGCCAGTCATACGCTG,0
TGCCATAGCTTCAAAG,0
TGCCATCTTCTCTATT,0
TGCCCATAACAGTGAC,0
TGCCCCAACAATGCCC,0
TGCCCCATCGATGAAC,0
TGCCCGAAGTAACCCC,0
TGCCCGGCAATGAGAA,0
TGCCCGGCCAATCAAT,0
TGCCCTAAGATTAAAT,0
TGCCCTTAGCACACAC,0
TGCCCTTTAAGTGATC,0
TGCCGACCGATTAGGT,0
TGCCGAGTAATTCCTT,0
TGCCGCATACCCACGT,0
TGCCGCTATAGCCTTG,0
TGCCGGCATAAGTATA,0
TGCCGGTATCTTAGCG,0
TGCCTAAACCTTAACA,0
TGCCTAAAGTCTGCAG,0
TGCCTATACCGTCAAA,0
TGCCTCAATAAAAACA,0
TGCCTTAGAAGAAAAA,0
TGCCTTGTACTCTAAA,0
TGCGAAACAAAACTAA,0
TGCGAAAGCAAGTCCC,0
TGCGAAAGCATAGAAC,0
TGCGAAAGTAAGTATG,0
TGCGAAATCGAAAAAG,0
TGCGAACTCTGATCGA,0
TGCGAAGATCTAGAAC,0
TGCGAAGTGCCAGCGA,0
TGCGACACGCAAACGA,0
TGCGACCCATAGTCAA,0
TGCGACCCCATAAAAA,0
TGCGACGATCCATATC,0
TGCGAGGTGAAGCCAC,0
TGCGATAAATTAATTA,0
TGCGATACACCCCCTT,0
TGCGATTGCCGGTTAG,0
TGCGCAACTCAAAGGA,0
TGCGCAATGGCTTGTT,0
TGCGCAGGATCATACA,0
TGCGCATACAAAGCTC,0
TGCGCATTAAAGCCAG,0
TGCGCCCGCTAGCGAA,0
TGCGCGATAATATTGA,0
TGCGCGCGAATTCACA,0
TGCGCGGTGTGACTGT,0
TGCGCTCACAAACAGG,0
TGCGGAACAGCCTGCC,0
TGCGGGTAAGGTCTCG,0
TGCGGTCATCTGTACC,0
TGCGGTGTCCCATAAC,0
TGCGTCAAGGACCGAC,0
TGCGTCCCTTAACAGA,0
TGCGTCGAGGAAAAAG,0
TGCGTCGGGACTAAAA,0
TGCGTCGGTTACCAGT,0
TGCGTTACCCACAATA,0
TGCGTTATCCTTAGAA,0
TGCGTTCGTTATCAAG,0
TGCGTTGAGCAAAAAA,0
TGCGTTGATGGCTCTA,0
TGCTAAAAAAAAACCT,0
TGCTAAAACACACAAA,0
TGCTAAATGCCAAACA,0
TGCTAAGATGCCTAAT,0
TGCTAAGCACGTAATA,0
TGCTAAGCTAGCATAG,0
TGCTAATTATCTTAGA,0
TGCTACAATTCCTTAC,0
TGCTACACTGTTTAAT,0
TGCTACAGAAGAATGA,0
TGCTACCTCCGTCTAA,0
TGCTACTCAATCATTA,0
TGCTACTCATAATAAC,0
TGCTAGAATGATAGCT,0
TGCTAGACACGATGGT,0
TGCTAGATACCCTCAG,0
TGCTAGCACTCGACAG,0
TGCTATAAAAGAGCTG,0
TGCTATACTGTTCCCC,0
TGCTATATAATGTAGC,0
TGCTATCAAAAACTCA,0
TGCTATTATCAGATGT,0
TGCTATTTAGACCCAC,0
TGCTCACAGCTACGAG,0
TGCTCAGGACCCCAAA,0
TGCTCATAATCAACAT,0
TGCTCCACCATCGTAA,0
TGCTCGCTATCAAGTT,0
TGCTCGTAGCACCGCA,0
TGCTCTTGGGCGCAAT,0
TGCTGAAAACAGTACA,0
TGCTGACAGACTAACT,0
TGCTGACCGAATGGTA,0
TGCTGACTAAAATGAT,0
TGCTGAGAAGATCATA,0
TGCTGATACGGATATC,0
TGCTGATGAGTAAACT,0
TGCTGCGTGTAATATC,0
TGCTGGAAGCTCTACA,0
TGCTGTGGCAGACTAA,0
TGCTGTTTCATACGTA,0
TGCTTAAAACGCTATG,0
TGCTTAAAATGTTAAT,0
TGCTTAATAAAGCATC,0
TGCTTACGTCAAGCAT,0
TGCTTAGGATGCTTCC,0
TGCTTCACTGGTTACA,0
TGCTTGAATTATTCTA,0
TGCTTGTAATTCATCT,0
TGCTTTTCAAATGAAT,0
TGGAAAACACTTAGAA,0
TGGAAAACTAACCTTA,0
TGGAAAAGCCTGGGAG,0
TGGAAAAGGCTAAAAA,0
TGGAAAAGGCTATAGA,0
TGGAAACAACATGTCA,0
TGGAAAGATTTTCTTG,0
TGGAAAGTATAAATCC,0
TGGAAATCTCTATGTT,0
TGGAAATGCAATACTT,0
TGGAAATGGCAATATT,0
TGGAAATTCATATCAC,0
TGGAACCCGACAACCC,0
TGGAACGGGGGCCGAG,0
TGGAACTATAATGTTC,0
TGGAACTGAGACGTGT,0
TGGAAGCCCAAACACA,0
TGGAAGTGTCAGAACC,0
TGGAATACCAGTGTCA,0
TGGAATAGTTCTACCT,0
TGGAATCTAAGCCAAA,0
TGGAATGTCCAAGAAG,0
TGGAATTAAATTTATA,0
TGGACAAGCATAGGCC,0
TGGACAATAAATTGCC,0
TGGACACCAAAAATAA,0
TGGACATATAACAGTA,0
TGGACCACAAACAACT,0
TGGACCATTACGCCAA,0
TGGACCCAATCTGTCT,0
TGGACCCAGCGTGTAC,0
TGGACCCTCCTACATA,0
TGGACCGCGTAGAAAA,0
TGGACTATCCCGCGTT,0
TGGAGATAATTTAGCC,0
TGGAGATATCAGAGCC,0
TGGAGATCACTCGTAT,0
TGGAGCAATTCAAGTC,0
TGGAGCCGGCATGAAA,0
TGGAGGAAAGATAATA,0
TGGAGGCCAACGGCTT,0
TGGAGGTAAATCGCGA,0
TGGAGTATAAAATCAC,0
TGGAGTATATTTCTGA,0
TGGAGTCCTCGTGTAT,0
TGGAGTGGTTCCAAAG,0
TGGAGTTGAAATAACG,0
TGGAGTTTTGCGGTGA,0
TGGATAACTCCGAGCG,0
TGGATAGACGACAACA,0
TGGATAGACTGACATA,0
TGGATAGTATGGTTTA,0
TGGATATAACAAGAGA,0
TGGATATACAACTGAG,0
TGGATATCATAGAATT,0
TGGATCAAGTCTTGAA,0
TGGATCAATTACAAAT,0
TGGATCATTCTTTCAA,0
TGGATCCACAAGAAAC,0
TGGATCCTAATAAACA,0
TGGATGATAATTGAAT,0
TGGATGCTAAATTATC,0
TGGATGTTCTGCCATC,0
TGGATTAAACGATTTA,0
TGGATTAACTTGTCGT,0
TGGATTAGCCAATGAA,0
TGGATTCACCTGCCAG,0
TGGATTCAGCATTTTC,0
TGGATTCTTCAAGTTG,0
TGGATTGTTCATTGAC,0
TGGCAAACTGACACAA,0
TGGCAACCCTTGTGTT,0
TGGCAACTAATCTAAA,0
TGGCAACTTTGAAAGG,0
TGGCAATACTCTGCTT,0
TGGCAATGATTAATAA,0
TGGCACAAGCAAAAAC,0
TGGCACGCATGTGGAG,0
TGGCAGACAATTAAAC,0
TGGCAGTAACAAACAA,0
TGGCATACAGCTAGAA,0
TGGCATAGCGGGACTT,0
TGGCATATGACAAGAT,0
TGGCATGCATAATACA,0
TGGCCACAGAAAGCAG,0
TGGCCACCGACTTAAC,0
TGGCCAGTTGATCGTA,0
TGGCCATCATACAATT,0
TGGCCCGTCTAGTACC,0
TGGCCGGGTCTGTTGA,0
TGGCCTTAAGCACGCA,0
TGGCCTTTGCGAATAC,0
TGGCGACCTGCGTTAT,0
TGGCGCTAACTTATCT,0
TGGCGGTACAAAGACG,0
TGGCTAAAAATAACTA,0
TGGCTAAATATGGAGA,0
TGGCTAGAAATCTATC,0
TGGCTCTTCGGGCCAA,0
TGGCTGACACCGAATC,0
TGGCTTAGTCACCGCA,0
TGGCTTGAAGACTATC,0
TGGCTTTAATTGACAG,0
TGGGAAATCGCACTGA,0
TGGGAACAAAGACGCA,0
TGGGAATAAAAAATTC,0
TGGGAATTCTATATGG,0
TGGGACAAAATATCAG,0
TGGGACGCCATAATTA,0
TGGGCAATTTTTATCT,0
TGGGCATCGACTTACA,0
TGGGCATCTAATTCAA,0
TGGGCCAAGACGAATC,0
TGGGCCTAATAGAGGC,0
TGGGCGACGGAACGGG,0
TGGGCTAGATGACTTT,0
TGGGCTATCCTCTGAT,0
TGGGCTTGATCACCTG,0
TGGGGAACCCTTAACC,0
TGGGGAGGGTACCAAA,0
TGGGGATAACCCGTAT,0
TGGGGATGTCACAAAA,0
TGGGGCATACTTTCTT,0
TGGGGCTAGTCCAAAA,0
TGGGTACCAGTCCTGT,0
TGGGTCCAAACAACCT,0
TGGGTCTTCTACACCT,0
TGGGTTACCAGGTACC,0
TGGGTTCGAGACCCAC,0
TGGGTTCTAACCCGAC,0
TGGGTTGCATGGGTAG,0
TGGTAAAACGACTTAT,0
TGGTAAAATCGGAACA,0
TGGTAAGAATTGGCGT,0
TGGTAATCAGACTTTA,0
TGGTAATTTCGCTACT,0
TGGTACAATAGAGTCA,0
TGGTACCATCCAGTTC,0
TGGTACCTCCAAATAA,0
TGGTACTAGAAGCATA,0
TGGTAGGAAATAACAA,0
TGGTATCACAAATCAA,0
TGGTATCGGGGCACAC,0
TGGTATCTGGGATATA,0
TGGTCAACAATATTAA,0
TGGTCCTTTTACATGC,0
TGGTCGAATCATATTC,0
TGGTCGCCCATCACTG,0
TGGTCGTACAGTGGAT,0
TGGTCTAATAATAGCC,0
TGGTCTAATACCAGAG,0
TGGTCTAGGTAATGCC,0
TGGTCTCGAAGAGCAT,0
TGGTGGAGTCGCCTCA,0
TGGTGGATTCTTCTTA,0
TGGTGTAGATAAGGCC,0
TGGTGTCCTAACCGGA,0
TGGTTAAATTGTGGAA,0
TGGTTAATTATCTAAA,0
TGGTTACTTATCGGAC,0
TGGTTAGCCATCCTCC,0
TGGTTAGGCTAAGACA,0
TGGTTCAACGAATTCT,0
TGGTTCACACCGGAAC,0
TGGTTCTGCCATTTGC,0
TGGTTCTGGATAACCG,0
TGGTTGAAAACAACAA,0
TGGTTTAAAGACTCAA,0
TGGTTTTAATTCAGTA,0
TGGTTTTCCGTAGCGA,0
TGTAAAACGAACCGTC,0
TGTAAAAGACATCGCT,0
TGTAAAAGCTCGATTA,0
TGTAAAGCCAAAAGAA,0
TGTAAATAAAACATAA,0
TGTAAATCAATATACT,0
TGTAAATTCTAACTAT,0
TGTAACAAGACCACAC,0
TGTAACACTAAGATGC,0
TGTAACCCCTACAACT,0
TGTAACCCGGGACGAT,0
TGTAACCGTTACATCA,0
TGTAACGTACAAGTAA,0
TGTAAGAATGACCAAC,0
TGTAAGTAAGTTTTTA,0
TGTAAGTAGAATAGTA,0
TGTAAGTCAGGAGGAA,0
TGTAATAGATATAATC,0
TGTAATATATAATAAA,0
TGTAATCGGAACCTAT,0
TGTAATGTAGGAAAAA,0
TGTAATTAGTTGTACT,0
TGTAATTTAACACGTA,0
TGTACACATTAAGGAA,0
TGTACAGCTGATAAGT,0
TGTACAGTAGTTCGGA,0
TGTACATAAAAGTTTT,0
TGTACATACTGTTGGT,0
TGTACCCACCGCACCA,0
TGTACCCCACAGATTA,0
TGTACCGAATTGATTA,0
TGTACCGATTCCATAT,0
TGTACGCTTTAAGATT,0
TGTACGGACAAAGCGA,0
TGTACTAAAAGTAAGG,0
TGTACTAGCAGTGAAG,0
TGTACTATCGTAAACG,0
TGTACTCAAATTTTAA,0
TGTAGAAATCATGAAT,0
TGTAGAAATGGCGTTG,0
TGTAGAACGCTGAGAG,0
TGTAGAATGCCTCTAC,0
TGTAGAGGCAGATTAT,0
TGTAGATCGAGATCGA,0
TGTAGCAATTTAGGAT,0
TGTAGCATATATGATA,0
TGTAGCCATTCCTCCA,0
TGTAGCCTGTATCCGG,0
TGTAGCTTTAGTCCAT,0
TGTAGGCAATTGGTGC,0
TGTAGGCATGGTAATT,0
TGTAGGTCACACTTTG,0
TGTAGGTCGAAATAAG,0
TGTAGTAATACTGAAC,0
TGTAGTAGTTTCCCGG,0
TGTAGTTCGTAGAATA,0
TGTAGTTTACGCGACC,0
TGTATAAATAAATCTA,0
TGTATAAGCCATACAA,0
TGTATACTATGAGTAC,0
TGTATACTCATCTAGG,0
TGTATAGGTGGTAGCA,0
TGTATAGTAGGAGGTA,0
TGTATAGTCGCTAGTC,0
TGTATATAGATTGGTG,0
TGTATATAGTTAATCA,0
TGTATATTCTTATTAT,0
TGTATCAGAAGATAAT,0
TGTATCATAAGTCGTA,0
TGTATCGACGCCTGCA,0
TGTATGAAACATACTC,0
TGTATGAATATAATTC,0
TGTATGACGTGCTCAG,0
TGTATGCAGAATCACT,0
TGTATGCCCGGCTAGC,0
TGTATGCCTTATACAT,0
TGTATTAGAAGCCGCT,0
TGTATTATAATCCTAA,0
TGTATTCAATACATCG,0
TGTATTGATTTATAAC,0
TGTCAAACAACGCTAA,0
TGTCAAACATTAAAAA,0
TGTCAAGCATTGAATA,0
TGTCAATAAATCACTA,0
TGTCACCGGCTAAATA,0
TGTCACGCATACAAAC,0
TGTCACTATATAGGAA,0
TGTCAGTAATCGGGTA,0
TGTCAGTCTAATGACG,0
TGTCAGTCTTACCACG,0
TGTCATAAAACTAACA,0
TGTCATAATATGGCCC,0
TGTCATCAAAAACAAA,0
TGTCATCAGATCGATT,0
TGTCATTAAAAGTTCA,0
TGTCATTATACGATTA,0
TGTCATTCGATAGAAC,0
TGTCATTGATAATGAC,0
TGTCATTTGACCAACC,0
TGTCATTTTTCTCCCT,0
TGTCCAATAACATACA,0
TGTCCAATATATGTAT,0
TGTCCAATCGCCCGCA,0
TGTCCACTAACAGGAA,0
TGTCCAGGCGTCTAGC,0
TGTCCATATGTGTAAC,0
TGTCCCCCAGCAAAGA,0
TGTCCCCGCTTACATG,0
TGTCCCCGTTATGTAA,0
TGTCCCGATACTGTTA,0
TGTCCCGATGCTAACG,0
TGTCCGAGACAAACTG,0
TGTCCGGATGTCCCAC,0
TGTCCTAGACCCCACT,0
TGTCCTCTATTAATCA,0
TGTCCTTCATTTACTA,0
TGTCGACGTTCGAATC,0
TGTCGAGCGTTGTTTA,0
TGTCGAGTTTCCTTGC,0
TGTCGCACTACGGTTA,0
TGTCGCCGAGTACATG,0
TGTCGGAGAGTAGGAA,0
TGTCGGTGCTTGAATA,0
TGTCGGTTTAAAGGGT,0
TGTCGTCATCTATGCA,0
TGTCTGGCCACGGTCA,0
TGTCTTCAATACGGTT,0
TGTCTTGCCCTTAAGA,0
TGTCTTGGACCGGTGC,0
TGTCTTTAGGAGCTTA,0
TGTGAAAAGTAGGTAT,0
TGTGAAACAGTATCCA,0
TGTGAAATAATATATC,0
TGTGAAATGGCCGACT,0
TGTGAACCAGCAGTGA,0
TGTGAACTTCACTTCA,0
TGTGAAGCATAATGAC,0
TGTGAAGTTGCCAGGG,0
TGTGAATCCCCGGATC,0
TGTGACATTCATAAGT,0
TGTGAGAAAACAAAGA,0
TGTGAGATATAATTAC,0
TGTGAGCCAAGATAGT,0
TGTGAGTTTTAAATTG,0
TGTGATACATGAAATC,0
TGTGATAGGTTAAACA,0
TGTGCCAAGCCCCATA,0
TGTGCCCGCAACCGGA,0
TGTGCCGTATCTTTAT,0
TGTGCCTAAGCCAAAC,0
TGTGCGTATCTGTAGT,0
TGTGCTACAGCGCCAA,0
TGTGCTGGCCAGGTAA,0
TGTGGAAAAAGTACCG,0
TGTGGACTAGAAAACA,0
TGTGGACTTTTAGTCG,0
TGTGGAGACAAATAAC,0
TGTGGATAAAAATATA,0
TGTGGCAGCCCGTGGT,0
TGTGGCCAATACAACT,0
TGTGGCGGGAGTAAAC,0
TGTGGGCCGCTTTCAA,0
TGTGGGGCGCAGCCCG,0
TGTGGTAAACCTAAGT,0
TGTGGTCTGATACTAC,0
TGTGTAAAAAGCAACT,0
TGTGTAATATATAAGC,0
TGTGTCATGGTATATA,0
TGTGTCGATGCGCACT,0
TGTGTGAACAGAAGAT,0
TGTGTTACATTTAGTT,0
TGTGTTCAATCATTCA,0
TGTGTTGAGATTCACT,0
TGTTAAAAATTCAGTG,0
TGTTAAATAAAAGACC,0
TGTTAACATGTACGGG,0
TGTTAACTGAGGTCGT,0
TGTTAAGATTTTGTAA,0
TGTTAAGGAAAGCGAC,0
TGTTAATCATCTTTAA,0
TGTTACATCCTACTGT,0
TGTTACGCATCCAGCC,0
TGTTACTATAGCTCTG,0
TGTTAGAACCTTTGGC,0
TGTTAGGAATAAAGTC,0
TGTTAGTCTACTGTCT,0
TGTTATATTAAATACC,0
TGTTATCACGGTATCC,0
TGTTATTTATTGTGTC,0
TGTTCACAAATAGATT,0
TGTTCATTGACAATTA,0
TGTTCCGCGTCCCGAG,0
TGTTCCGTGGACGACG,0
TGTTCCTAACTATACA,0
TGTTCCTGAGTATATC,0
TGTTCTAATACAACAC,0
TGTTCTACCTGTACAC,0
TGTTCTATCAGCCCTG,0
TGTTCTGGTACCATAA,0
TGTTCTTACAAACAAT,0
TGTTGAATCTATGGTT,0
TGTTGAGAAAACACGA,0
TGTTGAGAGTCCATGT,0
TGTTGATCAAACCGCT,0
TGTTGATCGGCTGATT,0
TGTTGCAATACAACGA,0
TGTTGCCGAACAAAGA,0
TGTTGCCGCAAGCAGC,0
TGTTGGAATAGTAGGA,0
TGTTGGAGCAATAAAA,0
TGTTGGGCACACGGCG,0
TGTTGGGGGTAGGATG,0
TGTTGTCACAAGGACT,0
TGTTTAACCACTACTC,0
TGTTTAAGGGCTATCA,0
TGTTTACAACCCTCTG,0
TGTTTACAGCTGTAAA,0
TGTTTACTCATGAAGA,0
TGTTTACTCTGAAACT,0
TGTTTAGAAGTGCCAG,0
TGTTTAGTCAATAATA,0
TGTTTCTTAGAATAAC,0
TGTTTCTTAGAATAAT,0
TGTTTGCAAAGGACCC,0
TGTTTTACGGGCCGTG,0
TGTTTTTAGGACATTC,0
TGTTTTTGTTATCTTA,0
TGTTTTTTCAATACCA,0
TTAAAAAAAACATCCG,0
TTAAAAAATAAAGTAA,0
TTAAAAAATGAACATA,0
TTAAAAATATCTTCGT,0
TTAAAACACAAGTTAA,0
TTAAAACCGGGGCCTA,0
TTAAAACTATGCGGAA,0
TTAAAAGAAGAACAAA,0
TTAAAAGGGGTAAAAG,0
TTAAAATACATATGCA,0
TTAAAATTAAAAATGC,0
TTAAAATTCTGATCGA,0
TTAAAATTGAAAACGC,0
TTAAAATTTGAATTCA,0
TTAAACAACATCAAGG,0
TTAAACACTATGGAAC,0
TTAAACAGATAATGTT,0
TTAAACAGTGTAAAAG,0
TTAAACATGAACATGC,0
TTAAACCAAAAGACTT,0
TTAAACCAAACGATGA,0
TTAAACCAACACCGAA,0
TTAAACCATATTCTTG,0
TTAAACCCTCTTTACT,0
TTAAACGACTCGAATA,0
TTAAACGATATAAGAC,0
TTAAACGTCAATTACA,0
TTAAACGTTCAAACTC,0
TTAAACTTAAACACAA,0
TTAAACTTTTGCCCAT,0
TTAAAGAGAGAACCGA,0
TTAAAGCAAACTGAGC,0
TTAAAGCCAAATCGAA,0
TTAAAGCGGGGCTACT,0
TTAAAGTAACCCAAGT,0
TTAAAGTGGATCATAA,0
TTAAAGTTCTTGATAG,0
TTAAAGTTGTTTCAGA,0
TTAAATAATTATGTGA,0
TTAAATAATTGTCACC,0
TTAAATAGCTATCACC,0
TTAAATATATGATCCT,0
TTAAATATGAACTGCA,0
TTAAATATTAGGCAAA,0
TTAAATCACCAAACCT,0
TTAAATCCGCTTTGAG,0
TTAAATCCTGAACTGC,0
TTAAATCGAGACTCCA,0
TTAAATGAGAGTTGCA,0
TTAAATGAGCGAAAGA,0
TTAAATGTAAACTACA,0
TTAAATTACAACGATT,0
TTAAATTATAAGGGTA,0
TTAAATTCATTTATAG,0
TTAAATTCCACCGTTG,0
TTAAATTGTTAGTATC,0
TTAACAAAAATGGTTG,0
TTAACAAAGTACAAAC,0
TTAACAAAGTATGACT,0
TTAACAAATAACACAA,0
TTAACAATAAAGCAAC,0
TTAACAATAGCCTCTA,0
TTAACAATGCTTAAAA,0
TTAACAATGTATGTCC,0
TTAACAATTGGTAATT,0
TTAACACTCCATGGGA,0
TTAACAGAATAGATGA,0
TTAACAGTAAACATAT,0
TTAACATATTGTCCAC,0
TTAACCAAGGAACAGA,0
TTAACCAAGGCTATGT,0
TTAACCACGAATGTAA,0
TTAACCAGTAAACGGA,0
TTAACCATCCACACTG,0
TTAACCCAAGCATTTA,0
TTAACCCCTTTGCATG,0
TTAACCGTAATAGTAA,0
TTAACCTAATTACCCT,0
TTAACCTCTTCCTTAG,0
TTAACCTGGAACCCAT,0
TTAACCTGGATTTAGC,0
TTAACGAGTCAACTTA,0
TTAACGCATTCATCAC,0
TTAACGCCGACAGTAA,0
TTAACGGCGGACTGCA,0
TTAACGTGAACTGCTT,0
TTAACTACATATGCAA,0
TTAACTACCACTTTCT,0
TTAACTACGACGACCG,0
TTAACTATATTACAAT,0
TTAACTATTCCTACCT,0
TTAACTGATTAGACAT,0
TTAACTGGGTATTCAA,0
TTAACTTAAACAAAGA,0
TTAAGAAATACCCTCT,0
TTAAGAAATCTACCAA,0
TTAAGAAATGCAGTTC,0
TTAAGAAGCCCCCACC,0
TTAAGAATGGTCAGAG,0
TTAAGAATTTAGAACT,0
TTAAGAATTTGAAAAT,0
TTAAGACGATAGACGT,0
TTAAGAGCATCCGCAC,0
TTAAGAGCTTCTACTT,0
TTAAGATACGCCATTG,0
TTAAGATTTTGGAGAC,0
TTAAGCACGGCAAAGT,0
TTAAGCACTTCCGAAT,0
TTAAGCCAAGAGAAAC,0
TTAAGCCGTTCCCTAC,0
TTAAGCCTACCTAACA,0
TTAAGCGGAGCGAATA,0
TTAAGCTACAAAGCAC,0
TTAAGCTTAGACAAAA,0
TTAAGGTCATGTACAT,0
TTAAGTAATATAGGCA,0
TTAAGTCCCGTCCGAT,0
TTAAGTGCCGAGAGAT,0
TTAAGTGCTCAAAAAC,0
TTAAGTGGACGTCCCT,0
TTAAGTTCCCCTGAAA,0
TTAATAAGCCGCCCTT,0
TTAATACAGCATAACA,0
TTAATACGAGAACACA,0
TTAATAGTGTATATAG,0
TTAATATACAAAAAGA,0
TTAATATACATCCTGG,0
TTAATATCAGTAATCG,0
TTAATCAAATAGAAAT,0
TTAATCAACTACCACA,0
TTAATCAATACCGAAA,0
TTAATCCTTGAGAACG,0
TTAATCTAACCTGCCT,0
TTAATCTACGTTTCAT,0
TTAATCTTAAATCGGA,0
TTAATGACCCGCTAAT,0
TTAATGAGGTTCTGTA,0
TTAATGATCCTGACCG,0
TTAATGATGATCACAG,0
TTAATGTTAGAGCAGA,0
TTAATTAACAAACCGA,0
TTAATTACCTTGGAAA,0
TTAATTATACCGGTCA,0
TTAATTCATCCTAATC,0
TTAATTCGATAAGCCT,0
TTAATTGCAGTTAGTA,0
TTAATTTAAAAAGCAA,0
TTAATTTACTATAAAA,0
TTAATTTATTCACAAT,0
TTAATTTTCGTGTTTA,0
TTACAAAATTAATAAG,0
TTACAAACAAATTATA,0
TTACAAACATGCTCAA,0
TTACAAACCCCGCAGG,0
TTACAAACTAATGCTA,0
TTACAAAGTATATAAC,0
TTACAAATCATAATTA,0
TTACAAATTCGTCCAA,0
TTACAACGAGACATTC,0
TTACAAGATTTAAACA,0
TTACAATAAGAGACGA,0
TTACAATTTATGCACC,0
TTACAATTTATTCCAG,0
TTACACAGACATGCAC,0
TTACACATATACATGT,0
TTACACATGAACGAGC,0
TTACACCAACGCTTAA,0
TTACACCTAGAAGCCA,0
TTACACTTGCCCTTTT,0
TTACAGAACCTTGCGC,0
TTACAGAATACGAACC,0
TTACAGACACTGACGA,0
TTACAGCACAGTTGTT,0
TTACAGCACGAAAGGT,0
TTACAGGTACTATTTT,0
TTACAGTAGACTAAAT,0
TTACAGTATAAACCAC,0
TTACAGTTAGCAGAGC,0
TTACAGTTTGTACAAA,0
TTACATAAACACCCTG,0
TTACATAACTATATAT,0
TTACATACATGAAAGG,0
TTACATAGCGATATAT,0
TTACATATGTCAACCA,0
TTACATCCAAACGCAA,0
TTACATCGCCTGTACA,0
TTACATCGGGTCCCCA,0
TTACATCTATTTTAAA,0
TTACATCTCGATTACA,0
TTACATGAACCAATAT,0
TTACATTCCGGATCTT,0
TTACCAAAGAAACACG,0
TTACCAACACGATAGC,0
TTACCAAGAAATTTAG,0
TTACCAAGGGGCCGTT,0
TTACCAGCTATAAATA,0
TTACCATAGGAGCACG,0
TTACCCGATTGAGCAT,0
TTACCCTTTTTAAGAC,0
TTACCGAAGACCTAAC,0
TTACCGACCCCAAGAC,0
TTACCGAGTACTATGT,0
TTACCGCAAACGGTTA,0
TTACCTAACCAGCCTT,0
TTACCTCCAAAGTGTA,0
TTACCTTTGAGCACAG,0
TTACCTTTGCACCACG,0
TTACGAAACAATAGAA,0
TTACGAAAGTACATAG,0
TTACGAAGACTCCTGA,0
TTACGAATAAAGTGCC,0
TTACGAATCATACGAA,0
TTACGACAGTTGGTTT,0
TTACGACCCAAGAAAA,0
TTACGACTGATGAAGA,0
TTACGATAGTAGAGAT,0
TTACGCCACTCGCACA,0
TTACGCGAAAAAACCA,0
TTACGCTAAGACACTC,0
TTACGCTTCGCTTTAT,0
TTACGGAAAAATGCTG,0
TTACGGTCCATCTAAT,0
TTACGGTGCACGCAAT,0
TTACGTAGCTAGGGTG,0
TTACGTCCTAACACGT,0
TTACGTGAAATTGAGC,0
TTACGTGCCTATACCT,0
TTACTAAAGGAACTTA,0
TTACTACCAGCTAACA,0
TTACTACCTTTAGTCT,0
TTACTACTGCACAAAC,0
TTACTAGTTTTATTAT,0
TTACTATACCGAGCAA,0
TTACTATCGAAGAAAC,0
TTACTATCGGTTAAGC,0
TTACTCAATGAAAAAC,0
TTACTCATGGTCTTGA,0
TTACTCCTCAGCTCTC,0
TTACTCGTATGTCTAT,0
TTACTCGTCTTTTAAT,0
TTACTCTCACATCTCA,0
TTACTCTTCTATCAGG,0
TTACTGAATTCCAATT,0
TTACTGATCTAAAATG,0
TTACTGGCTATTATTA,0
TTACTTTATAAGCTCC,0
TTACTTTTCTGAATCG,0
TTACTTTTGGGTCCAT,0
TTAGAAAATTTGTGTA,0
TTAGAAACGACTACCA,0
TTAGAAAGACACCAAG,0
TTAGAAATAAAGCGGG,0
TTAGAAATAAGAGAAT,0
TTAGAACAACTGTCTA,0
TTAGAACATAAGTATC,0
TTAGAACGTACCTAAA,0
TTAGAACGTATTGAAC,0
TTAGAACTCAAAATCC,0
TTAGAACTCCTTTAAA,0
TTAGAACTTAATGGAC,0
TTAGAAGCAAAAAGAT,0
TTAGAATAGCAGAAAA,0
TTAGAATAGCCCAACT,0
TTAGACAAATCAATAC,0
TTAGACACAACTTACA,0
TTAGACAGTGCCATAC,0
TTAGACCACCACCAGT,0
TTAGACCCTAACCAGC,0
TTAGACCGAACGAACA,0
TTAGACGCTTAGTAGT,0
TTAGAGCGTACTGCCT,0
TTAGAGTCTGATAACG,0
TTAGATAAAATGGCGC,0
TTAGATACCCTCTATT,0
TTAGATAGTCAAAGCG,0
TTAGATGGAAATGTTT,0
TTAGATGTGGTGCCAA,0
TTAGATTTGTAAAGAA,0
TTAGCAAACCTATCAT,0
TTAGCAAAGTAATCGA,0
TTAGCAAGCAACTAAG,0
TTAGCACAATCAAGGA,0
TTAGCACATCGGGTCG,0
TTAGCACCTACTACAA,0
TTAGCACGTTTACCCA,0
TTAGCACTAAATCATC,0
TTAGCACTCTTATCTG,0
TTAGCAGGAGTGTTAC,0
TTAGCAGTCTACAAGA,0
TTAGCATCCTAACAGA,0
TTAGCATGCAACGGAC,0
TTAGCATTAACTAGAT,0
TTAGCCCAGTACATAA,0
TTAGCCCATTTTAGCG,0
TTAGCCCGCTCAAAGT,0
TTAGCCGAAACTTTAC,0
TTAGCCGTAATCCATA,0
TTAGCCGTCCTTCCCG,0
TTAGCGAAAAGAATAA,0
TTAGCGCCAAAAAACA,0
TTAGCGCCCAAAGACG,0
TTAGCGGCATTAACAG,0
TTAGCTGATTGAACTG,0
TTAGCTGGTGATAACT,0
TTAGCTGTCAATGATA,0
TTAGCTTATTACACGG,0
TTAGCTTCAATAATGA,0
TTAGGAAACCGCAACT,0
TTAGGAAAGTTCAGAA,0
TTAGGACAAACCAAAT,0
TTAGGAGAACAATAAT,0
TTAGGCACTTTCATAT,0
TTAGGCATTTGAACAA,0
TTAGGCCCCATCAAGT,0
TTAGGCTGCGTAGACT,0
TTAGGCTTACGTGCAA,0
TTAGGGACTATGTATG,0
TTAGGGCCAAGGCGCA,0
TTAGGGTGAACACTCA,0
TTAGGTAACTCACCAA,0
TTAGGTAAGCTAGTGT,0
TTAGGTACAACCTTGA,0
TTAGGTACCGTCTGCA,0
TTAGTAACGAATCACA,0
TTAGTACAAATGTACC,0
TTAGTAGAAGTCCATA,0
TTAGTAGCATACTTAA,0
TTAGTAGGCGATATTG,0
TTAGTATACCACTATA,0
TTAGTCAAAAAGAAGA,0
TTAGTCGAATCACGGG,0
TTAGTCGTAGACAAAC,0
TTAGTGATGAATAGAC,0
TTAGTGCATTTACAGC,0
TTAGTGGCCGTTTGTC,0
TTAGTGTAAATTTCAC,0
TTAGTGTATTTGTCGT,0
TTAGTGTCCGCAAAAA,0
TTAGTTATCTACAGCG,0
TTAGTTCAAACAAAAC,0
TTAGTTCGCGAGAATC,0
TTAGTTTCCTCCTTAA,0
TTAGTTTGCGGCTCGG,0
TTAGTTTTGGGCAGGA,0
TTATAAAAACGCGGTT,0
TTATAAAACATAATAA,0
TTATAAAAGCCATTAT,0
TTATAAACAAGCTCCG,0
TTATAAAGAAAACCCT,0
TTATAACAACTAAAAA,0
TTATAACTGGCACAAA,0
TTATAAGAGAATTTCA,0
TTATAAGCTACAGTGC,0
TTATAATAGAAGAGAG,0
TTATAATCACAATCAC,0
TTATAATCACATGACC,0
TTATAATGAACGACTA,0
TTATACAAATCCACAA,0
TTATACAACATAATCG,0
TTATACACTTACTCTA,0
TTATACATTATAAATT,0
TTATACCATGAGTTTC,0
TTATACCTAGAAAAAA,0
TTATACCTTCTAGTCG,0
TTATACGAAACGTTGA,0
TTATACGAAGAGTAAA,0
TTATACGGTACACTGG,0
TTATACGTACAAGAAA,0
TTATACTACCATACCA,0
TTATACTATCGCAATT,0
TTATAGAAACGTGTGT,0
TTATAGATATTAATAT,0
TTATAGCAACGGGTTC,0
TTATAGCACAAATACA,0
TTATAGCGGACGATAA,0
TTATAGCGTCCGCGCG,0
TTATAGGAAAGGGTAT,0
TTATAGTATTTACATT,0
TTATAGTCATTATCAC,0
TTATAGTTAACTTAGA,0
TTATATACTATGTCAA,0
TTATATAGACCTATAT,0
TTATATCAGAATCAGA,0
TTATATTTGGACATTG,0
TTATCACCATTATGTA,0
TTATCACTTGACACAT,0
TTATCAGAAAATGAAG,0
TTATCAGACCATCTGA,0
TTATCAGCTCATTTGC,0
TTATCCCCCACATAGC,0
TTATCCCTCGAGTTAC,0
TTATCCCTGCTGGGTC,0
TTATCCGGTTCGATAT,0
TTATCCTAGTATGCTA,0
TTATCCTATTAACCTT,0
TTATCCTCTTCCTGTC,0
TTATCGAACGTTGACA,0
TTATCGCAAAACCTTT,0
TTATCGTACCTTAACG,0
TTATCTGAGAAAGATA,0
TTATCTGCGAGAAAAC,0
TTATCTTAATGGACGT,0
TTATCTTCTCTTTATA,0
TTATCTTGATGCCACG,0
TTATGAAAAAGGGACA,0
TTATGAAAAGTTACAA,0
TTATGAAAGTAAAGTA,0
TTATGACCACAAAGAG,0
TTATGACCGGATCATT,0
TTATGATGAATGTCCT,0
TTATGATGGCTCTCAA,0
TTATGATTAATAGAGA,0
TTATGATTGTATAAAT,0
TTATGCGTTAATTCCT,0
TTATGCTAAATAACAA,0
TTATGGAACCACTCTA,0
TTATGGATAGGAACCC,0
TTATGGCAGAAATCCA,0
TTATGTACCGCACGCG,0
TTATGTACTATATTTG,0
TTATGTGAACTATCTG,0
TTATGTGGGACGATAT,0
TTATGTTTACACACCC,0
TTATTAAATAACATCT,0
TTATTAAATGGCATCA,0
TTATTAAGAAAAGGAG,0
TTATTACACCGCTAAC,0
TTATTACCAGTAGTAA,0
TTATTACCGCAACTAT,0
TTATTAGACCGGACAT,0
TTATTAGGAGGTTTTA,0
TTATTATAGGACTGGG,0
TTATTATAGTTATAAA,0
TTATTCAATTGCACAA,0
TTATTCATTATATGAT,0
TTATTCCTCTCAAAAA,0
TTATTCGATCGAGAGA,0
TTATTCTAGATAGACC,0
TTATTCTTCAAGGTGG,0
TTATTGACCAACACAG,0
TTATTGGTCCCAATAA,0
TTATTGTATTTAAACA,0
TTATTGTCACGAAGAC,0
TTATTGTGCGCCAACT,0
TTATTTAAATGTGATC,0
TTATTTACTAGCAACT,0
TTATTTACTTCAAACA,0
TTATTTATAAGTGATC,0
TTATTTCAAGGGATAG,0
TTATTTCCTCCTTTTT,0
TTATTTGAGCGAACCT,0
TTATTTGGATGGATAG,0
TTATTTTATACCGGAA,0
TTATTTTTAACCTAAT,0
TTCAAAAACAAAAGAA,0
TTCAAAAATATTAGCC,0
TTCAAAACACAACGCC,0
TTCAAAACTACTGGTA,0
TTCAAAAGTATCGCTG,0
TTCAAACAATTAAGTC,0
TTCAAACCAACTACAG,0
TTCAAACCATACTGTA,0
TTCAAAGATTCCATCT,0
TTCAAATCCATGTTCT,0
TTCAACAACTAAGCCC,0
TTCAACAATAAAACTA,0
TTCAACAGAACATGGT,0
TTCAACATTTCTTCGG,0
TTCAACCATTAAACAT,0
TTCAACTCAAACCAGA,0
TTCAACTCACGGGTTA,0
TTCAAGACTGATGATA,0
TTCAAGGCCTAAACCC,0
TTCAAGTAAATACGTT,0
TTCAAGTCATGGCATG,0
TTCAAGTGAGCTAGAG,0
TTCAATAACGTGAACG,0
TTCAATAGGCATAACT,0
TTCAATATAACACAGG,0
TTCAATCTATCTCCTG,0
TTCAATGAAAATATTC,0
TTCAATTAGTGAATTG,0
TTCAATTGTAAGGCTT,0
TTCAATTGTTTACAAT,0
TTCAATTTTCCGCCTC,0
TTCACAAAATAAAATC,0
TTCACATAAATCGATA,0
TTCACATATTCTTTGA,0
TTCACCAAGTCAATCA,0
TTCACCACCATAAGGA,0
TTCACCGGTATCCACT,0
TTCACCTAGCTGATGG,0
TTCACGTGAATACAAA,0
TTCACTAGAACCTATC,0
TTCACTCAAAGCCCCA,0
TTCACTCATAATGATG,0
TTCACTCATGCTTAAA,0
TTCACTCGATGCCTAA,0
TTCACTGAACTATTTA,0
TTCACTTCAAAGTTTT,0
TTCACTTGTTCTAGCA,0
TTCAGAAACATACAGC,0
TTCAGAGATGTAATAA,0
TTCAGATACAGTAAAA,0
TTCAGATTGAATTTTA,0
TTCAGCACTTGTATCT,0
TTCAGCAGTCAAATGA,0
TTCAGCCCACCAAAAC,0
TTCAGCTAAACCACAA,0
TTCAGCTGACTACATA,0
TTCAGGCATGGAGCAG,0
TTCAGGCTAAAATGAA,0
TTCAGGGAGGGAACAA,0
TTCAGGTCTACTCAGT,0
TTCAGTACACCAGAAT,0
TTCAGTCGATGCAAAT,0
TTCAGTCGGCCCTTAT,0
TTCATAAAATGCGTAA,0
TTCATAAACTGCCAGA,0
TTCATACACGCAGCTT,0
TTCATACTTACTATCC,0
TTCATACTTTTAATGT,0
TTCATATTATACATCA,0
TTCATCACGGTTAGTC,0
TTCATCCTTATTTCAG,0
TTCATCTATAACATAA,0
TTCATCTCAGCCGAAA,0
TTCATTACCAAGTTTA,0
TTCATTCAACGTGTCA,0
TTCATTGAATAGACAG,0
TTCATTTAATAACCAC,0
TTCATTTGCGAACTTC,0
TTCCAAAAGTTTGTCG,0
TTCCAAAATCCTGTAC,0
TTCCAACATAACGAGA,0
TTCCAACTAGCAGAAA,0
TTCCAACTATCAAAGA,0
TTCCAATCATGAGCCG,0
TTCCAATTAACCTTAT,0
TTCCAATTACCCAGTC,0
TTCCAGAATATCTTAA,0
TTCCAGCATGAAACAA,0
TTCCAGCATGATACAA,0
TTCCAGGAAAACCCGA,0
TTCCAGGGCAACAATG,0
TTCCAGTAAGTTAATC,0
TTCCAGTTCCCCTTAG,0
TTCCATACAGTACATT,0
TTCCATACCTCTTTCT,0
TTCCATCGGATCCGCC,0
TTCCATCTAGCTACTC,0
TTCCATCTCTTACAAA,0
TTCCATCTGCATGGAA,0
TTCCATTATAATAGGC,0
TTCCATTATCATCGTG,0
TTCCATTGTGAAGCTT,0
TTCCCAAAGATTTACT,0
TTCCCAACATGGGATT,0
TTCCCAATCAGGCTAA,0
TTCCCACGAAACAACG,0
TTCCCACTATGTAAAA,0
TTCCCAGATGAGGCGT,0
TTCCCAGCAAACCTAA,0
TTCCCAGCACAGTAGA,0
TTCCCAGCCTTTGTCC,0
TTCCCATTAATTCGCG,0
TTCCCCACAATAATTA,0
TTCCCGAAGCCTTAAT,0
TTCCCGAAGGGAGCCG,0
TTCCCTATACGACGGA,0
TTCCCTGATTTCAAAG,0
TTCCCTTATACAAGAA,0
TTCCCTTTTGATACCG,0
TTCCGAAAGCAGCATT,0
TTCCGAACAAGGGATG,0
TTCCGAAGGGAGTGGA,0
TTCCGAATTTGCATCC,0
TTCCGACTTAAAATAG,0
TTCCGATTAACTTAAG,0
TTCCGCACCTCTTCAG,0
TTCCGCATCATTTGCG,0
TTCCGCCACACAGATA,0
TTCCGGAGTCGTGCTA,0
TTCCGTATCCATTCGA,0
TTCCTAAAAATCGTTA,0
TTCCTAGAAATACATC,0
TTCCTAGATTGTAAAT,0
TTCCTAGGTATTACAG,0
TTCCTATAAGAAACAA,0
TTCCTATACCAGGTCT,0
TTCCTATCACACGCTT,0
TTCCTATCTAGAAACA,0
TTCCTCCTGATTTGGA,0
TTCCTCTCAGATAGCA,0
TTCCTGATATACATAT,0
TTCCTGCCAGGCCAAC,0
TTCCTGGGTGATACTA,0
TTCCTGTAAGCTCATA,0
TTCCTTCAGACATCCC,0
TTCCTTCATGCATACG,0
TTCCTTCGACACGTAC,0
TTCCTTGAAACACTAA,0
TTCGAAAGCTACCCCC,0
TTCGAAAGGGGGATAG,0
TTCGAACCAGACGACA,0
TTCGAACCCGACAGCA,0
TTCGAACGAGAAATGA,0
TTCGAAGACGTTAAAC,0
TTCGAATTATTAGCGC,0
TTCGACAACTGCAATT,0
TTCGACCGACTCTAAT,0
TTCGACCGAGTCATTG,0
TTCGACGCTAAAATTT,0
TTCGAGAGAAGAGCAC,0
TTCGATCTCGATTGCT,0
TTCGATGGCCGCGCGT,0
TTCGATGTATGTTCCA,0
TTCGATTATGTAGTGT,0
TTCGCAAATTGCGCAC,0
TTCGCAACAAGAAGCT,0
TTCGCAACGTGTAACC,0
TTCGCAATACGCTTTC,0
TTCGCACATATGGAGC,0
TTCGCAGGTAACCAGA,0
TTCGCATAATTACTTC,0
TTCGCATTCAACCTGG,0
TTCGCCAATTATTCTC,0
TTCGCTCGTAGGCAGT,0
TTCGCTCTTAGATCCA,0
TTCGCTGCCAAGCACA,0
TTCGCTGTCTACGGAC,0
TTCGCTTATAAATTGA,0
TTCGCTTCTATTTGGT,0
TTCGGAAAAAAATCCC,0
TTCGGACATGAGATTC,0
TTCGGACTGCAAGCTC,0
TTCGGATGCCCGAAGA,0
TTCGGATTGCGACCTA,0
TTCGGCCAAGGTCCGG,0
TTCGGCCAATTCAATC,0
TTCGGCGGGAGAAAAC,0
TTCGGCGTCCAATGCG,0
TTCGGGAAAAAGTAGA,0
TTCGGGAAAGCTATAA,0
TTCGGTACCTAAAGCA,0
TTCGGTAGTATGAATA,0
TTCGGTATCTATCTAG,0
TTCGGTGATCCTAAGT,0
TTCGGTTACACAATCC,0
TTCGTAACTTTAAGAT,0
TTCGTATCAATCCGGG,0
TTCGTATGACACCCCC,0
TTCGTATGATAGAAGA,0
TTCGTGCCACAAGCTA,0
TTCGTGGTTCTTTGAA,0
TTCGTTAACCCATAAT,0
TTCGTTCAGTGTAGTG,0
TTCTAAAAAAACAAGG,0
TTCTAAAAAATTCAAC,0
TTCTAAAAAGTTGGCT,0
TTCTAAATAGTCCTCC,0
TTCTAACGACTATATT,0
TTCTAACTACGCGTAG,0
TTCTAACTCCACCAAA,0
TTCTAACTTACAGAAT,0
TTCTAAGGTAAAATAG,0
TTCTAAGTTTTGAAAA,0
TTCTAATCACCACAAA,0
TTCTACACCCAGGAAC,0
TTCTACAGCTGCCAGG,0
TTCTACCGAAAAATTA,0
TTCTACGTAAGAACAT,0
TTCTACTGAACGAACT,0
TTCTAGAATATGCCAT,0
TTCTAGCTGTATCTTT,0
TTCTAGTGAATAAAAT,0
TTCTATCGTGCAAACG,0
TTCTATGCGATATAGG,0
TTCTATGCTAAAAGGA,0
TTCTATTAACATACAA,0
TTCTATTCACCTTATA,0
TTCTCAACAAACTTAA,0
TTCTCACAGTAGGTAC,0
TTCTCAGTATTAATGA,0
TTCTCAGTCCATGATA,0
TTCTCATCAAACGATA,0
TTCTCCAGATTAGCAT,0
TTCTCCCCCGATTATA,0
TTCTCCCCTTGAACAG,0
TTCTCCGCTATTCACT,0
TTCTCGTTAATAGATC,0
TTCTCTAAAAAATAAA,0
TTCTCTTCGTCGGGGA,0
TTCTGACACAGTTTAA,0
TTCTGACACTATGAAA,0
TTCTGACTCACGCTCA,0
TTCTGAGATCATGTGG,0
TTCTGATACCGAACTA,0
TTCTGCAGTACGAGCG,0
TTCTGCCCCCCGCAAT,0
TTCTGCCCGCCCCATT,0
TTCTGCCTTAATGCAG,0
TTCTGCGATTACTAAA,0
TTCTGCTATCATATAA,0
TTCTGGGGTTTTGAGA,0
TTCTGTACTCGATGTT,0
TTCTGTAGATGATGCA,0
TTCTGTCAGAGTACGG,0
TTCTGTTTTGTAGTAA,0
TTCTTAAGCTCAATCT,0
TTCTTAAGGGTAACAC,0
TTCTTACAACCCTAAA,0
TTCTTAGCTTCAACAC,0
TTCTTAGGAAACCCGC,0
TTCTTAGTAACATTAG,0
TTCTTATGCTACAACG,0
TTCTTATTGCGGTAGG,0
TTCTTCATCACAGGTC,0
TTCTTCATTCACATAG,0
TTCTTCGTCACACGAC,0
TTCTTGAAGCGGCATA,0
TTCTTGGAAAAAAGCT,0
TTCTTGTAATTCTGGA,0
TTCTTTAAACCCTACA,0
TTCTTTACGCACTGCT,0
TTCTTTGCCTGATAAC,0
TTGAAAAATAACTAAC,0
TTGAAAAATATTCCTT,0
TTGAAAACTCACAGAA,0
TTGAAAAGCTCTCCCA,0
TTGAAACACATTGAAA,0
TTGAAACGAACAAGAT,0
TTGAAACGAGGATATG,0
TTGAAACGCGAACAGT,0
TTGAAACGTTGATGGA,0
TTGAAAGAATGCGAAA,0
TTGAAATAAAGATATA,0
TTGAAATAACCGTGAA,0
TTGAAATAATTATACA,0
TTGAAATAGCTAAAGT,0
TTGAAATATGAGTACC,0
TTGAAATATTTATGAA,0
TTGAAATCGAGAATTC,0
TTGAAATGCATACCAG,0
TTGAACAACAATAATA,0
TTGAACAAGGGAGCCG,0
TTGAACACATTACCAA,0
TTGAACAGCGAGCCAT,0
TTGAACAGCTTCGCAC,0
TTGAAGCATGAACCGG,0
TTGAATAATCTCACAT,0
TTGAATACAATTAAAT,0
TTGAATCAACGTCGGA,0
TTGAATGAGTTGATTA,0
TTGAATTAGGCCACGG,0
TTGAATTGAGCTAATA,0
TTGAATTTTGTTAGTA,0
TTGACAATAAGCTATA,0
TTGACACAAAGGTGAT,0
TTGACATAACAGACAG,0
TTGACATAGGTTATAT,0
TTGACCCATCTAAATC,0
TTGACCGACGCCATTC,0
TTGACCTTATAACTGG,0
TTGACGAAAAAAACGA,0
TTGACGAGACTCCTAA,0
TTGACGCAAAAACCTA,0
TTGACGGGTCTAGTTT,0
TTGACGTTGAGTTTAA,0
TTGACTAAAACAGTTC,0
TTGACTAAAATACTAA,0
TTGACTGAAAAAACAT,0
TTGACTGATACAGAAG,0
TTGACTGTAATAGTTC,0
TTGACTTAAAAAATAA,0
TTGACTTATCCAACAG,0
TTGAGACGACTAAAGA,0
TTGAGACGCGAAAACA,0
TTGAGACTCTCTACAG,0
TTGAGCGAAAAAAACA,0
TTGAGCGTGGGTATCT,0
TTGAGGGTATGAACCA,0
TTGAGTAGAATCCGTC,0
TTGAGTGAAGATAACG,0
TTGATAAAAGTGATCA,0
TTGATAAACAGTCAGA,0
TTGATAAAGGGGGTCT,0
TTGATAATAACCGTTT,0
TTGATAATATAAATAT,0
TTGATACAAGAGCGAA,0
TTGATACACTTCAATA,0
TTGATACAGGAGAGAA,0
TTGATACGAACAGAAA,0
TTGATATACCGTAGCC,0
TTGATATCGGTCTCAG,0
TTGATCACCCTAACCG,0
TTGATCATTGCACACT,0
TTGATCCATTGATACG,0
TTGATCCTACCCAAGC,0
TTGATCTGGATTCAGT,0
TTGATGCGACTCTTAA,0
TTGATGTCATGGAAAA,0
TTGATGTTAACACTAA,0
TTGATTAACAAAGTAA,0
TTGATTAGCTTTCAGG,0
TTGATTCAAACCAGTG,0
TTGATTGGCATCAAAT,0
TTGATTGGCATGTCAC,0
TTGATTTAAGACAGAT,0
TTGCAAAATAAAACCA,0
TTGCAAGAAAAGCCTG,0
TTGCAATAGATTAGAG,0
TTGCAATCAGGAGAGC,0
TTGCACCACGAGGATT,0
TTGCACCTAGTACACA,0
TTGCACCTGCAGTCAA,0
TTGCACGGACCGAACC,0
TTGCAGACATGCAACT,0
TTGCAGTTGCGAATCT,0
TTGCATCAAATCAGAA,0
TTGCATCAGGACTGAT,0
TTGCATGAACTAATTT,0
TTGCATGACATCCCTT,0
TTGCATTTCAAAAATA,0
TTGCCAATACTGAATA,0
TTGCCACTATAACAAT,0
TTGCCAGGAATGAAAG,0
TTGCCATATTTGACAC,0
TTGCCCACTTTAATGA,0
TTGCCCCAATGAGTAC,0
TTGCCCCATTGACAAG,0
TTGCCCCGTAGAAATA,0
TTGCCCTTAAATAGAT,0
TTGCCGAAATAACATT,0
TTGCCGATTAATAGAA,0
TTGCCGGTCATATCAA,0
TTGCCGTAGTACACGT,0
TTGCCGTTATCGTGAC,0
TTGCCTATATTCCTAT,0
TTGCCTCAAAATCATC,0
TTGCGCAAAAACAAAG,0
TTGCGTAATATGTGCA,0
TTGCGTCTTGCCAGCA,0
TTGCGTTAGAAGTTTA,0
TTGCTAAAAATGCTGA,0
TTGCTAGCTATGCAGT,0
TTGCTCAAACACCCCC,0
TTGCTCTGGGAGGGTC,0
TTGCTGAATATCCTTG,0
TTGCTGACAAATACGA,0
TTGCTGAGATGTATAG,0
TTGCTGAGCTGTAGAT,0
TTGCTGCAAAAATGAA,0
TTGCTTGGATGATTCA,0
TTGCTTTCACGACATC,0
TTGCTTTTTTAATCTG,0
TTGGAAACAAGCGACA,0
TTGGAAATGATGTCAT,0
TTGGAAATGTCAATTA,0
TTGGAACTAAGCCGCG,0
TTGGAAGTAAACAACT,0
TTGGACACAATACCTC,0
TTGGACGATACTCCAA,0
TTGGACGATGGGACGT,0
TTGGACTATGTTGTGA,0
TTGGACTCTGCATGGC,0
TTGGATAGACACCAAT,0
TTGGATATATACTACA,0
TTGGATCACGTCCTGA,0
TTGGATGCATTTTAAA,0
TTGGCAAAATGAGCTA,0
TTGGCACACTTTGTGA,0
TTGGCACCGAACCGGA,0
TTGGCAGACACGTACA,0
TTGGCAGCGAAAATTA,0
TTGGCATAATCTGACA,0
TTGGCATATTAGTCCT,0
TTGGCCACGACGAATA,0
TTGGCCGCCTGCAAGA,0
TTGGCGGACGCAAATG,0
TTGGCTCGTGGGAAAC,0
TTGGCTTATATAATGT,0
TTGGGAAACAAAAAGA,0
TTGGGACTAGTGAAAC,0
TTGGGAGATAAATATT,0
TTGGGAGGTGTTTGAA,0
TTGGGATTAGGAAAAG,0
TTGGGCCATGGCAAGC,0
TTGGGCGAAAATGCTC,0
TTGGGCGTGCCGTCGG,0
TTGGGCTGAAAGAACT,0
TTGGGGAAGAAGCGAG,0
TTGGGTCCATAAAAAG,0
TTGGGTGTAATTAACC,0
TTGGTAAAACCTCAGA,0
TTGGTAAATTAGAGTT,0
TTGGTAACCGGACGTA,0
TTGGTAACCTATAAAT,0
TTGGTACCATGTTCGA,0
TTGGTAGAAGGTGTGG,0
TTGGTATATTCAAACT,0
TTGGTATTGCCTTGCG,0
TTGGTCACTGGCTGTC,0
TTGGTCCGTAACTAAT,0
TTGGTGAAAATAGCAA,0
TTGGTGAACATATACA,0
TTGGTTCCGAAAATAA,0
TTGTAAAACTATGTTT,0
TTGTAAAAGTCAACTT,0
TTGTAAAATACGCTTT,0
TTGTAAAATCAAATCG,0
TTGTAAATTGGACCCC,0
TTGTAAGCAAATTTAA,0
TTGTAATAAATAGTTA,0
TTGTACTTCACCAGGT,0
TTGTACTTTAACAGAA,0
TTGTAGACCGCCGTAT,0
TTGTAGCGAACCAACG,0
TTGTAGTATATGATCC,0
TTGTAGTTTACAAAGA,0
TTGTATATGCCTAACT,0
TTGTATGTTCCAAGAA,0
TTGTCAAAACATCCAC,0
TTGTCAACGACTAATA,0
TTGTCAACGCACAACA,0
TTGTCACTTGCCCCGT,0
TTGTCAGTAATTTTGA,0
TTGTCAGTACTCCGAA,0
TTGTCATGAAGATTCA,0
TTGTCATTCCTAGATA,0
TTGTCCATCCCGAAAA,0
TTGTCCATGCCCAATG,0
TTGTCCCAATCTCAAT,0
TTGTCCTTATCGCCAC,0
TTGTCTATAATGAAAA,0
TTGTCTATGCCAAAAA,0
TTGTCTGAATCAAAAG,0
TTGTGAAGCACCTACC,0
TTGTGCAACCCACTAA,0
TTGTGCCACATAAAAA,0
TTGTGCCACTATCTCC,0
TTGTGGAATCCCCCGA,0
TTGTGGATAATACTCG,0
TTGTGGATGAAGTAAA,0
TTGTGGATTGCTAGAA,0
TTGTGGGAGTCTATTA,0
TTGTGGTACTGCTAAA,0
TTGTGTCACCACCTTG,0
TTGTTAAAACGATAGG,0
TTGTTAAACGTTACCT,0
TTGTTAAATATAGCGA,0
TTGTTAAATCATTACT,0
TTGTTAATGAATATAC,0
TTGTTACGAGCCTTTC,0
TTGTTATAGAAATCTC,0
TTGTTATATGTTAAAG,0
TTGTTCACCCCCAACG,0
TTGTTCTAAGCCGACT,0
TTGTTGACGGAGGGGG,0
TTGTTGATGCGAGCAC,0
TTGTTGTGAATTTATA,0
TTGTTTGCTTAGCCAG,0
TTGTTTGGACCCTTGT,0
TTGTTTTTTAGCAATG,0
TTTAAAAAACATGTGA,0
TTTAAAAAATATGATA,0
TTTAAAAACGGAATCA,0
TTTAAAACAAGCAACG,0
TTTAAAACCAGAAAAA,0
TTTAAACCTAAGACGA,0
TTTAAACCTCGCCCAG,0
TTTAAACGAGGAATGG,0
TTTAAACTATGAGCTG,0
TTTAAACTCTAAACAT,0
TTTAAAGCTAAACATT,0
TTTAAAGTTCCTGGAC,0
TTTAAATACTTACAGA,0
TTTAAATATCCGATTT,0
TTTAAATATCTGTAAC,0
TTTAAATCGCTCGACT,0
TTTAAATTCCACTACA,0
TTTAAATTTGGATTCC,0
TTTAACAAATTTAAAA,0
TTTAACAACATTCACA,0
TTTAACAACTGTTAAA,0
TTTAACAAGTATAAGA,0
TTTAACATACACGTCA,0
TTTAACATTCTGAAGC,0
TTTAACCCGCAAACGT,0
TTTAACCTACAGAAGA,0
TTTAACGAAACCACAA,0
TTTAACTATCAGAACA,0
TTTAACTGCGATATAT,0
TTTAACTTTACAGAAG,0
TTTAAGACATGTTACG,0
TTTAAGATACGAGGGT,0
TTTAAGCCCGAGACAT,0
TTTAAGCCCTCTCATT,0
TTTAAGCTCTCACCGA,0
TTTAAGTGGCGCCTTT,0
TTTAATAAACGCTACA,0
TTTAATAAGCCAATTG,0
TTTAATAATAAAACCA,0
TTTAATATGCCAAGAT,0
TTTAATCCTCCCTCCG,0
TTTAATCGCCCCAAAA,0
TTTAATCTAACGCATG,0
TTTAATGAACCCGAAT,0
TTTAATGATTATAACA,0
TTTAATTAAGAACGTA,0
TTTAATTATAAATATA,0
TTTAATTGTAGTTATC,0
TTTACAAGCAGAAACA,0
TTTACACTTGCTATCA,0
TTTACAGCATAGCACA,0
TTTACATAAAGTTGAT,0
TTTACATCCTACCATC,0
TTTACATCGATAAGTA,0
TTTACATTAGGAAGCA,0
TTTACATTTGAAATGG,0
TTTACATTTGATAAAG,0
TTTACCAAAAAAACAC,0
TTTACCACTCTGCACT,0
TTTACCCCATAACCAA,0
TTTACCCGTAATAAAA,0
TTTACGACAATATTAG,0
TTTACGACACTTGATT,0
TTTACGATGCTTGAAC,0
TTTACGCAGTAACTTT,0
TTTACGCATAAAAAAA,0
TTTACGCCCAGCAGTA,0
TTTACGCTATCCAACG,0
TTTACTAAAGCAATTT,0
TTTACTAACTCCGTTA,0
TTTACTAAGCCCCATA,0
TTTACTACAGTTAAAT,0
TTTACTAGACTAGGCT,0
TTTACTCAAGATATCT,0
TTTACTCATTTAGGAC,0
TTTACTCCATGTGAAT,0
TTTACTGCGTGATCAC,0
TTTACTGCTGATTCTC,0
TTTACTGTAACTAGAC,0
TTTAGACATACGTGTA,0
TTTAGAGGCTCAAATA,0
TTTAGAGTTATGATCT,0
TTTAGATTGACTTGAG,0
TTTAGCCATTAGGCTA,0
TTTAGCCCAAAACCAA,0
TTTAGCCCCCAACAAC,0
TTTAGCCGACCTGTCA,0
TTTAGCTGCCGTACGA,0
TTTAGCTTCTAACTCG,0
TTTAGGAAGGTATACC,0
TTTAGGCTTTTTAACT,0
TTTAGTAAATTATCTT,0
TTTAGTAAGAGCAAAA,0
TTTAGTACATCCAAAT,0
TTTAGTACCCTCATAC,0
TTTAGTCATTTACCAA,0
TTTAGTTATGGTGTAC,0
TTTATAAACTGGTTAT,0
TTTATAAGTACAGCTC,0
TTTATAATAAACTTAA,0
TTTATAATAAGACAAC,0
TTTATACAGAAGCTGA,0
TTTATACCACAATTAT,0
TTTATACGTTAACACA,0
TTTATAGAAGATGGAA,0
TTTATAGTAATGCTGA,0
TTTATATGACAGAAAC,0
TTTATCAAGCACTGTA,0
TTTATCACATTTAGTT,0
TTTATCAGTGAAACCT,0
TTTATCATTCATTAAC,0
TTTATCCCGCATAACC,0
TTTATCCTGATAGCGG,0
TTTATGACCAATGGTA,0
TTTATGCCGAAAAAGT,0
TTTATGGCGCCATGCC,0
TTTATGTAAAACTGTT,0
TTTATGTAAATCCAAA,0
TTTATTACGCTTTTAA,0
TTTATTACTACATCGC,0
TTTATTACTGGATAAT,0
TTTATTCCAGCACCAG,0
TTTATTCGAAGACAAT,0
TTTATTGTAGTCAAGA,0
TTTATTTGTAAACCTA,0
TTTATTTTTCAAACTT,0
TTTCAAAAATAAAATA,0
TTTCAAAACACATTAG,0
TTTCAAAATGAGAATT,0
TTTCAAACCAGTGTAA,0
TTTCAAATCTTTAAAA,0
TTTCAACTAGAGAGAT,0
TTTCACATAATACTAA,0
TTTCACCCAAGAGAAC,0
TTTCACGAAGCATTAA,0
TTTCACGCTAAACTCG,0
TTTCACTGTCGATATG,0
TTTCAGGACCAAAGAT,0
TTTCAGTCTAAATAAC,0
TTTCATAGATTTTCTA,0
TTTCATCAAACCCTTG,0
TTTCATTTTGGCTACC,0
TTTCCAAACAGTAGCA,0
TTTCCAAGACCAACTA,0
TTTCCACTAAGGAGAA,0
TTTCCCAGAACTTGAC,0
TTTCCCCCCTTTAAGG,0
TTTCCCGTACAAGTAC,0
TTTCCCTATTCGCGAC,0
TTTCCGCGGATCCGAA,0
TTTCCTACGGACAGGA,0
TTTCCTTCGGGGGCGG,0
TTTCGAATAAAACTCA,0
TTTCGAATCCCGGATG,0
TTTCGATTCCAAGGCT,0
TTTCGCACGTTCCAAG,0
TTTCGCTTCTTATTAC,0
TTTCGGAAAAAGGAAA,0
TTTCGGGACATGAGAC,0
TTTCGTATGGGAACCG,0
TTTCGTCAATTATAAA,0
TTTCGTCACTATAGGA,0
TTTCGTTTCAGGCGTA,0
TTTCTAACCCGCCCTT,0
TTTCTACTTAGATAAC,0
TTTCTAGGAGACGCTA,0
TTTCTATGTATCATTC,0
TTTCTCTTAGAAGCAA,0
TTTCTGATAAACATAC,0
TTTCTGATACGAAGCT,0
TTTCTGATGATACGCT,0
TTTCTGATGGCGACTA,0
TTTCTGGACGAATACA,0
TTTCTGGAGGTTAACC,0
TTTCTTAAAAAGTGCA,0
TTTCTTAAACGATTTA,0
TTTCTTAGCTTGCAGA,0
TTTCTTCAATAGAAAG,0
TTTCTTTACCCAAAGG,0
TTTGAAACCATTTAAG,0
TTTGAAATTAACATAT,0
TTTGAACGCCTAGTCA,0
TTTGAACTAATAAAAA,0
TTTGAAGCCAGAGACT,0
TTTGAAGCTAAATAAG,0
TTTGAATATCCTCAAA,0
TTTGACAGTTTATGGG,0
TTTGACATAAACCTAT,0
TTTGACATGTAACTGC,0
TTTGACCGTCAATTAT,0
TTTGACTAGCTCTGTC,0
TTTGACTCTGTACACA,0
TTTGACTGATTGACTG,0
TTTGAGAATTAGGATA,0
TTTGAGCTAGGGAGGG,0
TTTGAGTAATTTTGGC,0
TTTGAGTTAAATTCAC,0
TTTGATAACAGGACTA,0
TTTGATAGCTCATTGA,0
TTTGATCAAAGGAATA,0
TTTGATCAACGGTCCA,0
TTTGATCAGGTACTGC,0
TTTGATCCGAACCAAC,0
TTTGATGTGAGTTCAT,0
TTTGATTCCCTCGGCG,0
TTTGCAAACGATATAC,0
TTTGCAAGGGAAGTCG,0
TTTGCACACTCCCCGA,0
TTTGCACAGCGTGCAC,0
TTTGCAGTAGGCTCTA,0
TTTGCCAACACCGTCA,0
TTTGCCTGAAGAATAT,0
TTTGCGCAGAAATTAT,0
TTTGCTTCTTGCATGA,0
TTTGCTTTGACCTGTT,0
TTTGGAAAAATGTGGC,0
TTTGGACCTAATCTGA,0
TTTGGAGACGAAACAC,0
TTTGGCAGCCTAGCGA,0
TTTGGCCACCGTCATT,0
TTTGGCCCGTACTTGC,0
TTTGGCTGTAGGCCCC,0
TTTGGGGTGTTAAAAC,0
TTTGGTGAGACACACA,0
TTTGGTGCCTCTAAAC,0
TTTGTAAACAAATGAA,0
TTTGTAACCCCTACAG,0
TTTGTAACTCTTTAAT,0
TTTGTATATATAATCC,0
TTTGTATGCGCATTGT,0
TTTGTATTGCAGTTGC,0
TTTGTCCAAATTGATC,0
TTTGTCCCCAGGATAT,0
TTTGTCCGAGCCACCA,0
TTTGTCCTAAACTGTA,0
TTTGTGAGCTACAGTG,0
TTTGTGATCAAGTAAG,0
TTTGTGCACATTTGCC,0
TTTGTGTACCATTAGC,0
TTTGTTAACAGGGAAG,0
TTTGTTACAAAAAGCA,0
TTTGTTCGGAATTCTA,0
TTTGTTGAAAGATAAA,0
TTTGTTGCGAGCGTTG,0
TTTGTTGCTCAAACTA,0
TTTGTTTAACTGATAC,0
TTTTAAAACTTAGTCC,0
TTTTAAAACTTGACGA,0
TTTTAAACCCCCAGGT,0
TTTTAAACCGAATTAC,0
TTTTAACCGAGGTGGA,0
TTTTAACGAATTGGGA,0
TTTTAAGGGTTTATTA,0
TTTTAATAGACCTCAA,0
TTTTAATTACTAGTAC,0
TTTTACAATTACATAT,0
TTTTACACGACAGCCT,0
TTTTACCCACGGACCA,0
TTTTACCTTGTAGCGA,0
TTTTACGAAAATCTAC,0
TTTTACGCTCTTCATT,0
TTTTAGAGTCCCAAAG,0
TTTTAGATGATGGCGA,0
TTTTAGCAGATAGGAA,0
TTTTAGCGATAGACTC,0
TTTTAGTTTAGTATAG,0
TTTTATATAATTGATT,0
TTTTATCAGATACGTC,0
TTTTATCTATACAATA,0
TTTTATCTCATAGGGA,0
TTTTATGATACCTAGT,0
TTTTATTCTACCTAAC,0
TTTTCAACAAGATATC,0
TTTTCAATAAGTACAC,0
TTTTCAGAGGCATAAT,0
TTTTCAGCTCCTACTA,0
TTTTCAGCTTGGCTGT,0
TTTTCAGGTCATTCTT,0
TTTTCAGTACCCATTG,0
TTTTCCAGTGGTTAGT,0
TTTTCGAATCGGATAC,0
TTTTCGATATACCACG,0
TTTTCGGCACCAGATA,0
TTTTCTCCTTTACATA,0
TTTTCTGACTAAGGAT,0
TTTTCTTCTTAGTAAT,0
TTTTCTTGGATAATTT,0
TTTTGAATATAAAATG,0
TTTTGAGATTCATTTA,0
TTTTGAGCGATTTCAG,0
TTTTGATTCCACTTTG,0
TTTTGGAAATAAGCGA,0
TTTTGGACGAGATTGA,0
TTTTGTAAGTTTTATT,0
TTTTGTACGTAATGGT,0
TTTTGTAGCAAAAGCT,0
TTTTGTATGGAATGTA,0
TTTTGTCATACATTAG,0
TTTTGTCCACATTCAA,0
TTTTGTCCCAGAAAAC,0
TTTTGTCGCTAGTCCA,0
TTTTGTCTAAATATAG,0
TTTTGTTCCTCCTTGT,0
TTTTTACCAGTTACTA,0
TTTTTACTCACAGGCT,0
TTTTTAGAACCAAAAC,0
TTTTTAGACAATGACC,0
TTTTTAGGAAGTCGAC,0
TTTTTAGTCGCTTGTT,0
TTTTTATATACTTAAA,0
TTTTTATGAACAACAG,0
TTTTTCCCAGCAACAG,0
TTTTTCCGAACGAACA,0
TTTTTCCGTCAAATTC,0
TTTTTCGCGTTGCCGT,0
TTTTTCGGGGTACTAC,0
TTTTTGATATAAGAAC,0
TTTTTGCAATTTTCTA,0
TTTTTGGGAGAGGACA,0
TTTTTGGGTCACAAAC,0
TTTTTTAATTAGAGAC,0
TTTTTTATAAAAAGAA,0
TTTTTTATGCGTAGCA,0
TTTTTTATTTTCATCT,0
TTTTTTGACTTAGCAA,0
TTTTTTTCAGTATAAA,0
TTTTTTTTAGAAAGCG,0
